,date_time,irradiance,generated_energy,city,metry_meter_id
0,2019-05-01 00:00:00+00:00,0.0,,uppsala,5f9fe38afd517828962fde29
1,2019-05-01 01:00:00+00:00,0.0,,uppsala,5f9fe38afd517828962fde29
2,2019-05-01 02:00:00+00:00,0.0,,uppsala,5f9fe38afd517828962fde29
3,2019-05-01 03:00:00+00:00,0.0,,uppsala,5f9fe38afd517828962fde29
4,2019-05-01 04:00:00+00:00,0.0,,uppsala,5f9fe38afd517828962fde29
5,2019-05-01 05:00:00+00:00,21.0,,uppsala,5f9fe38afd517828962fde29
6,2019-05-01 06:00:00+00:00,0.4,,uppsala,5f9fe38afd517828962fde29
7,2019-05-01 07:00:00+00:00,82.5,,uppsala,5f9fe38afd517828962fde29
8,2019-05-01 08:00:00+00:00,23.5,,uppsala,5f9fe38afd517828962fde29
9,2019-05-01 09:00:00+00:00,27.6,,uppsala,5f9fe38afd517828962fde29
10,2019-05-01 10:00:00+00:00,7.1,,uppsala,5f9fe38afd517828962fde29
11,2019-05-01 11:00:00+00:00,7.4,,uppsala,5f9fe38afd517828962fde29
12,2019-05-01 12:00:00+00:00,25.9,,uppsala,5f9fe38afd517828962fde29
13,2019-05-01 13:00:00+00:00,6.8,,uppsala,5f9fe38afd517828962fde29
14,2019-05-01 14:00:00+00:00,5.4,,uppsala,5f9fe38afd517828962fde29
15,2019-05-01 15:00:00+00:00,50.6,,uppsala,5f9fe38afd517828962fde29
16,2019-05-01 16:00:00+00:00,2.5,,uppsala,5f9fe38afd517828962fde29
17,2019-05-01 17:00:00+00:00,0.0,,uppsala,5f9fe38afd517828962fde29
18,2019-05-01 18:00:00+00:00,0.6000000000000001,,uppsala,5f9fe38afd517828962fde29
19,2019-05-01 19:00:00+00:00,0.0,,uppsala,5f9fe38afd517828962fde29
20,2019-05-01 20:00:00+00:00,0.0,,uppsala,5f9fe38afd517828962fde29
21,2019-05-01 21:00:00+00:00,0.0,,uppsala,5f9fe38afd517828962fde29
22,2019-05-01 22:00:00+00:00,0.0,,uppsala,5f9fe38afd517828962fde29
23,2019-05-01 23:00:00+00:00,0.0,,uppsala,5f9fe38afd517828962fde29
24,2019-05-02 00:00:00+00:00,0.0,,uppsala,5f9fe38afd517828962fde29
25,2019-05-02 01:00:00+00:00,0.0,,uppsala,5f9fe38afd517828962fde29
26,2019-05-02 02:00:00+00:00,0.0,,uppsala,5f9fe38afd517828962fde29
27,2019-05-02 03:00:00+00:00,0.0,,uppsala,5f9fe38afd517828962fde29
28,2019-05-02 04:00:00+00:00,0.0,,uppsala,5f9fe38afd517828962fde29
29,2019-05-02 05:00:00+00:00,20.1,,uppsala,5f9fe38afd517828962fde29
30,2019-05-02 06:00:00+00:00,38.1,,uppsala,5f9fe38afd517828962fde29
31,2019-05-02 07:00:00+00:00,13.7,,uppsala,5f9fe38afd517828962fde29
32,2019-05-02 08:00:00+00:00,21.3,,uppsala,5f9fe38afd517828962fde29
33,2019-05-02 09:00:00+00:00,34.2,,uppsala,5f9fe38afd517828962fde29
34,2019-05-02 10:00:00+00:00,17.6,,uppsala,5f9fe38afd517828962fde29
35,2019-05-02 11:00:00+00:00,31.2,,uppsala,5f9fe38afd517828962fde29
36,2019-05-02 12:00:00+00:00,16.9,,uppsala,5f9fe38afd517828962fde29
37,2019-05-02 13:00:00+00:00,79.2,,uppsala,5f9fe38afd517828962fde29
38,2019-05-02 14:00:00+00:00,66.9,,uppsala,5f9fe38afd517828962fde29
39,2019-05-02 15:00:00+00:00,8.1,,uppsala,5f9fe38afd517828962fde29
40,2019-05-02 16:00:00+00:00,3.6,,uppsala,5f9fe38afd517828962fde29
41,2019-05-02 17:00:00+00:00,12.1,,uppsala,5f9fe38afd517828962fde29
42,2019-05-02 18:00:00+00:00,0.0,,uppsala,5f9fe38afd517828962fde29
43,2019-05-02 19:00:00+00:00,0.0,,uppsala,5f9fe38afd517828962fde29
44,2019-05-02 20:00:00+00:00,0.0,,uppsala,5f9fe38afd517828962fde29
45,2019-05-02 21:00:00+00:00,0.0,,uppsala,5f9fe38afd517828962fde29
46,2019-05-02 22:00:00+00:00,0.0,,uppsala,5f9fe38afd517828962fde29
47,2019-05-02 23:00:00+00:00,0.0,,uppsala,5f9fe38afd517828962fde29
48,2019-05-03 00:00:00+00:00,0.0,,uppsala,5f9fe38afd517828962fde29
49,2019-05-03 01:00:00+00:00,0.0,,uppsala,5f9fe38afd517828962fde29
50,2019-05-03 02:00:00+00:00,0.0,,uppsala,5f9fe38afd517828962fde29
51,2019-05-03 03:00:00+00:00,0.0,,uppsala,5f9fe38afd517828962fde29
52,2019-05-03 04:00:00+00:00,9.1,,uppsala,5f9fe38afd517828962fde29
53,2019-05-03 05:00:00+00:00,3.6,,uppsala,5f9fe38afd517828962fde29
54,2019-05-03 06:00:00+00:00,349.6,,uppsala,5f9fe38afd517828962fde29
55,2019-05-03 07:00:00+00:00,219.8,,uppsala,5f9fe38afd517828962fde29
56,2019-05-03 08:00:00+00:00,378.7,,uppsala,5f9fe38afd517828962fde29
57,2019-05-03 09:00:00+00:00,419.1,,uppsala,5f9fe38afd517828962fde29
58,2019-05-03 10:00:00+00:00,29.9,,uppsala,5f9fe38afd517828962fde29
59,2019-05-03 11:00:00+00:00,26.3,,uppsala,5f9fe38afd517828962fde29
60,2019-05-03 12:00:00+00:00,160.7,,uppsala,5f9fe38afd517828962fde29
61,2019-05-03 13:00:00+00:00,12.5,,uppsala,5f9fe38afd517828962fde29
62,2019-05-03 14:00:00+00:00,899.3,,uppsala,5f9fe38afd517828962fde29
63,2019-05-03 15:00:00+00:00,591.4,,uppsala,5f9fe38afd517828962fde29
64,2019-05-03 16:00:00+00:00,376.7,,uppsala,5f9fe38afd517828962fde29
65,2019-05-03 17:00:00+00:00,18.7,,uppsala,5f9fe38afd517828962fde29
66,2019-05-03 18:00:00+00:00,0.0,,uppsala,5f9fe38afd517828962fde29
67,2019-05-03 19:00:00+00:00,0.0,,uppsala,5f9fe38afd517828962fde29
68,2019-05-03 20:00:00+00:00,0.0,,uppsala,5f9fe38afd517828962fde29
69,2019-05-03 21:00:00+00:00,0.0,,uppsala,5f9fe38afd517828962fde29
70,2019-05-03 22:00:00+00:00,0.0,,uppsala,5f9fe38afd517828962fde29
71,2019-05-03 23:00:00+00:00,0.0,,uppsala,5f9fe38afd517828962fde29
72,2019-05-04 00:00:00+00:00,0.0,,uppsala,5f9fe38afd517828962fde29
73,2019-05-04 01:00:00+00:00,0.0,,uppsala,5f9fe38afd517828962fde29
74,2019-05-04 02:00:00+00:00,0.0,,uppsala,5f9fe38afd517828962fde29
75,2019-05-04 03:00:00+00:00,13.6,,uppsala,5f9fe38afd517828962fde29
76,2019-05-04 04:00:00+00:00,296.5,,uppsala,5f9fe38afd517828962fde29
77,2019-05-04 05:00:00+00:00,585.6,,uppsala,5f9fe38afd517828962fde29
78,2019-05-04 06:00:00+00:00,381.9,,uppsala,5f9fe38afd517828962fde29
79,2019-05-04 07:00:00+00:00,348.2,,uppsala,5f9fe38afd517828962fde29
80,2019-05-04 08:00:00+00:00,285.1,,uppsala,5f9fe38afd517828962fde29
81,2019-05-04 09:00:00+00:00,304.3,,uppsala,5f9fe38afd517828962fde29
82,2019-05-04 10:00:00+00:00,81.5,,uppsala,5f9fe38afd517828962fde29
83,2019-05-04 11:00:00+00:00,45.7,,uppsala,5f9fe38afd517828962fde29
84,2019-05-04 12:00:00+00:00,53.6,,uppsala,5f9fe38afd517828962fde29
85,2019-05-04 13:00:00+00:00,20.2,,uppsala,5f9fe38afd517828962fde29
86,2019-05-04 14:00:00+00:00,7.6,,uppsala,5f9fe38afd517828962fde29
87,2019-05-04 15:00:00+00:00,122.8,,uppsala,5f9fe38afd517828962fde29
88,2019-05-04 16:00:00+00:00,388.8,,uppsala,5f9fe38afd517828962fde29
89,2019-05-04 17:00:00+00:00,478.9,,uppsala,5f9fe38afd517828962fde29
90,2019-05-04 18:00:00+00:00,279.6,,uppsala,5f9fe38afd517828962fde29
91,2019-05-04 19:00:00+00:00,0.0,,uppsala,5f9fe38afd517828962fde29
92,2019-05-04 20:00:00+00:00,0.0,,uppsala,5f9fe38afd517828962fde29
93,2019-05-04 21:00:00+00:00,0.0,,uppsala,5f9fe38afd517828962fde29
94,2019-05-04 22:00:00+00:00,0.0,,uppsala,5f9fe38afd517828962fde29
95,2019-05-04 23:00:00+00:00,0.0,,uppsala,5f9fe38afd517828962fde29
96,2019-05-05 00:00:00+00:00,0.0,,uppsala,5f9fe38afd517828962fde29
97,2019-05-05 01:00:00+00:00,0.0,,uppsala,5f9fe38afd517828962fde29
98,2019-05-05 02:00:00+00:00,0.0,,uppsala,5f9fe38afd517828962fde29
99,2019-05-05 03:00:00+00:00,24.6,,uppsala,5f9fe38afd517828962fde29
100,2019-05-05 04:00:00+00:00,0.0,,uppsala,5f9fe38afd517828962fde29
101,2019-05-05 05:00:00+00:00,675.3,,uppsala,5f9fe38afd517828962fde29
102,2019-05-05 06:00:00+00:00,788.2,,uppsala,5f9fe38afd517828962fde29
103,2019-05-05 07:00:00+00:00,859.1,,uppsala,5f9fe38afd517828962fde29
104,2019-05-05 08:00:00+00:00,911.3,,uppsala,5f9fe38afd517828962fde29
105,2019-05-05 09:00:00+00:00,907.0,,uppsala,5f9fe38afd517828962fde29
106,2019-05-05 10:00:00+00:00,43.2,,uppsala,5f9fe38afd517828962fde29
107,2019-05-05 11:00:00+00:00,27.9,,uppsala,5f9fe38afd517828962fde29
108,2019-05-05 12:00:00+00:00,134.8,,uppsala,5f9fe38afd517828962fde29
109,2019-05-05 13:00:00+00:00,237.1,,uppsala,5f9fe38afd517828962fde29
110,2019-05-05 14:00:00+00:00,132.4,,uppsala,5f9fe38afd517828962fde29
111,2019-05-05 15:00:00+00:00,6.0,,uppsala,5f9fe38afd517828962fde29
112,2019-05-05 16:00:00+00:00,254.2,,uppsala,5f9fe38afd517828962fde29
113,2019-05-05 17:00:00+00:00,50.1,,uppsala,5f9fe38afd517828962fde29
114,2019-05-05 18:00:00+00:00,6.9,,uppsala,5f9fe38afd517828962fde29
115,2019-05-05 19:00:00+00:00,0.0,,uppsala,5f9fe38afd517828962fde29
116,2019-05-05 20:00:00+00:00,0.0,,uppsala,5f9fe38afd517828962fde29
117,2019-05-05 21:00:00+00:00,0.0,,uppsala,5f9fe38afd517828962fde29
118,2019-05-05 22:00:00+00:00,0.0,,uppsala,5f9fe38afd517828962fde29
119,2019-05-05 23:00:00+00:00,0.0,,uppsala,5f9fe38afd517828962fde29
120,2019-05-06 00:00:00+00:00,0.0,,uppsala,5f9fe38afd517828962fde29
121,2019-05-06 01:00:00+00:00,0.0,,uppsala,5f9fe38afd517828962fde29
122,2019-05-06 02:00:00+00:00,0.0,,uppsala,5f9fe38afd517828962fde29
123,2019-05-06 03:00:00+00:00,22.0,,uppsala,5f9fe38afd517828962fde29
124,2019-05-06 04:00:00+00:00,328.0,,uppsala,5f9fe38afd517828962fde29
125,2019-05-06 05:00:00+00:00,526.1,,uppsala,5f9fe38afd517828962fde29
126,2019-05-06 06:00:00+00:00,726.4,,uppsala,5f9fe38afd517828962fde29
127,2019-05-06 07:00:00+00:00,469.5,,uppsala,5f9fe38afd517828962fde29
128,2019-05-06 08:00:00+00:00,268.8,,uppsala,5f9fe38afd517828962fde29
129,2019-05-06 09:00:00+00:00,76.5,,uppsala,5f9fe38afd517828962fde29
130,2019-05-06 10:00:00+00:00,149.8,,uppsala,5f9fe38afd517828962fde29
131,2019-05-06 11:00:00+00:00,11.7,,uppsala,5f9fe38afd517828962fde29
132,2019-05-06 12:00:00+00:00,868.8,,uppsala,5f9fe38afd517828962fde29
133,2019-05-06 13:00:00+00:00,11.1,,uppsala,5f9fe38afd517828962fde29
134,2019-05-06 14:00:00+00:00,553.9,,uppsala,5f9fe38afd517828962fde29
135,2019-05-06 15:00:00+00:00,227.1,,uppsala,5f9fe38afd517828962fde29
136,2019-05-06 16:00:00+00:00,12.6,,uppsala,5f9fe38afd517828962fde29
137,2019-05-06 17:00:00+00:00,0.0,,uppsala,5f9fe38afd517828962fde29
138,2019-05-06 18:00:00+00:00,60.2,,uppsala,5f9fe38afd517828962fde29
139,2019-05-06 19:00:00+00:00,0.0,,uppsala,5f9fe38afd517828962fde29
140,2019-05-06 20:00:00+00:00,0.0,,uppsala,5f9fe38afd517828962fde29
141,2019-05-06 21:00:00+00:00,0.0,,uppsala,5f9fe38afd517828962fde29
142,2019-05-06 22:00:00+00:00,0.0,,uppsala,5f9fe38afd517828962fde29
143,2019-05-06 23:00:00+00:00,0.0,,uppsala,5f9fe38afd517828962fde29
144,2019-05-07 00:00:00+00:00,0.0,,uppsala,5f9fe38afd517828962fde29
145,2019-05-07 01:00:00+00:00,0.0,,uppsala,5f9fe38afd517828962fde29
146,2019-05-07 02:00:00+00:00,0.0,,uppsala,5f9fe38afd517828962fde29
147,2019-05-07 03:00:00+00:00,0.0,,uppsala,5f9fe38afd517828962fde29
148,2019-05-07 04:00:00+00:00,0.0,,uppsala,5f9fe38afd517828962fde29
149,2019-05-07 05:00:00+00:00,71.1,,uppsala,5f9fe38afd517828962fde29
150,2019-05-07 06:00:00+00:00,6.0,,uppsala,5f9fe38afd517828962fde29
151,2019-05-07 07:00:00+00:00,8.4,,uppsala,5f9fe38afd517828962fde29
152,2019-05-07 08:00:00+00:00,131.3,,uppsala,5f9fe38afd517828962fde29
153,2019-05-07 09:00:00+00:00,54.8,,uppsala,5f9fe38afd517828962fde29
154,2019-05-07 10:00:00+00:00,450.0,,uppsala,5f9fe38afd517828962fde29
155,2019-05-07 11:00:00+00:00,73.0,,uppsala,5f9fe38afd517828962fde29
156,2019-05-07 12:00:00+00:00,552.0,,uppsala,5f9fe38afd517828962fde29
157,2019-05-07 13:00:00+00:00,85.4,,uppsala,5f9fe38afd517828962fde29
158,2019-05-07 14:00:00+00:00,274.4,,uppsala,5f9fe38afd517828962fde29
159,2019-05-07 15:00:00+00:00,103.9,,uppsala,5f9fe38afd517828962fde29
160,2019-05-07 16:00:00+00:00,280.3,,uppsala,5f9fe38afd517828962fde29
161,2019-05-07 17:00:00+00:00,548.8,,uppsala,5f9fe38afd517828962fde29
162,2019-05-07 18:00:00+00:00,220.5,,uppsala,5f9fe38afd517828962fde29
163,2019-05-07 19:00:00+00:00,0.0,,uppsala,5f9fe38afd517828962fde29
164,2019-05-07 20:00:00+00:00,0.0,,uppsala,5f9fe38afd517828962fde29
165,2019-05-07 21:00:00+00:00,0.0,,uppsala,5f9fe38afd517828962fde29
166,2019-05-07 22:00:00+00:00,0.0,,uppsala,5f9fe38afd517828962fde29
167,2019-05-07 23:00:00+00:00,0.0,,uppsala,5f9fe38afd517828962fde29
168,2019-05-08 00:00:00+00:00,0.0,,uppsala,5f9fe38afd517828962fde29
169,2019-05-08 01:00:00+00:00,0.0,,uppsala,5f9fe38afd517828962fde29
170,2019-05-08 02:00:00+00:00,0.0,,uppsala,5f9fe38afd517828962fde29
171,2019-05-08 03:00:00+00:00,155.2,,uppsala,5f9fe38afd517828962fde29
172,2019-05-08 04:00:00+00:00,498.8,,uppsala,5f9fe38afd517828962fde29
173,2019-05-08 05:00:00+00:00,681.3,,uppsala,5f9fe38afd517828962fde29
174,2019-05-08 06:00:00+00:00,780.5,,uppsala,5f9fe38afd517828962fde29
175,2019-05-08 07:00:00+00:00,670.6,,uppsala,5f9fe38afd517828962fde29
176,2019-05-08 08:00:00+00:00,166.1,,uppsala,5f9fe38afd517828962fde29
177,2019-05-08 09:00:00+00:00,512.0,,uppsala,5f9fe38afd517828962fde29
178,2019-05-08 10:00:00+00:00,171.2,,uppsala,5f9fe38afd517828962fde29
179,2019-05-08 11:00:00+00:00,323.9,,uppsala,5f9fe38afd517828962fde29
180,2019-05-08 12:00:00+00:00,803.6,,uppsala,5f9fe38afd517828962fde29
181,2019-05-08 13:00:00+00:00,537.8,,uppsala,5f9fe38afd517828962fde29
182,2019-05-08 14:00:00+00:00,135.5,,uppsala,5f9fe38afd517828962fde29
183,2019-05-08 15:00:00+00:00,109.2,,uppsala,5f9fe38afd517828962fde29
184,2019-05-08 16:00:00+00:00,122.8,,uppsala,5f9fe38afd517828962fde29
185,2019-05-08 17:00:00+00:00,151.8,,uppsala,5f9fe38afd517828962fde29
186,2019-05-08 18:00:00+00:00,0.0,,uppsala,5f9fe38afd517828962fde29
187,2019-05-08 19:00:00+00:00,0.0,,uppsala,5f9fe38afd517828962fde29
188,2019-05-08 20:00:00+00:00,0.0,,uppsala,5f9fe38afd517828962fde29
189,2019-05-08 21:00:00+00:00,0.0,,uppsala,5f9fe38afd517828962fde29
190,2019-05-08 22:00:00+00:00,0.0,,uppsala,5f9fe38afd517828962fde29
191,2019-05-08 23:00:00+00:00,0.0,,uppsala,5f9fe38afd517828962fde29
192,2019-05-09 00:00:00+00:00,0.0,,uppsala,5f9fe38afd517828962fde29
193,2019-05-09 01:00:00+00:00,0.0,,uppsala,5f9fe38afd517828962fde29
194,2019-05-09 02:00:00+00:00,0.0,,uppsala,5f9fe38afd517828962fde29
195,2019-05-09 03:00:00+00:00,0.0,,uppsala,5f9fe38afd517828962fde29
196,2019-05-09 04:00:00+00:00,59.8,,uppsala,5f9fe38afd517828962fde29
197,2019-05-09 05:00:00+00:00,0.6000000000000001,,uppsala,5f9fe38afd517828962fde29
198,2019-05-09 06:00:00+00:00,4.1,,uppsala,5f9fe38afd517828962fde29
199,2019-05-09 07:00:00+00:00,146.1,,uppsala,5f9fe38afd517828962fde29
200,2019-05-09 08:00:00+00:00,46.0,,uppsala,5f9fe38afd517828962fde29
201,2019-05-09 09:00:00+00:00,27.8,,uppsala,5f9fe38afd517828962fde29
202,2019-05-09 10:00:00+00:00,15.6,,uppsala,5f9fe38afd517828962fde29
203,2019-05-09 11:00:00+00:00,102.2,,uppsala,5f9fe38afd517828962fde29
204,2019-05-09 12:00:00+00:00,17.8,,uppsala,5f9fe38afd517828962fde29
205,2019-05-09 13:00:00+00:00,12.8,,uppsala,5f9fe38afd517828962fde29
206,2019-05-09 14:00:00+00:00,627.8,,uppsala,5f9fe38afd517828962fde29
207,2019-05-09 15:00:00+00:00,321.9,,uppsala,5f9fe38afd517828962fde29
208,2019-05-09 16:00:00+00:00,115.3,,uppsala,5f9fe38afd517828962fde29
209,2019-05-09 17:00:00+00:00,212.6,,uppsala,5f9fe38afd517828962fde29
210,2019-05-09 18:00:00+00:00,0.0,,uppsala,5f9fe38afd517828962fde29
211,2019-05-09 19:00:00+00:00,0.0,,uppsala,5f9fe38afd517828962fde29
212,2019-05-09 20:00:00+00:00,0.0,,uppsala,5f9fe38afd517828962fde29
213,2019-05-09 21:00:00+00:00,0.0,,uppsala,5f9fe38afd517828962fde29
214,2019-05-09 22:00:00+00:00,0.0,,uppsala,5f9fe38afd517828962fde29
215,2019-05-09 23:00:00+00:00,0.0,,uppsala,5f9fe38afd517828962fde29
216,2019-05-10 00:00:00+00:00,0.0,,uppsala,5f9fe38afd517828962fde29
217,2019-05-10 01:00:00+00:00,0.0,,uppsala,5f9fe38afd517828962fde29
218,2019-05-10 02:00:00+00:00,0.0,,uppsala,5f9fe38afd517828962fde29
219,2019-05-10 03:00:00+00:00,0.0,,uppsala,5f9fe38afd517828962fde29
220,2019-05-10 04:00:00+00:00,0.0,,uppsala,5f9fe38afd517828962fde29
221,2019-05-10 05:00:00+00:00,0.9,,uppsala,5f9fe38afd517828962fde29
222,2019-05-10 06:00:00+00:00,104.2,,uppsala,5f9fe38afd517828962fde29
223,2019-05-10 07:00:00+00:00,26.7,,uppsala,5f9fe38afd517828962fde29
224,2019-05-10 08:00:00+00:00,427.1,,uppsala,5f9fe38afd517828962fde29
225,2019-05-10 09:00:00+00:00,498.3,,uppsala,5f9fe38afd517828962fde29
226,2019-05-10 10:00:00+00:00,12.6,,uppsala,5f9fe38afd517828962fde29
227,2019-05-10 11:00:00+00:00,8.9,,uppsala,5f9fe38afd517828962fde29
228,2019-05-10 12:00:00+00:00,23.8,,uppsala,5f9fe38afd517828962fde29
229,2019-05-10 13:00:00+00:00,34.8,,uppsala,5f9fe38afd517828962fde29
230,2019-05-10 14:00:00+00:00,10.6,,uppsala,5f9fe38afd517828962fde29
231,2019-05-10 15:00:00+00:00,5.0,,uppsala,5f9fe38afd517828962fde29
232,2019-05-10 16:00:00+00:00,6.8,,uppsala,5f9fe38afd517828962fde29
233,2019-05-10 17:00:00+00:00,16.1,,uppsala,5f9fe38afd517828962fde29
234,2019-05-10 18:00:00+00:00,30.1,,uppsala,5f9fe38afd517828962fde29
235,2019-05-10 19:00:00+00:00,0.0,,uppsala,5f9fe38afd517828962fde29
236,2019-05-10 20:00:00+00:00,0.0,,uppsala,5f9fe38afd517828962fde29
237,2019-05-10 21:00:00+00:00,0.0,,uppsala,5f9fe38afd517828962fde29
238,2019-05-10 22:00:00+00:00,0.0,,uppsala,5f9fe38afd517828962fde29
239,2019-05-10 23:00:00+00:00,0.0,,uppsala,5f9fe38afd517828962fde29
240,2019-05-11 00:00:00+00:00,0.0,,uppsala,5f9fe38afd517828962fde29
241,2019-05-11 01:00:00+00:00,0.0,,uppsala,5f9fe38afd517828962fde29
242,2019-05-11 02:00:00+00:00,0.0,,uppsala,5f9fe38afd517828962fde29
243,2019-05-11 03:00:00+00:00,0.0,,uppsala,5f9fe38afd517828962fde29
244,2019-05-11 04:00:00+00:00,0.2,,uppsala,5f9fe38afd517828962fde29
245,2019-05-11 05:00:00+00:00,6.8,,uppsala,5f9fe38afd517828962fde29
246,2019-05-11 06:00:00+00:00,3.3,,uppsala,5f9fe38afd517828962fde29
247,2019-05-11 07:00:00+00:00,13.2,,uppsala,5f9fe38afd517828962fde29
248,2019-05-11 08:00:00+00:00,196.3,,uppsala,5f9fe38afd517828962fde29
249,2019-05-11 09:00:00+00:00,109.1,,uppsala,5f9fe38afd517828962fde29
250,2019-05-11 10:00:00+00:00,652.6,,uppsala,5f9fe38afd517828962fde29
251,2019-05-11 11:00:00+00:00,707.0,,uppsala,5f9fe38afd517828962fde29
252,2019-05-11 12:00:00+00:00,383.2,,uppsala,5f9fe38afd517828962fde29
253,2019-05-11 13:00:00+00:00,20.1,,uppsala,5f9fe38afd517828962fde29
254,2019-05-11 14:00:00+00:00,14.8,,uppsala,5f9fe38afd517828962fde29
255,2019-05-11 15:00:00+00:00,4.9,,uppsala,5f9fe38afd517828962fde29
256,2019-05-11 16:00:00+00:00,2.1,,uppsala,5f9fe38afd517828962fde29
257,2019-05-11 17:00:00+00:00,11.3,,uppsala,5f9fe38afd517828962fde29
258,2019-05-11 18:00:00+00:00,0.0,,uppsala,5f9fe38afd517828962fde29
259,2019-05-11 19:00:00+00:00,0.0,,uppsala,5f9fe38afd517828962fde29
260,2019-05-11 20:00:00+00:00,0.0,,uppsala,5f9fe38afd517828962fde29
261,2019-05-11 21:00:00+00:00,0.0,,uppsala,5f9fe38afd517828962fde29
262,2019-05-11 22:00:00+00:00,0.0,,uppsala,5f9fe38afd517828962fde29
263,2019-05-11 23:00:00+00:00,0.0,,uppsala,5f9fe38afd517828962fde29
264,2019-05-12 00:00:00+00:00,0.0,,uppsala,5f9fe38afd517828962fde29
265,2019-05-12 01:00:00+00:00,0.0,,uppsala,5f9fe38afd517828962fde29
266,2019-05-12 02:00:00+00:00,0.0,,uppsala,5f9fe38afd517828962fde29
267,2019-05-12 03:00:00+00:00,0.0,,uppsala,5f9fe38afd517828962fde29
268,2019-05-12 04:00:00+00:00,68.8,,uppsala,5f9fe38afd517828962fde29
269,2019-05-12 05:00:00+00:00,18.3,,uppsala,5f9fe38afd517828962fde29
270,2019-05-12 06:00:00+00:00,5.7,,uppsala,5f9fe38afd517828962fde29
271,2019-05-12 07:00:00+00:00,11.8,,uppsala,5f9fe38afd517828962fde29
272,2019-05-12 08:00:00+00:00,20.6,,uppsala,5f9fe38afd517828962fde29
273,2019-05-12 09:00:00+00:00,42.1,,uppsala,5f9fe38afd517828962fde29
274,2019-05-12 10:00:00+00:00,29.5,,uppsala,5f9fe38afd517828962fde29
275,2019-05-12 11:00:00+00:00,11.3,,uppsala,5f9fe38afd517828962fde29
276,2019-05-12 12:00:00+00:00,13.0,,uppsala,5f9fe38afd517828962fde29
277,2019-05-12 13:00:00+00:00,27.5,,uppsala,5f9fe38afd517828962fde29
278,2019-05-12 14:00:00+00:00,596.3,,uppsala,5f9fe38afd517828962fde29
279,2019-05-12 15:00:00+00:00,4.7,,uppsala,5f9fe38afd517828962fde29
280,2019-05-12 16:00:00+00:00,15.5,,uppsala,5f9fe38afd517828962fde29
281,2019-05-12 17:00:00+00:00,0.0,,uppsala,5f9fe38afd517828962fde29
282,2019-05-12 18:00:00+00:00,0.0,,uppsala,5f9fe38afd517828962fde29
283,2019-05-12 19:00:00+00:00,0.0,,uppsala,5f9fe38afd517828962fde29
284,2019-05-12 20:00:00+00:00,0.0,,uppsala,5f9fe38afd517828962fde29
285,2019-05-12 21:00:00+00:00,0.0,,uppsala,5f9fe38afd517828962fde29
286,2019-05-12 22:00:00+00:00,0.0,,uppsala,5f9fe38afd517828962fde29
287,2019-05-12 23:00:00+00:00,0.0,,uppsala,5f9fe38afd517828962fde29
288,2019-05-13 00:00:00+00:00,0.0,,uppsala,5f9fe38afd517828962fde29
289,2019-05-13 01:00:00+00:00,0.0,,uppsala,5f9fe38afd517828962fde29
290,2019-05-13 02:00:00+00:00,0.0,,uppsala,5f9fe38afd517828962fde29
291,2019-05-13 03:00:00+00:00,0.0,,uppsala,5f9fe38afd517828962fde29
292,2019-05-13 04:00:00+00:00,135.0,,uppsala,5f9fe38afd517828962fde29
293,2019-05-13 05:00:00+00:00,390.6,,uppsala,5f9fe38afd517828962fde29
294,2019-05-13 06:00:00+00:00,5.8,,uppsala,5f9fe38afd517828962fde29
295,2019-05-13 07:00:00+00:00,33.9,,uppsala,5f9fe38afd517828962fde29
296,2019-05-13 08:00:00+00:00,16.3,,uppsala,5f9fe38afd517828962fde29
297,2019-05-13 09:00:00+00:00,871.6,,uppsala,5f9fe38afd517828962fde29
298,2019-05-13 10:00:00+00:00,450.4,,uppsala,5f9fe38afd517828962fde29
299,2019-05-13 11:00:00+00:00,575.2,,uppsala,5f9fe38afd517828962fde29
300,2019-05-13 12:00:00+00:00,497.5,,uppsala,5f9fe38afd517828962fde29
301,2019-05-13 13:00:00+00:00,108.5,,uppsala,5f9fe38afd517828962fde29
302,2019-05-13 14:00:00+00:00,105.1,,uppsala,5f9fe38afd517828962fde29
303,2019-05-13 15:00:00+00:00,8.8,,uppsala,5f9fe38afd517828962fde29
304,2019-05-13 16:00:00+00:00,57.7,,uppsala,5f9fe38afd517828962fde29
305,2019-05-13 17:00:00+00:00,622.0,,uppsala,5f9fe38afd517828962fde29
306,2019-05-13 18:00:00+00:00,265.8,,uppsala,5f9fe38afd517828962fde29
307,2019-05-13 19:00:00+00:00,42.5,,uppsala,5f9fe38afd517828962fde29
308,2019-05-13 20:00:00+00:00,0.0,,uppsala,5f9fe38afd517828962fde29
309,2019-05-13 21:00:00+00:00,0.0,,uppsala,5f9fe38afd517828962fde29
310,2019-05-13 22:00:00+00:00,0.0,,uppsala,5f9fe38afd517828962fde29
311,2019-05-13 23:00:00+00:00,0.0,,uppsala,5f9fe38afd517828962fde29
312,2019-05-14 00:00:00+00:00,0.0,,uppsala,5f9fe38afd517828962fde29
313,2019-05-14 01:00:00+00:00,0.0,,uppsala,5f9fe38afd517828962fde29
314,2019-05-14 02:00:00+00:00,0.0,,uppsala,5f9fe38afd517828962fde29
315,2019-05-14 03:00:00+00:00,361.3,,uppsala,5f9fe38afd517828962fde29
316,2019-05-14 04:00:00+00:00,634.6,,uppsala,5f9fe38afd517828962fde29
317,2019-05-14 05:00:00+00:00,780.8,,uppsala,5f9fe38afd517828962fde29
318,2019-05-14 06:00:00+00:00,865.2,,uppsala,5f9fe38afd517828962fde29
319,2019-05-14 07:00:00+00:00,916.4,,uppsala,5f9fe38afd517828962fde29
320,2019-05-14 08:00:00+00:00,948.7,,uppsala,5f9fe38afd517828962fde29
321,2019-05-14 09:00:00+00:00,961.2,,uppsala,5f9fe38afd517828962fde29
322,2019-05-14 10:00:00+00:00,968.4,,uppsala,5f9fe38afd517828962fde29
323,2019-05-14 11:00:00+00:00,966.3,,uppsala,5f9fe38afd517828962fde29
324,2019-05-14 12:00:00+00:00,960.7,,uppsala,5f9fe38afd517828962fde29
325,2019-05-14 13:00:00+00:00,931.1,,uppsala,5f9fe38afd517828962fde29
326,2019-05-14 14:00:00+00:00,904.4,,uppsala,5f9fe38afd517828962fde29
327,2019-05-14 15:00:00+00:00,742.0,,uppsala,5f9fe38afd517828962fde29
328,2019-05-14 16:00:00+00:00,621.4,,uppsala,5f9fe38afd517828962fde29
329,2019-05-14 17:00:00+00:00,517.4,,uppsala,5f9fe38afd517828962fde29
330,2019-05-14 18:00:00+00:00,302.3,,uppsala,5f9fe38afd517828962fde29
331,2019-05-14 19:00:00+00:00,13.2,,uppsala,5f9fe38afd517828962fde29
332,2019-05-14 20:00:00+00:00,0.0,,uppsala,5f9fe38afd517828962fde29
333,2019-05-14 21:00:00+00:00,0.0,,uppsala,5f9fe38afd517828962fde29
334,2019-05-14 22:00:00+00:00,0.0,,uppsala,5f9fe38afd517828962fde29
335,2019-05-14 23:00:00+00:00,0.0,,uppsala,5f9fe38afd517828962fde29
336,2019-05-15 00:00:00+00:00,0.0,,uppsala,5f9fe38afd517828962fde29
337,2019-05-15 01:00:00+00:00,0.0,,uppsala,5f9fe38afd517828962fde29
338,2019-05-15 02:00:00+00:00,0.0,,uppsala,5f9fe38afd517828962fde29
339,2019-05-15 03:00:00+00:00,160.8,,uppsala,5f9fe38afd517828962fde29
340,2019-05-15 04:00:00+00:00,444.1,,uppsala,5f9fe38afd517828962fde29
341,2019-05-15 05:00:00+00:00,613.3,,uppsala,5f9fe38afd517828962fde29
342,2019-05-15 06:00:00+00:00,721.4,,uppsala,5f9fe38afd517828962fde29
343,2019-05-15 07:00:00+00:00,780.5,,uppsala,5f9fe38afd517828962fde29
344,2019-05-15 08:00:00+00:00,809.1,,uppsala,5f9fe38afd517828962fde29
345,2019-05-15 09:00:00+00:00,849.8,,uppsala,5f9fe38afd517828962fde29
346,2019-05-15 10:00:00+00:00,528.9,,uppsala,5f9fe38afd517828962fde29
347,2019-05-15 11:00:00+00:00,293.8,,uppsala,5f9fe38afd517828962fde29
348,2019-05-15 12:00:00+00:00,174.7,,uppsala,5f9fe38afd517828962fde29
349,2019-05-15 13:00:00+00:00,226.6,,uppsala,5f9fe38afd517828962fde29
350,2019-05-15 14:00:00+00:00,309.8,,uppsala,5f9fe38afd517828962fde29
351,2019-05-15 15:00:00+00:00,490.1,,uppsala,5f9fe38afd517828962fde29
352,2019-05-15 16:00:00+00:00,601.4,,uppsala,5f9fe38afd517828962fde29
353,2019-05-15 17:00:00+00:00,562.7,,uppsala,5f9fe38afd517828962fde29
354,2019-05-15 18:00:00+00:00,354.7,,uppsala,5f9fe38afd517828962fde29
355,2019-05-15 19:00:00+00:00,30.0,,uppsala,5f9fe38afd517828962fde29
356,2019-05-15 20:00:00+00:00,0.0,,uppsala,5f9fe38afd517828962fde29
357,2019-05-15 21:00:00+00:00,0.0,,uppsala,5f9fe38afd517828962fde29
358,2019-05-15 22:00:00+00:00,0.0,,uppsala,5f9fe38afd517828962fde29
359,2019-05-15 23:00:00+00:00,0.0,,uppsala,5f9fe38afd517828962fde29
360,2019-05-16 00:00:00+00:00,0.0,,uppsala,5f9fe38afd517828962fde29
361,2019-05-16 01:00:00+00:00,0.0,,uppsala,5f9fe38afd517828962fde29
362,2019-05-16 02:00:00+00:00,0.0,,uppsala,5f9fe38afd517828962fde29
363,2019-05-16 03:00:00+00:00,224.8,,uppsala,5f9fe38afd517828962fde29
364,2019-05-16 04:00:00+00:00,500.4,,uppsala,5f9fe38afd517828962fde29
365,2019-05-16 05:00:00+00:00,650.9,,uppsala,5f9fe38afd517828962fde29
366,2019-05-16 06:00:00+00:00,752.5,,uppsala,5f9fe38afd517828962fde29
367,2019-05-16 07:00:00+00:00,825.6,,uppsala,5f9fe38afd517828962fde29
368,2019-05-16 08:00:00+00:00,876.1,,uppsala,5f9fe38afd517828962fde29
369,2019-05-16 09:00:00+00:00,895.3,,uppsala,5f9fe38afd517828962fde29
370,2019-05-16 10:00:00+00:00,907.4,,uppsala,5f9fe38afd517828962fde29
371,2019-05-16 11:00:00+00:00,917.9,,uppsala,5f9fe38afd517828962fde29
372,2019-05-16 12:00:00+00:00,851.5,,uppsala,5f9fe38afd517828962fde29
373,2019-05-16 13:00:00+00:00,811.7,,uppsala,5f9fe38afd517828962fde29
374,2019-05-16 14:00:00+00:00,873.3,,uppsala,5f9fe38afd517828962fde29
375,2019-05-16 15:00:00+00:00,769.9,,uppsala,5f9fe38afd517828962fde29
376,2019-05-16 16:00:00+00:00,685.0,,uppsala,5f9fe38afd517828962fde29
377,2019-05-16 17:00:00+00:00,554.2,,uppsala,5f9fe38afd517828962fde29
378,2019-05-16 18:00:00+00:00,347.8,,uppsala,5f9fe38afd517828962fde29
379,2019-05-16 19:00:00+00:00,38.6,,uppsala,5f9fe38afd517828962fde29
380,2019-05-16 20:00:00+00:00,0.0,,uppsala,5f9fe38afd517828962fde29
381,2019-05-16 21:00:00+00:00,0.0,,uppsala,5f9fe38afd517828962fde29
382,2019-05-16 22:00:00+00:00,0.0,,uppsala,5f9fe38afd517828962fde29
383,2019-05-16 23:00:00+00:00,0.0,,uppsala,5f9fe38afd517828962fde29
384,2019-05-17 00:00:00+00:00,0.0,,uppsala,5f9fe38afd517828962fde29
385,2019-05-17 01:00:00+00:00,0.0,,uppsala,5f9fe38afd517828962fde29
386,2019-05-17 02:00:00+00:00,0.0,,uppsala,5f9fe38afd517828962fde29
387,2019-05-17 03:00:00+00:00,251.1,,uppsala,5f9fe38afd517828962fde29
388,2019-05-17 04:00:00+00:00,524.8,,uppsala,5f9fe38afd517828962fde29
389,2019-05-17 05:00:00+00:00,681.8,,uppsala,5f9fe38afd517828962fde29
390,2019-05-17 06:00:00+00:00,780.1,,uppsala,5f9fe38afd517828962fde29
391,2019-05-17 07:00:00+00:00,840.1,,uppsala,5f9fe38afd517828962fde29
392,2019-05-17 08:00:00+00:00,886.9,,uppsala,5f9fe38afd517828962fde29
393,2019-05-17 09:00:00+00:00,913.3,,uppsala,5f9fe38afd517828962fde29
394,2019-05-17 10:00:00+00:00,931.5,,uppsala,5f9fe38afd517828962fde29
395,2019-05-17 11:00:00+00:00,930.8,,uppsala,5f9fe38afd517828962fde29
396,2019-05-17 12:00:00+00:00,931.9,,uppsala,5f9fe38afd517828962fde29
397,2019-05-17 13:00:00+00:00,914.8,,uppsala,5f9fe38afd517828962fde29
398,2019-05-17 14:00:00+00:00,890.7,,uppsala,5f9fe38afd517828962fde29
399,2019-05-17 15:00:00+00:00,776.8,,uppsala,5f9fe38afd517828962fde29
400,2019-05-17 16:00:00+00:00,699.5,,uppsala,5f9fe38afd517828962fde29
401,2019-05-17 17:00:00+00:00,575.9,,uppsala,5f9fe38afd517828962fde29
402,2019-05-17 18:00:00+00:00,386.7,,uppsala,5f9fe38afd517828962fde29
403,2019-05-17 19:00:00+00:00,71.8,,uppsala,5f9fe38afd517828962fde29
404,2019-05-17 20:00:00+00:00,0.0,,uppsala,5f9fe38afd517828962fde29
405,2019-05-17 21:00:00+00:00,0.0,,uppsala,5f9fe38afd517828962fde29
406,2019-05-17 22:00:00+00:00,0.0,,uppsala,5f9fe38afd517828962fde29
407,2019-05-17 23:00:00+00:00,0.0,,uppsala,5f9fe38afd517828962fde29
408,2019-05-18 00:00:00+00:00,0.0,,uppsala,5f9fe38afd517828962fde29
409,2019-05-18 01:00:00+00:00,0.0,,uppsala,5f9fe38afd517828962fde29
410,2019-05-18 02:00:00+00:00,0.0,,uppsala,5f9fe38afd517828962fde29
411,2019-05-18 03:00:00+00:00,0.0,,uppsala,5f9fe38afd517828962fde29
412,2019-05-18 04:00:00+00:00,0.0,,uppsala,5f9fe38afd517828962fde29
413,2019-05-18 05:00:00+00:00,0.8,,uppsala,5f9fe38afd517828962fde29
414,2019-05-18 06:00:00+00:00,12.5,,uppsala,5f9fe38afd517828962fde29
415,2019-05-18 07:00:00+00:00,5.6,,uppsala,5f9fe38afd517828962fde29
416,2019-05-18 08:00:00+00:00,206.9,,uppsala,5f9fe38afd517828962fde29
417,2019-05-18 09:00:00+00:00,52.1,,uppsala,5f9fe38afd517828962fde29
418,2019-05-18 10:00:00+00:00,149.1,,uppsala,5f9fe38afd517828962fde29
419,2019-05-18 11:00:00+00:00,95.3,,uppsala,5f9fe38afd517828962fde29
420,2019-05-18 12:00:00+00:00,129.5,,uppsala,5f9fe38afd517828962fde29
421,2019-05-18 13:00:00+00:00,30.8,,uppsala,5f9fe38afd517828962fde29
422,2019-05-18 14:00:00+00:00,198.6,,uppsala,5f9fe38afd517828962fde29
423,2019-05-18 15:00:00+00:00,137.3,,uppsala,5f9fe38afd517828962fde29
424,2019-05-18 16:00:00+00:00,114.2,,uppsala,5f9fe38afd517828962fde29
425,2019-05-18 17:00:00+00:00,0.0,,uppsala,5f9fe38afd517828962fde29
426,2019-05-18 18:00:00+00:00,1.3,,uppsala,5f9fe38afd517828962fde29
427,2019-05-18 19:00:00+00:00,0.0,,uppsala,5f9fe38afd517828962fde29
428,2019-05-18 20:00:00+00:00,0.0,,uppsala,5f9fe38afd517828962fde29
429,2019-05-18 21:00:00+00:00,0.0,,uppsala,5f9fe38afd517828962fde29
430,2019-05-18 22:00:00+00:00,0.0,,uppsala,5f9fe38afd517828962fde29
431,2019-05-18 23:00:00+00:00,0.0,,uppsala,5f9fe38afd517828962fde29
432,2019-05-19 00:00:00+00:00,0.0,,uppsala,5f9fe38afd517828962fde29
433,2019-05-19 01:00:00+00:00,0.0,,uppsala,5f9fe38afd517828962fde29
434,2019-05-19 02:00:00+00:00,0.0,,uppsala,5f9fe38afd517828962fde29
435,2019-05-19 03:00:00+00:00,0.0,,uppsala,5f9fe38afd517828962fde29
436,2019-05-19 04:00:00+00:00,0.0,,uppsala,5f9fe38afd517828962fde29
437,2019-05-19 05:00:00+00:00,190.0,,uppsala,5f9fe38afd517828962fde29
438,2019-05-19 06:00:00+00:00,0.8,,uppsala,5f9fe38afd517828962fde29
439,2019-05-19 07:00:00+00:00,104.9,,uppsala,5f9fe38afd517828962fde29
440,2019-05-19 08:00:00+00:00,287.5,,uppsala,5f9fe38afd517828962fde29
441,2019-05-19 09:00:00+00:00,289.3,,uppsala,5f9fe38afd517828962fde29
442,2019-05-19 10:00:00+00:00,25.6,,uppsala,5f9fe38afd517828962fde29
443,2019-05-19 11:00:00+00:00,38.4,,uppsala,5f9fe38afd517828962fde29
444,2019-05-19 12:00:00+00:00,145.0,,uppsala,5f9fe38afd517828962fde29
445,2019-05-19 13:00:00+00:00,325.7,,uppsala,5f9fe38afd517828962fde29
446,2019-05-19 14:00:00+00:00,5.8,,uppsala,5f9fe38afd517828962fde29
447,2019-05-19 15:00:00+00:00,5.8,,uppsala,5f9fe38afd517828962fde29
448,2019-05-19 16:00:00+00:00,57.7,,uppsala,5f9fe38afd517828962fde29
449,2019-05-19 17:00:00+00:00,0.0,,uppsala,5f9fe38afd517828962fde29
450,2019-05-19 18:00:00+00:00,32.9,,uppsala,5f9fe38afd517828962fde29
451,2019-05-19 19:00:00+00:00,0.0,,uppsala,5f9fe38afd517828962fde29
452,2019-05-19 20:00:00+00:00,0.0,,uppsala,5f9fe38afd517828962fde29
453,2019-05-19 21:00:00+00:00,0.0,,uppsala,5f9fe38afd517828962fde29
454,2019-05-19 22:00:00+00:00,0.0,,uppsala,5f9fe38afd517828962fde29
455,2019-05-19 23:00:00+00:00,0.0,,uppsala,5f9fe38afd517828962fde29
456,2019-05-20 00:00:00+00:00,0.0,,uppsala,5f9fe38afd517828962fde29
457,2019-05-20 01:00:00+00:00,0.0,,uppsala,5f9fe38afd517828962fde29
458,2019-05-20 02:00:00+00:00,0.0,,uppsala,5f9fe38afd517828962fde29
459,2019-05-20 03:00:00+00:00,0.0,,uppsala,5f9fe38afd517828962fde29
460,2019-05-20 04:00:00+00:00,78.7,,uppsala,5f9fe38afd517828962fde29
461,2019-05-20 05:00:00+00:00,31.7,,uppsala,5f9fe38afd517828962fde29
462,2019-05-20 06:00:00+00:00,22.3,,uppsala,5f9fe38afd517828962fde29
463,2019-05-20 07:00:00+00:00,29.0,,uppsala,5f9fe38afd517828962fde29
464,2019-05-20 08:00:00+00:00,181.0,,uppsala,5f9fe38afd517828962fde29
465,2019-05-20 09:00:00+00:00,139.7,,uppsala,5f9fe38afd517828962fde29
466,2019-05-20 10:00:00+00:00,17.3,,uppsala,5f9fe38afd517828962fde29
467,2019-05-20 11:00:00+00:00,712.5,,uppsala,5f9fe38afd517828962fde29
468,2019-05-20 12:00:00+00:00,25.9,,uppsala,5f9fe38afd517828962fde29
469,2019-05-20 13:00:00+00:00,6.6,,uppsala,5f9fe38afd517828962fde29
470,2019-05-20 14:00:00+00:00,5.4,,uppsala,5f9fe38afd517828962fde29
471,2019-05-20 15:00:00+00:00,284.8,,uppsala,5f9fe38afd517828962fde29
472,2019-05-20 16:00:00+00:00,571.7,,uppsala,5f9fe38afd517828962fde29
473,2019-05-20 17:00:00+00:00,444.6,,uppsala,5f9fe38afd517828962fde29
474,2019-05-20 18:00:00+00:00,254.9,,uppsala,5f9fe38afd517828962fde29
475,2019-05-20 19:00:00+00:00,30.6,,uppsala,5f9fe38afd517828962fde29
476,2019-05-20 20:00:00+00:00,0.0,,uppsala,5f9fe38afd517828962fde29
477,2019-05-20 21:00:00+00:00,0.0,,uppsala,5f9fe38afd517828962fde29
478,2019-05-20 22:00:00+00:00,0.0,,uppsala,5f9fe38afd517828962fde29
479,2019-05-20 23:00:00+00:00,0.0,,uppsala,5f9fe38afd517828962fde29
480,2019-05-21 00:00:00+00:00,0.0,,uppsala,5f9fe38afd517828962fde29
481,2019-05-21 01:00:00+00:00,0.0,,uppsala,5f9fe38afd517828962fde29
482,2019-05-21 02:00:00+00:00,0.0,,uppsala,5f9fe38afd517828962fde29
483,2019-05-21 03:00:00+00:00,76.6,,uppsala,5f9fe38afd517828962fde29
484,2019-05-21 04:00:00+00:00,253.6,,uppsala,5f9fe38afd517828962fde29
485,2019-05-21 05:00:00+00:00,404.1,,uppsala,5f9fe38afd517828962fde29
486,2019-05-21 06:00:00+00:00,12.2,,uppsala,5f9fe38afd517828962fde29
487,2019-05-21 07:00:00+00:00,70.4,,uppsala,5f9fe38afd517828962fde29
488,2019-05-21 08:00:00+00:00,618.8,,uppsala,5f9fe38afd517828962fde29
489,2019-05-21 09:00:00+00:00,635.1,,uppsala,5f9fe38afd517828962fde29
490,2019-05-21 10:00:00+00:00,617.4,,uppsala,5f9fe38afd517828962fde29
491,2019-05-21 11:00:00+00:00,516.5,,uppsala,5f9fe38afd517828962fde29
492,2019-05-21 12:00:00+00:00,653.6,,uppsala,5f9fe38afd517828962fde29
493,2019-05-21 13:00:00+00:00,625.8,,uppsala,5f9fe38afd517828962fde29
494,2019-05-21 14:00:00+00:00,533.2,,uppsala,5f9fe38afd517828962fde29
495,2019-05-21 15:00:00+00:00,485.9,,uppsala,5f9fe38afd517828962fde29
496,2019-05-21 16:00:00+00:00,382.1,,uppsala,5f9fe38afd517828962fde29
497,2019-05-21 17:00:00+00:00,251.2,,uppsala,5f9fe38afd517828962fde29
498,2019-05-21 18:00:00+00:00,77.7,,uppsala,5f9fe38afd517828962fde29
499,2019-05-21 19:00:00+00:00,0.5,,uppsala,5f9fe38afd517828962fde29
500,2019-05-21 20:00:00+00:00,0.0,,uppsala,5f9fe38afd517828962fde29
501,2019-05-21 21:00:00+00:00,0.0,,uppsala,5f9fe38afd517828962fde29
502,2019-05-21 22:00:00+00:00,0.0,,uppsala,5f9fe38afd517828962fde29
503,2019-05-21 23:00:00+00:00,0.0,,uppsala,5f9fe38afd517828962fde29
504,2019-05-22 00:00:00+00:00,0.0,,uppsala,5f9fe38afd517828962fde29
505,2019-05-22 01:00:00+00:00,0.0,,uppsala,5f9fe38afd517828962fde29
506,2019-05-22 02:00:00+00:00,0.0,,uppsala,5f9fe38afd517828962fde29
507,2019-05-22 03:00:00+00:00,14.2,,uppsala,5f9fe38afd517828962fde29
508,2019-05-22 04:00:00+00:00,152.9,,uppsala,5f9fe38afd517828962fde29
509,2019-05-22 05:00:00+00:00,23.6,,uppsala,5f9fe38afd517828962fde29
510,2019-05-22 06:00:00+00:00,60.3,,uppsala,5f9fe38afd517828962fde29
511,2019-05-22 07:00:00+00:00,342.4,,uppsala,5f9fe38afd517828962fde29
512,2019-05-22 08:00:00+00:00,689.1,,uppsala,5f9fe38afd517828962fde29
513,2019-05-22 09:00:00+00:00,722.1,,uppsala,5f9fe38afd517828962fde29
514,2019-05-22 10:00:00+00:00,731.8,,uppsala,5f9fe38afd517828962fde29
515,2019-05-22 11:00:00+00:00,478.1,,uppsala,5f9fe38afd517828962fde29
516,2019-05-22 12:00:00+00:00,714.1,,uppsala,5f9fe38afd517828962fde29
517,2019-05-22 13:00:00+00:00,694.1,,uppsala,5f9fe38afd517828962fde29
518,2019-05-22 14:00:00+00:00,662.2,,uppsala,5f9fe38afd517828962fde29
519,2019-05-22 15:00:00+00:00,610.1,,uppsala,5f9fe38afd517828962fde29
520,2019-05-22 16:00:00+00:00,543.1,,uppsala,5f9fe38afd517828962fde29
521,2019-05-22 17:00:00+00:00,435.3,,uppsala,5f9fe38afd517828962fde29
522,2019-05-22 18:00:00+00:00,258.0,,uppsala,5f9fe38afd517828962fde29
523,2019-05-22 19:00:00+00:00,41.2,,uppsala,5f9fe38afd517828962fde29
524,2019-05-22 20:00:00+00:00,0.0,,uppsala,5f9fe38afd517828962fde29
525,2019-05-22 21:00:00+00:00,0.0,,uppsala,5f9fe38afd517828962fde29
526,2019-05-22 22:00:00+00:00,0.0,,uppsala,5f9fe38afd517828962fde29
527,2019-05-22 23:00:00+00:00,0.0,,uppsala,5f9fe38afd517828962fde29
528,2019-05-23 00:00:00+00:00,0.0,,uppsala,5f9fe38afd517828962fde29
529,2019-05-23 01:00:00+00:00,0.0,,uppsala,5f9fe38afd517828962fde29
530,2019-05-23 02:00:00+00:00,0.0,,uppsala,5f9fe38afd517828962fde29
531,2019-05-23 03:00:00+00:00,0.0,,uppsala,5f9fe38afd517828962fde29
532,2019-05-23 04:00:00+00:00,0.0,,uppsala,5f9fe38afd517828962fde29
533,2019-05-23 05:00:00+00:00,0.0,,uppsala,5f9fe38afd517828962fde29
534,2019-05-23 06:00:00+00:00,2.0,,uppsala,5f9fe38afd517828962fde29
535,2019-05-23 07:00:00+00:00,4.0,,uppsala,5f9fe38afd517828962fde29
536,2019-05-23 08:00:00+00:00,5.2,,uppsala,5f9fe38afd517828962fde29
537,2019-05-23 09:00:00+00:00,8.6,,uppsala,5f9fe38afd517828962fde29
538,2019-05-23 10:00:00+00:00,6.6,,uppsala,5f9fe38afd517828962fde29
539,2019-05-23 11:00:00+00:00,7.0,,uppsala,5f9fe38afd517828962fde29
540,2019-05-23 12:00:00+00:00,7.0,,uppsala,5f9fe38afd517828962fde29
541,2019-05-23 13:00:00+00:00,7.0,,uppsala,5f9fe38afd517828962fde29
542,2019-05-23 14:00:00+00:00,22.5,,uppsala,5f9fe38afd517828962fde29
543,2019-05-23 15:00:00+00:00,103.6,,uppsala,5f9fe38afd517828962fde29
544,2019-05-23 16:00:00+00:00,667.3,,uppsala,5f9fe38afd517828962fde29
545,2019-05-23 17:00:00+00:00,481.8,,uppsala,5f9fe38afd517828962fde29
546,2019-05-23 18:00:00+00:00,380.1,,uppsala,5f9fe38afd517828962fde29
547,2019-05-23 19:00:00+00:00,94.7,,uppsala,5f9fe38afd517828962fde29
548,2019-05-23 20:00:00+00:00,0.0,,uppsala,5f9fe38afd517828962fde29
549,2019-05-23 21:00:00+00:00,0.0,,uppsala,5f9fe38afd517828962fde29
550,2019-05-23 22:00:00+00:00,0.0,,uppsala,5f9fe38afd517828962fde29
551,2019-05-23 23:00:00+00:00,0.0,,uppsala,5f9fe38afd517828962fde29
552,2019-05-24 00:00:00+00:00,0.0,,uppsala,5f9fe38afd517828962fde29
553,2019-05-24 01:00:00+00:00,0.0,,uppsala,5f9fe38afd517828962fde29
554,2019-05-24 02:00:00+00:00,0.0,,uppsala,5f9fe38afd517828962fde29
555,2019-05-24 03:00:00+00:00,269.7,,uppsala,5f9fe38afd517828962fde29
556,2019-05-24 04:00:00+00:00,502.1,,uppsala,5f9fe38afd517828962fde29
557,2019-05-24 05:00:00+00:00,629.3,,uppsala,5f9fe38afd517828962fde29
558,2019-05-24 06:00:00+00:00,700.0,,uppsala,5f9fe38afd517828962fde29
559,2019-05-24 07:00:00+00:00,764.3,,uppsala,5f9fe38afd517828962fde29
560,2019-05-24 08:00:00+00:00,19.7,,uppsala,5f9fe38afd517828962fde29
561,2019-05-24 09:00:00+00:00,71.7,,uppsala,5f9fe38afd517828962fde29
562,2019-05-24 10:00:00+00:00,257.6,,uppsala,5f9fe38afd517828962fde29
563,2019-05-24 11:00:00+00:00,80.1,,uppsala,5f9fe38afd517828962fde29
564,2019-05-24 12:00:00+00:00,178.7,,uppsala,5f9fe38afd517828962fde29
565,2019-05-24 13:00:00+00:00,161.6,,uppsala,5f9fe38afd517828962fde29
566,2019-05-24 14:00:00+00:00,44.3,,uppsala,5f9fe38afd517828962fde29
567,2019-05-24 15:00:00+00:00,5.8,,uppsala,5f9fe38afd517828962fde29
568,2019-05-24 16:00:00+00:00,5.5,,uppsala,5f9fe38afd517828962fde29
569,2019-05-24 17:00:00+00:00,530.9,,uppsala,5f9fe38afd517828962fde29
570,2019-05-24 18:00:00+00:00,41.2,,uppsala,5f9fe38afd517828962fde29
571,2019-05-24 19:00:00+00:00,0.0,,uppsala,5f9fe38afd517828962fde29
572,2019-05-24 20:00:00+00:00,0.0,,uppsala,5f9fe38afd517828962fde29
573,2019-05-24 21:00:00+00:00,0.0,,uppsala,5f9fe38afd517828962fde29
574,2019-05-24 22:00:00+00:00,0.0,,uppsala,5f9fe38afd517828962fde29
575,2019-05-24 23:00:00+00:00,0.0,,uppsala,5f9fe38afd517828962fde29
576,2019-05-25 00:00:00+00:00,0.0,,uppsala,5f9fe38afd517828962fde29
577,2019-05-25 01:00:00+00:00,0.0,,uppsala,5f9fe38afd517828962fde29
578,2019-05-25 02:00:00+00:00,0.0,,uppsala,5f9fe38afd517828962fde29
579,2019-05-25 03:00:00+00:00,0.0,,uppsala,5f9fe38afd517828962fde29
580,2019-05-25 04:00:00+00:00,1.3,,uppsala,5f9fe38afd517828962fde29
581,2019-05-25 05:00:00+00:00,19.7,,uppsala,5f9fe38afd517828962fde29
582,2019-05-25 06:00:00+00:00,10.0,,uppsala,5f9fe38afd517828962fde29
583,2019-05-25 07:00:00+00:00,8.6,,uppsala,5f9fe38afd517828962fde29
584,2019-05-25 08:00:00+00:00,13.6,,uppsala,5f9fe38afd517828962fde29
585,2019-05-25 09:00:00+00:00,10.9,,uppsala,5f9fe38afd517828962fde29
586,2019-05-25 10:00:00+00:00,15.2,,uppsala,5f9fe38afd517828962fde29
587,2019-05-25 11:00:00+00:00,11.5,,uppsala,5f9fe38afd517828962fde29
588,2019-05-25 12:00:00+00:00,11.4,,uppsala,5f9fe38afd517828962fde29
589,2019-05-25 13:00:00+00:00,500.3,,uppsala,5f9fe38afd517828962fde29
590,2019-05-25 14:00:00+00:00,376.2,,uppsala,5f9fe38afd517828962fde29
591,2019-05-25 15:00:00+00:00,433.6,,uppsala,5f9fe38afd517828962fde29
592,2019-05-25 16:00:00+00:00,107.4,,uppsala,5f9fe38afd517828962fde29
593,2019-05-25 17:00:00+00:00,45.9,,uppsala,5f9fe38afd517828962fde29
594,2019-05-25 18:00:00+00:00,0.0,,uppsala,5f9fe38afd517828962fde29
595,2019-05-25 19:00:00+00:00,0.0,,uppsala,5f9fe38afd517828962fde29
596,2019-05-25 20:00:00+00:00,0.0,,uppsala,5f9fe38afd517828962fde29
597,2019-05-25 21:00:00+00:00,0.0,,uppsala,5f9fe38afd517828962fde29
598,2019-05-25 22:00:00+00:00,0.0,,uppsala,5f9fe38afd517828962fde29
599,2019-05-25 23:00:00+00:00,0.0,,uppsala,5f9fe38afd517828962fde29
600,2019-05-26 00:00:00+00:00,0.0,,uppsala,5f9fe38afd517828962fde29
601,2019-05-26 01:00:00+00:00,0.0,,uppsala,5f9fe38afd517828962fde29
602,2019-05-26 02:00:00+00:00,0.0,,uppsala,5f9fe38afd517828962fde29
603,2019-05-26 03:00:00+00:00,34.0,,uppsala,5f9fe38afd517828962fde29
604,2019-05-26 04:00:00+00:00,0.1,,uppsala,5f9fe38afd517828962fde29
605,2019-05-26 05:00:00+00:00,14.1,,uppsala,5f9fe38afd517828962fde29
606,2019-05-26 06:00:00+00:00,27.1,,uppsala,5f9fe38afd517828962fde29
607,2019-05-26 07:00:00+00:00,18.9,,uppsala,5f9fe38afd517828962fde29
608,2019-05-26 08:00:00+00:00,19.0,,uppsala,5f9fe38afd517828962fde29
609,2019-05-26 09:00:00+00:00,10.8,,uppsala,5f9fe38afd517828962fde29
610,2019-05-26 10:00:00+00:00,71.8,,uppsala,5f9fe38afd517828962fde29
611,2019-05-26 11:00:00+00:00,15.1,,uppsala,5f9fe38afd517828962fde29
612,2019-05-26 12:00:00+00:00,44.9,,uppsala,5f9fe38afd517828962fde29
613,2019-05-26 13:00:00+00:00,34.1,,uppsala,5f9fe38afd517828962fde29
614,2019-05-26 14:00:00+00:00,50.2,,uppsala,5f9fe38afd517828962fde29
615,2019-05-26 15:00:00+00:00,51.9,,uppsala,5f9fe38afd517828962fde29
616,2019-05-26 16:00:00+00:00,8.3,,uppsala,5f9fe38afd517828962fde29
617,2019-05-26 17:00:00+00:00,1.8,,uppsala,5f9fe38afd517828962fde29
618,2019-05-26 18:00:00+00:00,0.0,,uppsala,5f9fe38afd517828962fde29
619,2019-05-26 19:00:00+00:00,25.4,,uppsala,5f9fe38afd517828962fde29
620,2019-05-26 20:00:00+00:00,0.0,,uppsala,5f9fe38afd517828962fde29
621,2019-05-26 21:00:00+00:00,0.0,,uppsala,5f9fe38afd517828962fde29
622,2019-05-26 22:00:00+00:00,0.0,,uppsala,5f9fe38afd517828962fde29
623,2019-05-26 23:00:00+00:00,0.0,,uppsala,5f9fe38afd517828962fde29
624,2019-05-27 00:00:00+00:00,0.0,,uppsala,5f9fe38afd517828962fde29
625,2019-05-27 01:00:00+00:00,0.0,,uppsala,5f9fe38afd517828962fde29
626,2019-05-27 02:00:00+00:00,0.1,,uppsala,5f9fe38afd517828962fde29
627,2019-05-27 03:00:00+00:00,0.0,,uppsala,5f9fe38afd517828962fde29
628,2019-05-27 04:00:00+00:00,258.4,,uppsala,5f9fe38afd517828962fde29
629,2019-05-27 05:00:00+00:00,17.4,,uppsala,5f9fe38afd517828962fde29
630,2019-05-27 06:00:00+00:00,21.7,,uppsala,5f9fe38afd517828962fde29
631,2019-05-27 07:00:00+00:00,7.0,,uppsala,5f9fe38afd517828962fde29
632,2019-05-27 08:00:00+00:00,8.5,,uppsala,5f9fe38afd517828962fde29
633,2019-05-27 09:00:00+00:00,56.7,,uppsala,5f9fe38afd517828962fde29
634,2019-05-27 10:00:00+00:00,50.4,,uppsala,5f9fe38afd517828962fde29
635,2019-05-27 11:00:00+00:00,9.9,,uppsala,5f9fe38afd517828962fde29
636,2019-05-27 12:00:00+00:00,41.0,,uppsala,5f9fe38afd517828962fde29
637,2019-05-27 13:00:00+00:00,9.3,,uppsala,5f9fe38afd517828962fde29
638,2019-05-27 14:00:00+00:00,47.2,,uppsala,5f9fe38afd517828962fde29
639,2019-05-27 15:00:00+00:00,31.8,,uppsala,5f9fe38afd517828962fde29
640,2019-05-27 16:00:00+00:00,3.5,,uppsala,5f9fe38afd517828962fde29
641,2019-05-27 17:00:00+00:00,16.6,,uppsala,5f9fe38afd517828962fde29
642,2019-05-27 18:00:00+00:00,0.0,,uppsala,5f9fe38afd517828962fde29
643,2019-05-27 19:00:00+00:00,0.0,,uppsala,5f9fe38afd517828962fde29
644,2019-05-27 20:00:00+00:00,0.0,,uppsala,5f9fe38afd517828962fde29
645,2019-05-27 21:00:00+00:00,0.0,,uppsala,5f9fe38afd517828962fde29
646,2019-05-27 22:00:00+00:00,0.0,,uppsala,5f9fe38afd517828962fde29
647,2019-05-27 23:00:00+00:00,0.0,,uppsala,5f9fe38afd517828962fde29
648,2019-05-28 00:00:00+00:00,0.0,,uppsala,5f9fe38afd517828962fde29
649,2019-05-28 01:00:00+00:00,0.0,,uppsala,5f9fe38afd517828962fde29
650,2019-05-28 02:00:00+00:00,0.0,,uppsala,5f9fe38afd517828962fde29
651,2019-05-28 03:00:00+00:00,0.0,,uppsala,5f9fe38afd517828962fde29
652,2019-05-28 04:00:00+00:00,0.0,,uppsala,5f9fe38afd517828962fde29
653,2019-05-28 05:00:00+00:00,307.9,,uppsala,5f9fe38afd517828962fde29
654,2019-05-28 06:00:00+00:00,5.6,,uppsala,5f9fe38afd517828962fde29
655,2019-05-28 07:00:00+00:00,7.6,,uppsala,5f9fe38afd517828962fde29
656,2019-05-28 08:00:00+00:00,222.1,,uppsala,5f9fe38afd517828962fde29
657,2019-05-28 09:00:00+00:00,13.6,,uppsala,5f9fe38afd517828962fde29
658,2019-05-28 10:00:00+00:00,239.4,,uppsala,5f9fe38afd517828962fde29
659,2019-05-28 11:00:00+00:00,10.3,,uppsala,5f9fe38afd517828962fde29
660,2019-05-28 12:00:00+00:00,501.2,,uppsala,5f9fe38afd517828962fde29
661,2019-05-28 13:00:00+00:00,9.6,,uppsala,5f9fe38afd517828962fde29
662,2019-05-28 14:00:00+00:00,33.0,,uppsala,5f9fe38afd517828962fde29
663,2019-05-28 15:00:00+00:00,51.4,,uppsala,5f9fe38afd517828962fde29
664,2019-05-28 16:00:00+00:00,266.1,,uppsala,5f9fe38afd517828962fde29
665,2019-05-28 17:00:00+00:00,28.3,,uppsala,5f9fe38afd517828962fde29
666,2019-05-28 18:00:00+00:00,249.3,,uppsala,5f9fe38afd517828962fde29
667,2019-05-28 19:00:00+00:00,134.0,,uppsala,5f9fe38afd517828962fde29
668,2019-05-28 20:00:00+00:00,0.0,,uppsala,5f9fe38afd517828962fde29
669,2019-05-28 21:00:00+00:00,0.0,,uppsala,5f9fe38afd517828962fde29
670,2019-05-28 22:00:00+00:00,0.0,,uppsala,5f9fe38afd517828962fde29
671,2019-05-28 23:00:00+00:00,0.0,,uppsala,5f9fe38afd517828962fde29
672,2019-05-29 00:00:00+00:00,0.0,,uppsala,5f9fe38afd517828962fde29
673,2019-05-29 01:00:00+00:00,0.0,,uppsala,5f9fe38afd517828962fde29
674,2019-05-29 02:00:00+00:00,25.0,,uppsala,5f9fe38afd517828962fde29
675,2019-05-29 03:00:00+00:00,399.1,,uppsala,5f9fe38afd517828962fde29
676,2019-05-29 04:00:00+00:00,610.6,,uppsala,5f9fe38afd517828962fde29
677,2019-05-29 05:00:00+00:00,744.1,,uppsala,5f9fe38afd517828962fde29
678,2019-05-29 06:00:00+00:00,146.3,,uppsala,5f9fe38afd517828962fde29
679,2019-05-29 07:00:00+00:00,679.6,,uppsala,5f9fe38afd517828962fde29
680,2019-05-29 08:00:00+00:00,890.0,,uppsala,5f9fe38afd517828962fde29
681,2019-05-29 09:00:00+00:00,949.2,,uppsala,5f9fe38afd517828962fde29
682,2019-05-29 10:00:00+00:00,966.9,,uppsala,5f9fe38afd517828962fde29
683,2019-05-29 11:00:00+00:00,717.9,,uppsala,5f9fe38afd517828962fde29
684,2019-05-29 12:00:00+00:00,920.1,,uppsala,5f9fe38afd517828962fde29
685,2019-05-29 13:00:00+00:00,457.2,,uppsala,5f9fe38afd517828962fde29
686,2019-05-29 14:00:00+00:00,446.5,,uppsala,5f9fe38afd517828962fde29
687,2019-05-29 15:00:00+00:00,8.8,,uppsala,5f9fe38afd517828962fde29
688,2019-05-29 16:00:00+00:00,706.3,,uppsala,5f9fe38afd517828962fde29
689,2019-05-29 17:00:00+00:00,654.7,,uppsala,5f9fe38afd517828962fde29
690,2019-05-29 18:00:00+00:00,459.5,,uppsala,5f9fe38afd517828962fde29
691,2019-05-29 19:00:00+00:00,177.2,,uppsala,5f9fe38afd517828962fde29
692,2019-05-29 20:00:00+00:00,0.0,,uppsala,5f9fe38afd517828962fde29
693,2019-05-29 21:00:00+00:00,0.0,,uppsala,5f9fe38afd517828962fde29
694,2019-05-29 22:00:00+00:00,0.0,,uppsala,5f9fe38afd517828962fde29
695,2019-05-29 23:00:00+00:00,0.0,,uppsala,5f9fe38afd517828962fde29
696,2019-05-30 00:00:00+00:00,0.0,,uppsala,5f9fe38afd517828962fde29
697,2019-05-30 01:00:00+00:00,0.0,,uppsala,5f9fe38afd517828962fde29
698,2019-05-30 02:00:00+00:00,23.7,,uppsala,5f9fe38afd517828962fde29
699,2019-05-30 03:00:00+00:00,284.3,,uppsala,5f9fe38afd517828962fde29
700,2019-05-30 04:00:00+00:00,528.3,,uppsala,5f9fe38afd517828962fde29
701,2019-05-30 05:00:00+00:00,696.4,,uppsala,5f9fe38afd517828962fde29
702,2019-05-30 06:00:00+00:00,780.8,,uppsala,5f9fe38afd517828962fde29
703,2019-05-30 07:00:00+00:00,800.4,,uppsala,5f9fe38afd517828962fde29
704,2019-05-30 08:00:00+00:00,749.3,,uppsala,5f9fe38afd517828962fde29
705,2019-05-30 09:00:00+00:00,394.9,,uppsala,5f9fe38afd517828962fde29
706,2019-05-30 10:00:00+00:00,701.9,,uppsala,5f9fe38afd517828962fde29
707,2019-05-30 11:00:00+00:00,125.7,,uppsala,5f9fe38afd517828962fde29
708,2019-05-30 12:00:00+00:00,89.2,,uppsala,5f9fe38afd517828962fde29
709,2019-05-30 13:00:00+00:00,50.6,,uppsala,5f9fe38afd517828962fde29
710,2019-05-30 14:00:00+00:00,147.8,,uppsala,5f9fe38afd517828962fde29
711,2019-05-30 15:00:00+00:00,142.9,,uppsala,5f9fe38afd517828962fde29
712,2019-05-30 16:00:00+00:00,53.7,,uppsala,5f9fe38afd517828962fde29
713,2019-05-30 17:00:00+00:00,1.7000000000000002,,uppsala,5f9fe38afd517828962fde29
714,2019-05-30 18:00:00+00:00,0.0,,uppsala,5f9fe38afd517828962fde29
715,2019-05-30 19:00:00+00:00,0.0,,uppsala,5f9fe38afd517828962fde29
716,2019-05-30 20:00:00+00:00,0.0,,uppsala,5f9fe38afd517828962fde29
717,2019-05-30 21:00:00+00:00,0.0,,uppsala,5f9fe38afd517828962fde29
718,2019-05-30 22:00:00+00:00,0.0,,uppsala,5f9fe38afd517828962fde29
719,2019-05-30 23:00:00+00:00,0.0,,uppsala,5f9fe38afd517828962fde29
720,2019-05-31 00:00:00+00:00,0.0,,uppsala,5f9fe38afd517828962fde29
721,2019-05-31 01:00:00+00:00,0.0,,uppsala,5f9fe38afd517828962fde29
722,2019-05-31 02:00:00+00:00,4.0,,uppsala,5f9fe38afd517828962fde29
723,2019-05-31 03:00:00+00:00,391.7,,uppsala,5f9fe38afd517828962fde29
724,2019-05-31 04:00:00+00:00,615.6,,uppsala,5f9fe38afd517828962fde29
725,2019-05-31 05:00:00+00:00,749.2,,uppsala,5f9fe38afd517828962fde29
726,2019-05-31 06:00:00+00:00,834.1,,uppsala,5f9fe38afd517828962fde29
727,2019-05-31 07:00:00+00:00,887.9,,uppsala,5f9fe38afd517828962fde29
728,2019-05-31 08:00:00+00:00,933.3,,uppsala,5f9fe38afd517828962fde29
729,2019-05-31 09:00:00+00:00,952.7,,uppsala,5f9fe38afd517828962fde29
730,2019-05-31 10:00:00+00:00,962.8,,uppsala,5f9fe38afd517828962fde29
731,2019-05-31 11:00:00+00:00,963.1,,uppsala,5f9fe38afd517828962fde29
732,2019-05-31 12:00:00+00:00,960.0,,uppsala,5f9fe38afd517828962fde29
733,2019-05-31 13:00:00+00:00,936.3,,uppsala,5f9fe38afd517828962fde29
734,2019-05-31 14:00:00+00:00,890.6,,uppsala,5f9fe38afd517828962fde29
735,2019-05-31 15:00:00+00:00,737.4,,uppsala,5f9fe38afd517828962fde29
736,2019-05-31 16:00:00+00:00,746.6,,uppsala,5f9fe38afd517828962fde29
737,2019-05-31 17:00:00+00:00,664.8,,uppsala,5f9fe38afd517828962fde29
738,2019-05-31 18:00:00+00:00,517.4,,uppsala,5f9fe38afd517828962fde29
739,2019-05-31 19:00:00+00:00,272.4,,uppsala,5f9fe38afd517828962fde29
740,2019-05-31 20:00:00+00:00,0.0,,uppsala,5f9fe38afd517828962fde29
741,2019-05-31 21:00:00+00:00,0.0,,uppsala,5f9fe38afd517828962fde29
742,2019-05-31 22:00:00+00:00,0.0,,uppsala,5f9fe38afd517828962fde29
743,2019-05-31 23:00:00+00:00,0.0,,uppsala,5f9fe38afd517828962fde29
744,2019-06-01 00:00:00+00:00,0.0,,uppsala,5f9fe38afd517828962fde29
745,2019-06-01 01:00:00+00:00,0.0,,uppsala,5f9fe38afd517828962fde29
746,2019-06-01 02:00:00+00:00,11.3,,uppsala,5f9fe38afd517828962fde29
747,2019-06-01 03:00:00+00:00,337.3,,uppsala,5f9fe38afd517828962fde29
748,2019-06-01 04:00:00+00:00,19.1,,uppsala,5f9fe38afd517828962fde29
749,2019-06-01 05:00:00+00:00,25.1,,uppsala,5f9fe38afd517828962fde29
750,2019-06-01 06:00:00+00:00,23.5,,uppsala,5f9fe38afd517828962fde29
751,2019-06-01 07:00:00+00:00,82.4,,uppsala,5f9fe38afd517828962fde29
752,2019-06-01 08:00:00+00:00,30.4,,uppsala,5f9fe38afd517828962fde29
753,2019-06-01 09:00:00+00:00,9.6,,uppsala,5f9fe38afd517828962fde29
754,2019-06-01 10:00:00+00:00,9.8,,uppsala,5f9fe38afd517828962fde29
755,2019-06-01 11:00:00+00:00,14.8,,uppsala,5f9fe38afd517828962fde29
756,2019-06-01 12:00:00+00:00,24.8,,uppsala,5f9fe38afd517828962fde29
757,2019-06-01 13:00:00+00:00,12.9,,uppsala,5f9fe38afd517828962fde29
758,2019-06-01 14:00:00+00:00,8.4,,uppsala,5f9fe38afd517828962fde29
759,2019-06-01 15:00:00+00:00,11.1,,uppsala,5f9fe38afd517828962fde29
760,2019-06-01 16:00:00+00:00,7.1,,uppsala,5f9fe38afd517828962fde29
761,2019-06-01 17:00:00+00:00,0.0,,uppsala,5f9fe38afd517828962fde29
762,2019-06-01 18:00:00+00:00,0.0,,uppsala,5f9fe38afd517828962fde29
763,2019-06-01 19:00:00+00:00,0.0,,uppsala,5f9fe38afd517828962fde29
764,2019-06-01 20:00:00+00:00,0.0,,uppsala,5f9fe38afd517828962fde29
765,2019-06-01 21:00:00+00:00,0.0,,uppsala,5f9fe38afd517828962fde29
766,2019-06-01 22:00:00+00:00,0.0,,uppsala,5f9fe38afd517828962fde29
767,2019-06-01 23:00:00+00:00,0.0,,uppsala,5f9fe38afd517828962fde29
768,2019-06-02 00:00:00+00:00,0.0,,uppsala,5f9fe38afd517828962fde29
769,2019-06-02 01:00:00+00:00,0.0,,uppsala,5f9fe38afd517828962fde29
770,2019-06-02 02:00:00+00:00,0.0,,uppsala,5f9fe38afd517828962fde29
771,2019-06-02 03:00:00+00:00,61.1,,uppsala,5f9fe38afd517828962fde29
772,2019-06-02 04:00:00+00:00,66.1,,uppsala,5f9fe38afd517828962fde29
773,2019-06-02 05:00:00+00:00,435.7,,uppsala,5f9fe38afd517828962fde29
774,2019-06-02 06:00:00+00:00,655.8,,uppsala,5f9fe38afd517828962fde29
775,2019-06-02 07:00:00+00:00,751.5,,uppsala,5f9fe38afd517828962fde29
776,2019-06-02 08:00:00+00:00,806.2,,uppsala,5f9fe38afd517828962fde29
777,2019-06-02 09:00:00+00:00,841.3,,uppsala,5f9fe38afd517828962fde29
778,2019-06-02 10:00:00+00:00,850.7,,uppsala,5f9fe38afd517828962fde29
779,2019-06-02 11:00:00+00:00,825.3,,uppsala,5f9fe38afd517828962fde29
780,2019-06-02 12:00:00+00:00,790.9,,uppsala,5f9fe38afd517828962fde29
781,2019-06-02 13:00:00+00:00,802.7,,uppsala,5f9fe38afd517828962fde29
782,2019-06-02 14:00:00+00:00,767.8,,uppsala,5f9fe38afd517828962fde29
783,2019-06-02 15:00:00+00:00,613.4,,uppsala,5f9fe38afd517828962fde29
784,2019-06-02 16:00:00+00:00,469.4,,uppsala,5f9fe38afd517828962fde29
785,2019-06-02 17:00:00+00:00,0.0,,uppsala,5f9fe38afd517828962fde29
786,2019-06-02 18:00:00+00:00,0.0,,uppsala,5f9fe38afd517828962fde29
787,2019-06-02 19:00:00+00:00,0.0,,uppsala,5f9fe38afd517828962fde29
788,2019-06-02 20:00:00+00:00,0.0,,uppsala,5f9fe38afd517828962fde29
789,2019-06-02 21:00:00+00:00,0.0,,uppsala,5f9fe38afd517828962fde29
790,2019-06-02 22:00:00+00:00,0.0,,uppsala,5f9fe38afd517828962fde29
791,2019-06-02 23:00:00+00:00,0.0,,uppsala,5f9fe38afd517828962fde29
792,2019-06-03 00:00:00+00:00,0.0,,uppsala,5f9fe38afd517828962fde29
793,2019-06-03 01:00:00+00:00,0.0,,uppsala,5f9fe38afd517828962fde29
794,2019-06-03 02:00:00+00:00,0.0,,uppsala,5f9fe38afd517828962fde29
795,2019-06-03 03:00:00+00:00,39.1,,uppsala,5f9fe38afd517828962fde29
796,2019-06-03 04:00:00+00:00,0.6000000000000001,,uppsala,5f9fe38afd517828962fde29
797,2019-06-03 05:00:00+00:00,18.3,,uppsala,5f9fe38afd517828962fde29
798,2019-06-03 06:00:00+00:00,556.3,,uppsala,5f9fe38afd517828962fde29
799,2019-06-03 07:00:00+00:00,633.6,,uppsala,5f9fe38afd517828962fde29
800,2019-06-03 08:00:00+00:00,246.5,,uppsala,5f9fe38afd517828962fde29
801,2019-06-03 09:00:00+00:00,233.9,,uppsala,5f9fe38afd517828962fde29
802,2019-06-03 10:00:00+00:00,123.1,,uppsala,5f9fe38afd517828962fde29
803,2019-06-03 11:00:00+00:00,53.1,,uppsala,5f9fe38afd517828962fde29
804,2019-06-03 12:00:00+00:00,7.1,,uppsala,5f9fe38afd517828962fde29
805,2019-06-03 13:00:00+00:00,224.7,,uppsala,5f9fe38afd517828962fde29
806,2019-06-03 14:00:00+00:00,663.3,,uppsala,5f9fe38afd517828962fde29
807,2019-06-03 15:00:00+00:00,411.3,,uppsala,5f9fe38afd517828962fde29
808,2019-06-03 16:00:00+00:00,357.7,,uppsala,5f9fe38afd517828962fde29
809,2019-06-03 17:00:00+00:00,112.2,,uppsala,5f9fe38afd517828962fde29
810,2019-06-03 18:00:00+00:00,6.9,,uppsala,5f9fe38afd517828962fde29
811,2019-06-03 19:00:00+00:00,3.0,,uppsala,5f9fe38afd517828962fde29
812,2019-06-03 20:00:00+00:00,0.0,,uppsala,5f9fe38afd517828962fde29
813,2019-06-03 21:00:00+00:00,0.0,,uppsala,5f9fe38afd517828962fde29
814,2019-06-03 22:00:00+00:00,0.0,,uppsala,5f9fe38afd517828962fde29
815,2019-06-03 23:00:00+00:00,0.0,,uppsala,5f9fe38afd517828962fde29
816,2019-06-04 00:00:00+00:00,0.0,,uppsala,5f9fe38afd517828962fde29
817,2019-06-04 01:00:00+00:00,0.0,,uppsala,5f9fe38afd517828962fde29
818,2019-06-04 02:00:00+00:00,0.0,,uppsala,5f9fe38afd517828962fde29
819,2019-06-04 03:00:00+00:00,56.2,,uppsala,5f9fe38afd517828962fde29
820,2019-06-04 04:00:00+00:00,0.0,,uppsala,5f9fe38afd517828962fde29
821,2019-06-04 05:00:00+00:00,0.6000000000000001,,uppsala,5f9fe38afd517828962fde29
822,2019-06-04 06:00:00+00:00,16.7,,uppsala,5f9fe38afd517828962fde29
823,2019-06-04 07:00:00+00:00,707.7,,uppsala,5f9fe38afd517828962fde29
824,2019-06-04 08:00:00+00:00,752.2,,uppsala,5f9fe38afd517828962fde29
825,2019-06-04 09:00:00+00:00,765.3,,uppsala,5f9fe38afd517828962fde29
826,2019-06-04 10:00:00+00:00,777.6,,uppsala,5f9fe38afd517828962fde29
827,2019-06-04 11:00:00+00:00,771.0,,uppsala,5f9fe38afd517828962fde29
828,2019-06-04 12:00:00+00:00,747.7,,uppsala,5f9fe38afd517828962fde29
829,2019-06-04 13:00:00+00:00,725.2,,uppsala,5f9fe38afd517828962fde29
830,2019-06-04 14:00:00+00:00,690.0,,uppsala,5f9fe38afd517828962fde29
831,2019-06-04 15:00:00+00:00,617.6,,uppsala,5f9fe38afd517828962fde29
832,2019-06-04 16:00:00+00:00,484.4,,uppsala,5f9fe38afd517828962fde29
833,2019-06-04 17:00:00+00:00,395.7,,uppsala,5f9fe38afd517828962fde29
834,2019-06-04 18:00:00+00:00,194.1,,uppsala,5f9fe38afd517828962fde29
835,2019-06-04 19:00:00+00:00,4.3,,uppsala,5f9fe38afd517828962fde29
836,2019-06-04 20:00:00+00:00,0.0,,uppsala,5f9fe38afd517828962fde29
837,2019-06-04 21:00:00+00:00,0.0,,uppsala,5f9fe38afd517828962fde29
838,2019-06-04 22:00:00+00:00,0.0,,uppsala,5f9fe38afd517828962fde29
839,2019-06-04 23:00:00+00:00,0.0,,uppsala,5f9fe38afd517828962fde29
840,2019-06-05 00:00:00+00:00,0.0,,uppsala,5f9fe38afd517828962fde29
841,2019-06-05 01:00:00+00:00,0.0,,uppsala,5f9fe38afd517828962fde29
842,2019-06-05 02:00:00+00:00,0.0,,uppsala,5f9fe38afd517828962fde29
843,2019-06-05 03:00:00+00:00,63.9,,uppsala,5f9fe38afd517828962fde29
844,2019-06-05 04:00:00+00:00,221.9,,uppsala,5f9fe38afd517828962fde29
845,2019-06-05 05:00:00+00:00,3.8,,uppsala,5f9fe38afd517828962fde29
846,2019-06-05 06:00:00+00:00,115.4,,uppsala,5f9fe38afd517828962fde29
847,2019-06-05 07:00:00+00:00,391.1,,uppsala,5f9fe38afd517828962fde29
848,2019-06-05 08:00:00+00:00,183.0,,uppsala,5f9fe38afd517828962fde29
849,2019-06-05 09:00:00+00:00,660.0,,uppsala,5f9fe38afd517828962fde29
850,2019-06-05 10:00:00+00:00,695.5,,uppsala,5f9fe38afd517828962fde29
851,2019-06-05 11:00:00+00:00,702.8,,uppsala,5f9fe38afd517828962fde29
852,2019-06-05 12:00:00+00:00,639.3,,uppsala,5f9fe38afd517828962fde29
853,2019-06-05 13:00:00+00:00,407.5,,uppsala,5f9fe38afd517828962fde29
854,2019-06-05 14:00:00+00:00,599.4,,uppsala,5f9fe38afd517828962fde29
855,2019-06-05 15:00:00+00:00,557.9,,uppsala,5f9fe38afd517828962fde29
856,2019-06-05 16:00:00+00:00,458.4,,uppsala,5f9fe38afd517828962fde29
857,2019-06-05 17:00:00+00:00,334.8,,uppsala,5f9fe38afd517828962fde29
858,2019-06-05 18:00:00+00:00,196.2,,uppsala,5f9fe38afd517828962fde29
859,2019-06-05 19:00:00+00:00,51.9,,uppsala,5f9fe38afd517828962fde29
860,2019-06-05 20:00:00+00:00,0.0,,uppsala,5f9fe38afd517828962fde29
861,2019-06-05 21:00:00+00:00,0.0,,uppsala,5f9fe38afd517828962fde29
862,2019-06-05 22:00:00+00:00,0.0,,uppsala,5f9fe38afd517828962fde29
863,2019-06-05 23:00:00+00:00,0.0,,uppsala,5f9fe38afd517828962fde29
864,2019-06-06 00:00:00+00:00,0.0,,uppsala,5f9fe38afd517828962fde29
865,2019-06-06 01:00:00+00:00,0.0,,uppsala,5f9fe38afd517828962fde29
866,2019-06-06 02:00:00+00:00,0.0,,uppsala,5f9fe38afd517828962fde29
867,2019-06-06 03:00:00+00:00,158.3,,uppsala,5f9fe38afd517828962fde29
868,2019-06-06 04:00:00+00:00,345.1,,uppsala,5f9fe38afd517828962fde29
869,2019-06-06 05:00:00+00:00,493.5,,uppsala,5f9fe38afd517828962fde29
870,2019-06-06 06:00:00+00:00,606.0,,uppsala,5f9fe38afd517828962fde29
871,2019-06-06 07:00:00+00:00,675.0,,uppsala,5f9fe38afd517828962fde29
872,2019-06-06 08:00:00+00:00,738.7,,uppsala,5f9fe38afd517828962fde29
873,2019-06-06 09:00:00+00:00,780.2,,uppsala,5f9fe38afd517828962fde29
874,2019-06-06 10:00:00+00:00,804.1,,uppsala,5f9fe38afd517828962fde29
875,2019-06-06 11:00:00+00:00,811.3,,uppsala,5f9fe38afd517828962fde29
876,2019-06-06 12:00:00+00:00,798.1,,uppsala,5f9fe38afd517828962fde29
877,2019-06-06 13:00:00+00:00,755.8,,uppsala,5f9fe38afd517828962fde29
878,2019-06-06 14:00:00+00:00,701.2,,uppsala,5f9fe38afd517828962fde29
879,2019-06-06 15:00:00+00:00,676.5,,uppsala,5f9fe38afd517828962fde29
880,2019-06-06 16:00:00+00:00,613.7,,uppsala,5f9fe38afd517828962fde29
881,2019-06-06 17:00:00+00:00,507.8,,uppsala,5f9fe38afd517828962fde29
882,2019-06-06 18:00:00+00:00,349.3,,uppsala,5f9fe38afd517828962fde29
883,2019-06-06 19:00:00+00:00,132.8,,uppsala,5f9fe38afd517828962fde29
884,2019-06-06 20:00:00+00:00,0.0,,uppsala,5f9fe38afd517828962fde29
885,2019-06-06 21:00:00+00:00,0.0,,uppsala,5f9fe38afd517828962fde29
886,2019-06-06 22:00:00+00:00,0.0,,uppsala,5f9fe38afd517828962fde29
887,2019-06-06 23:00:00+00:00,0.0,,uppsala,5f9fe38afd517828962fde29
888,2019-06-07 00:00:00+00:00,0.0,,uppsala,5f9fe38afd517828962fde29
889,2019-06-07 01:00:00+00:00,0.0,,uppsala,5f9fe38afd517828962fde29
890,2019-06-07 02:00:00+00:00,0.30000000000000004,,uppsala,5f9fe38afd517828962fde29
891,2019-06-07 03:00:00+00:00,13.5,,uppsala,5f9fe38afd517828962fde29
892,2019-06-07 04:00:00+00:00,13.1,,uppsala,5f9fe38afd517828962fde29
893,2019-06-07 05:00:00+00:00,71.9,,uppsala,5f9fe38afd517828962fde29
894,2019-06-07 06:00:00+00:00,1.7000000000000002,,uppsala,5f9fe38afd517828962fde29
895,2019-06-07 07:00:00+00:00,110.8,,uppsala,5f9fe38afd517828962fde29
896,2019-06-07 08:00:00+00:00,254.0,,uppsala,5f9fe38afd517828962fde29
897,2019-06-07 09:00:00+00:00,664.2,,uppsala,5f9fe38afd517828962fde29
898,2019-06-07 10:00:00+00:00,171.6,,uppsala,5f9fe38afd517828962fde29
899,2019-06-07 11:00:00+00:00,7.2,,uppsala,5f9fe38afd517828962fde29
900,2019-06-07 12:00:00+00:00,744.9,,uppsala,5f9fe38afd517828962fde29
901,2019-06-07 13:00:00+00:00,743.7,,uppsala,5f9fe38afd517828962fde29
902,2019-06-07 14:00:00+00:00,711.5,,uppsala,5f9fe38afd517828962fde29
903,2019-06-07 15:00:00+00:00,642.1,,uppsala,5f9fe38afd517828962fde29
904,2019-06-07 16:00:00+00:00,574.6,,uppsala,5f9fe38afd517828962fde29
905,2019-06-07 17:00:00+00:00,446.0,,uppsala,5f9fe38afd517828962fde29
906,2019-06-07 18:00:00+00:00,291.9,,uppsala,5f9fe38afd517828962fde29
907,2019-06-07 19:00:00+00:00,102.5,,uppsala,5f9fe38afd517828962fde29
908,2019-06-07 20:00:00+00:00,0.0,,uppsala,5f9fe38afd517828962fde29
909,2019-06-07 21:00:00+00:00,0.0,,uppsala,5f9fe38afd517828962fde29
910,2019-06-07 22:00:00+00:00,0.0,,uppsala,5f9fe38afd517828962fde29
911,2019-06-07 23:00:00+00:00,0.0,,uppsala,5f9fe38afd517828962fde29
912,2019-06-08 00:00:00+00:00,0.0,,uppsala,5f9fe38afd517828962fde29
913,2019-06-08 01:00:00+00:00,0.0,,uppsala,5f9fe38afd517828962fde29
914,2019-06-08 02:00:00+00:00,1.3,,uppsala,5f9fe38afd517828962fde29
915,2019-06-08 03:00:00+00:00,196.6,,uppsala,5f9fe38afd517828962fde29
916,2019-06-08 04:00:00+00:00,370.5,,uppsala,5f9fe38afd517828962fde29
917,2019-06-08 05:00:00+00:00,497.6,,uppsala,5f9fe38afd517828962fde29
918,2019-06-08 06:00:00+00:00,609.1,,uppsala,5f9fe38afd517828962fde29
919,2019-06-08 07:00:00+00:00,696.2,,uppsala,5f9fe38afd517828962fde29
920,2019-06-08 08:00:00+00:00,751.2,,uppsala,5f9fe38afd517828962fde29
921,2019-06-08 09:00:00+00:00,789.2,,uppsala,5f9fe38afd517828962fde29
922,2019-06-08 10:00:00+00:00,819.4,,uppsala,5f9fe38afd517828962fde29
923,2019-06-08 11:00:00+00:00,836.1,,uppsala,5f9fe38afd517828962fde29
924,2019-06-08 12:00:00+00:00,837.6,,uppsala,5f9fe38afd517828962fde29
925,2019-06-08 13:00:00+00:00,828.9,,uppsala,5f9fe38afd517828962fde29
926,2019-06-08 14:00:00+00:00,788.0,,uppsala,5f9fe38afd517828962fde29
927,2019-06-08 15:00:00+00:00,750.0,,uppsala,5f9fe38afd517828962fde29
928,2019-06-08 16:00:00+00:00,649.6,,uppsala,5f9fe38afd517828962fde29
929,2019-06-08 17:00:00+00:00,427.1,,uppsala,5f9fe38afd517828962fde29
930,2019-06-08 18:00:00+00:00,217.8,,uppsala,5f9fe38afd517828962fde29
931,2019-06-08 19:00:00+00:00,3.1,,uppsala,5f9fe38afd517828962fde29
932,2019-06-08 20:00:00+00:00,0.0,,uppsala,5f9fe38afd517828962fde29
933,2019-06-08 21:00:00+00:00,0.0,,uppsala,5f9fe38afd517828962fde29
934,2019-06-08 22:00:00+00:00,0.0,,uppsala,5f9fe38afd517828962fde29
935,2019-06-08 23:00:00+00:00,0.0,,uppsala,5f9fe38afd517828962fde29
936,2019-06-09 00:00:00+00:00,0.0,,uppsala,5f9fe38afd517828962fde29
937,2019-06-09 01:00:00+00:00,0.0,,uppsala,5f9fe38afd517828962fde29
938,2019-06-09 02:00:00+00:00,6.8,,uppsala,5f9fe38afd517828962fde29
939,2019-06-09 03:00:00+00:00,209.0,,uppsala,5f9fe38afd517828962fde29
940,2019-06-09 04:00:00+00:00,395.8,,uppsala,5f9fe38afd517828962fde29
941,2019-06-09 05:00:00+00:00,543.8,,uppsala,5f9fe38afd517828962fde29
942,2019-06-09 06:00:00+00:00,657.8,,uppsala,5f9fe38afd517828962fde29
943,2019-06-09 07:00:00+00:00,744.4,,uppsala,5f9fe38afd517828962fde29
944,2019-06-09 08:00:00+00:00,808.0,,uppsala,5f9fe38afd517828962fde29
945,2019-06-09 09:00:00+00:00,27.1,,uppsala,5f9fe38afd517828962fde29
946,2019-06-09 10:00:00+00:00,17.1,,uppsala,5f9fe38afd517828962fde29
947,2019-06-09 11:00:00+00:00,22.0,,uppsala,5f9fe38afd517828962fde29
948,2019-06-09 12:00:00+00:00,879.2,,uppsala,5f9fe38afd517828962fde29
949,2019-06-09 13:00:00+00:00,85.9,,uppsala,5f9fe38afd517828962fde29
950,2019-06-09 14:00:00+00:00,8.9,,uppsala,5f9fe38afd517828962fde29
951,2019-06-09 15:00:00+00:00,523.0,,uppsala,5f9fe38afd517828962fde29
952,2019-06-09 16:00:00+00:00,76.5,,uppsala,5f9fe38afd517828962fde29
953,2019-06-09 17:00:00+00:00,206.4,,uppsala,5f9fe38afd517828962fde29
954,2019-06-09 18:00:00+00:00,385.1,,uppsala,5f9fe38afd517828962fde29
955,2019-06-09 19:00:00+00:00,0.0,,uppsala,5f9fe38afd517828962fde29
956,2019-06-09 20:00:00+00:00,0.0,,uppsala,5f9fe38afd517828962fde29
957,2019-06-09 21:00:00+00:00,0.0,,uppsala,5f9fe38afd517828962fde29
958,2019-06-09 22:00:00+00:00,0.0,,uppsala,5f9fe38afd517828962fde29
959,2019-06-09 23:00:00+00:00,0.0,,uppsala,5f9fe38afd517828962fde29
960,2019-06-10 00:00:00+00:00,0.0,,uppsala,5f9fe38afd517828962fde29
961,2019-06-10 01:00:00+00:00,0.0,,uppsala,5f9fe38afd517828962fde29
962,2019-06-10 02:00:00+00:00,61.5,,uppsala,5f9fe38afd517828962fde29
963,2019-06-10 03:00:00+00:00,287.7,,uppsala,5f9fe38afd517828962fde29
964,2019-06-10 04:00:00+00:00,508.0,,uppsala,5f9fe38afd517828962fde29
965,2019-06-10 05:00:00+00:00,649.2,,uppsala,5f9fe38afd517828962fde29
966,2019-06-10 06:00:00+00:00,739.9,,uppsala,5f9fe38afd517828962fde29
967,2019-06-10 07:00:00+00:00,799.9,,uppsala,5f9fe38afd517828962fde29
968,2019-06-10 08:00:00+00:00,848.0,,uppsala,5f9fe38afd517828962fde29
969,2019-06-10 09:00:00+00:00,854.7,,uppsala,5f9fe38afd517828962fde29
970,2019-06-10 10:00:00+00:00,850.8,,uppsala,5f9fe38afd517828962fde29
971,2019-06-10 11:00:00+00:00,846.4,,uppsala,5f9fe38afd517828962fde29
972,2019-06-10 12:00:00+00:00,858.6,,uppsala,5f9fe38afd517828962fde29
973,2019-06-10 13:00:00+00:00,849.3,,uppsala,5f9fe38afd517828962fde29
974,2019-06-10 14:00:00+00:00,785.5,,uppsala,5f9fe38afd517828962fde29
975,2019-06-10 15:00:00+00:00,799.9,,uppsala,5f9fe38afd517828962fde29
976,2019-06-10 16:00:00+00:00,736.4,,uppsala,5f9fe38afd517828962fde29
977,2019-06-10 17:00:00+00:00,631.1,,uppsala,5f9fe38afd517828962fde29
978,2019-06-10 18:00:00+00:00,480.9,,uppsala,5f9fe38afd517828962fde29
979,2019-06-10 19:00:00+00:00,248.5,,uppsala,5f9fe38afd517828962fde29
980,2019-06-10 20:00:00+00:00,0.0,,uppsala,5f9fe38afd517828962fde29
981,2019-06-10 21:00:00+00:00,0.0,,uppsala,5f9fe38afd517828962fde29
982,2019-06-10 22:00:00+00:00,0.0,,uppsala,5f9fe38afd517828962fde29
983,2019-06-10 23:00:00+00:00,0.0,,uppsala,5f9fe38afd517828962fde29
984,2019-06-11 00:00:00+00:00,0.0,,uppsala,5f9fe38afd517828962fde29
985,2019-06-11 01:00:00+00:00,0.0,,uppsala,5f9fe38afd517828962fde29
986,2019-06-11 02:00:00+00:00,1.9,,uppsala,5f9fe38afd517828962fde29
987,2019-06-11 03:00:00+00:00,65.8,,uppsala,5f9fe38afd517828962fde29
988,2019-06-11 04:00:00+00:00,65.5,,uppsala,5f9fe38afd517828962fde29
989,2019-06-11 05:00:00+00:00,231.4,,uppsala,5f9fe38afd517828962fde29
990,2019-06-11 06:00:00+00:00,52.3,,uppsala,5f9fe38afd517828962fde29
991,2019-06-11 07:00:00+00:00,34.3,,uppsala,5f9fe38afd517828962fde29
992,2019-06-11 08:00:00+00:00,101.7,,uppsala,5f9fe38afd517828962fde29
993,2019-06-11 09:00:00+00:00,115.0,,uppsala,5f9fe38afd517828962fde29
994,2019-06-11 10:00:00+00:00,213.8,,uppsala,5f9fe38afd517828962fde29
995,2019-06-11 11:00:00+00:00,9.5,,uppsala,5f9fe38afd517828962fde29
996,2019-06-11 12:00:00+00:00,31.2,,uppsala,5f9fe38afd517828962fde29
997,2019-06-11 13:00:00+00:00,40.0,,uppsala,5f9fe38afd517828962fde29
998,2019-06-11 14:00:00+00:00,71.8,,uppsala,5f9fe38afd517828962fde29
999,2019-06-11 15:00:00+00:00,122.9,,uppsala,5f9fe38afd517828962fde29
1000,2019-06-11 16:00:00+00:00,33.8,,uppsala,5f9fe38afd517828962fde29
1001,2019-06-11 17:00:00+00:00,0.1,,uppsala,5f9fe38afd517828962fde29
1002,2019-06-11 18:00:00+00:00,15.8,,uppsala,5f9fe38afd517828962fde29
1003,2019-06-11 19:00:00+00:00,0.0,,uppsala,5f9fe38afd517828962fde29
1004,2019-06-11 20:00:00+00:00,0.0,,uppsala,5f9fe38afd517828962fde29
1005,2019-06-11 21:00:00+00:00,0.0,,uppsala,5f9fe38afd517828962fde29
1006,2019-06-11 22:00:00+00:00,0.0,,uppsala,5f9fe38afd517828962fde29
1007,2019-06-11 23:00:00+00:00,0.0,,uppsala,5f9fe38afd517828962fde29
1008,2019-06-12 00:00:00+00:00,0.0,,uppsala,5f9fe38afd517828962fde29
1009,2019-06-12 01:00:00+00:00,0.0,,uppsala,5f9fe38afd517828962fde29
1010,2019-06-12 02:00:00+00:00,0.0,,uppsala,5f9fe38afd517828962fde29
1011,2019-06-12 03:00:00+00:00,0.0,,uppsala,5f9fe38afd517828962fde29
1012,2019-06-12 04:00:00+00:00,0.0,,uppsala,5f9fe38afd517828962fde29
1013,2019-06-12 05:00:00+00:00,5.7,,uppsala,5f9fe38afd517828962fde29
1014,2019-06-12 06:00:00+00:00,58.0,,uppsala,5f9fe38afd517828962fde29
1015,2019-06-12 07:00:00+00:00,128.0,,uppsala,5f9fe38afd517828962fde29
1016,2019-06-12 08:00:00+00:00,98.9,,uppsala,5f9fe38afd517828962fde29
1017,2019-06-12 09:00:00+00:00,54.8,,uppsala,5f9fe38afd517828962fde29
1018,2019-06-12 10:00:00+00:00,7.7,,uppsala,5f9fe38afd517828962fde29
1019,2019-06-12 11:00:00+00:00,68.1,,uppsala,5f9fe38afd517828962fde29
1020,2019-06-12 12:00:00+00:00,26.9,,uppsala,5f9fe38afd517828962fde29
1021,2019-06-12 13:00:00+00:00,7.2,,uppsala,5f9fe38afd517828962fde29
1022,2019-06-12 14:00:00+00:00,105.9,,uppsala,5f9fe38afd517828962fde29
1023,2019-06-12 15:00:00+00:00,2.9,,uppsala,5f9fe38afd517828962fde29
1024,2019-06-12 16:00:00+00:00,129.9,,uppsala,5f9fe38afd517828962fde29
1025,2019-06-12 17:00:00+00:00,20.9,,uppsala,5f9fe38afd517828962fde29
1026,2019-06-12 18:00:00+00:00,0.0,,uppsala,5f9fe38afd517828962fde29
1027,2019-06-12 19:00:00+00:00,0.0,,uppsala,5f9fe38afd517828962fde29
1028,2019-06-12 20:00:00+00:00,0.0,,uppsala,5f9fe38afd517828962fde29
1029,2019-06-12 21:00:00+00:00,0.0,,uppsala,5f9fe38afd517828962fde29
1030,2019-06-12 22:00:00+00:00,0.0,,uppsala,5f9fe38afd517828962fde29
1031,2019-06-12 23:00:00+00:00,0.0,,uppsala,5f9fe38afd517828962fde29
1032,2019-06-13 00:00:00+00:00,0.0,,uppsala,5f9fe38afd517828962fde29
1033,2019-06-13 01:00:00+00:00,0.0,,uppsala,5f9fe38afd517828962fde29
1034,2019-06-13 02:00:00+00:00,0.0,,uppsala,5f9fe38afd517828962fde29
1035,2019-06-13 03:00:00+00:00,0.0,,uppsala,5f9fe38afd517828962fde29
1036,2019-06-13 04:00:00+00:00,0.0,,uppsala,5f9fe38afd517828962fde29
1037,2019-06-13 05:00:00+00:00,0.0,,uppsala,5f9fe38afd517828962fde29
1038,2019-06-13 06:00:00+00:00,0.9,,uppsala,5f9fe38afd517828962fde29
1039,2019-06-13 07:00:00+00:00,2.3,,uppsala,5f9fe38afd517828962fde29
1040,2019-06-13 08:00:00+00:00,3.4,,uppsala,5f9fe38afd517828962fde29
1041,2019-06-13 09:00:00+00:00,4.8,,uppsala,5f9fe38afd517828962fde29
1042,2019-06-13 10:00:00+00:00,5.8,,uppsala,5f9fe38afd517828962fde29
1043,2019-06-13 11:00:00+00:00,9.4,,uppsala,5f9fe38afd517828962fde29
1044,2019-06-13 12:00:00+00:00,4.4,,uppsala,5f9fe38afd517828962fde29
1045,2019-06-13 13:00:00+00:00,6.8,,uppsala,5f9fe38afd517828962fde29
1046,2019-06-13 14:00:00+00:00,3.1,,uppsala,5f9fe38afd517828962fde29
1047,2019-06-13 15:00:00+00:00,1.9,,uppsala,5f9fe38afd517828962fde29
1048,2019-06-13 16:00:00+00:00,0.9,,uppsala,5f9fe38afd517828962fde29
1049,2019-06-13 17:00:00+00:00,0.0,,uppsala,5f9fe38afd517828962fde29
1050,2019-06-13 18:00:00+00:00,0.0,,uppsala,5f9fe38afd517828962fde29
1051,2019-06-13 19:00:00+00:00,0.0,,uppsala,5f9fe38afd517828962fde29
1052,2019-06-13 20:00:00+00:00,0.0,,uppsala,5f9fe38afd517828962fde29
1053,2019-06-13 21:00:00+00:00,0.0,,uppsala,5f9fe38afd517828962fde29
1054,2019-06-13 22:00:00+00:00,0.0,,uppsala,5f9fe38afd517828962fde29
1055,2019-06-13 23:00:00+00:00,0.0,,uppsala,5f9fe38afd517828962fde29
1056,2019-06-14 00:00:00+00:00,0.0,,uppsala,5f9fe38afd517828962fde29
1057,2019-06-14 01:00:00+00:00,0.0,,uppsala,5f9fe38afd517828962fde29
1058,2019-06-14 02:00:00+00:00,0.0,,uppsala,5f9fe38afd517828962fde29
1059,2019-06-14 03:00:00+00:00,0.0,,uppsala,5f9fe38afd517828962fde29
1060,2019-06-14 04:00:00+00:00,0.0,,uppsala,5f9fe38afd517828962fde29
1061,2019-06-14 05:00:00+00:00,27.1,,uppsala,5f9fe38afd517828962fde29
1062,2019-06-14 06:00:00+00:00,7.5,,uppsala,5f9fe38afd517828962fde29
1063,2019-06-14 07:00:00+00:00,172.6,,uppsala,5f9fe38afd517828962fde29
1064,2019-06-14 08:00:00+00:00,11.2,,uppsala,5f9fe38afd517828962fde29
1065,2019-06-14 09:00:00+00:00,10.1,,uppsala,5f9fe38afd517828962fde29
1066,2019-06-14 10:00:00+00:00,19.7,,uppsala,5f9fe38afd517828962fde29
1067,2019-06-14 11:00:00+00:00,34.5,,uppsala,5f9fe38afd517828962fde29
1068,2019-06-14 12:00:00+00:00,331.8,,uppsala,5f9fe38afd517828962fde29
1069,2019-06-14 13:00:00+00:00,362.5,,uppsala,5f9fe38afd517828962fde29
1070,2019-06-14 14:00:00+00:00,761.6,,uppsala,5f9fe38afd517828962fde29
1071,2019-06-14 15:00:00+00:00,733.6,,uppsala,5f9fe38afd517828962fde29
1072,2019-06-14 16:00:00+00:00,646.2,,uppsala,5f9fe38afd517828962fde29
1073,2019-06-14 17:00:00+00:00,544.1,,uppsala,5f9fe38afd517828962fde29
1074,2019-06-14 18:00:00+00:00,389.4,,uppsala,5f9fe38afd517828962fde29
1075,2019-06-14 19:00:00+00:00,141.7,,uppsala,5f9fe38afd517828962fde29
1076,2019-06-14 20:00:00+00:00,0.0,,uppsala,5f9fe38afd517828962fde29
1077,2019-06-14 21:00:00+00:00,0.0,,uppsala,5f9fe38afd517828962fde29
1078,2019-06-14 22:00:00+00:00,0.0,,uppsala,5f9fe38afd517828962fde29
1079,2019-06-14 23:00:00+00:00,0.0,,uppsala,5f9fe38afd517828962fde29
1080,2019-06-15 00:00:00+00:00,0.0,,uppsala,5f9fe38afd517828962fde29
1081,2019-06-15 01:00:00+00:00,0.0,,uppsala,5f9fe38afd517828962fde29
1082,2019-06-15 02:00:00+00:00,43.7,,uppsala,5f9fe38afd517828962fde29
1083,2019-06-15 03:00:00+00:00,299.8,,uppsala,5f9fe38afd517828962fde29
1084,2019-06-15 04:00:00+00:00,156.4,,uppsala,5f9fe38afd517828962fde29
1085,2019-06-15 05:00:00+00:00,87.5,,uppsala,5f9fe38afd517828962fde29
1086,2019-06-15 06:00:00+00:00,697.5,,uppsala,5f9fe38afd517828962fde29
1087,2019-06-15 07:00:00+00:00,747.2,,uppsala,5f9fe38afd517828962fde29
1088,2019-06-15 08:00:00+00:00,774.9,,uppsala,5f9fe38afd517828962fde29
1089,2019-06-15 09:00:00+00:00,808.4,,uppsala,5f9fe38afd517828962fde29
1090,2019-06-15 10:00:00+00:00,830.3,,uppsala,5f9fe38afd517828962fde29
1091,2019-06-15 11:00:00+00:00,840.9,,uppsala,5f9fe38afd517828962fde29
1092,2019-06-15 12:00:00+00:00,835.4,,uppsala,5f9fe38afd517828962fde29
1093,2019-06-15 13:00:00+00:00,826.1,,uppsala,5f9fe38afd517828962fde29
1094,2019-06-15 14:00:00+00:00,781.2,,uppsala,5f9fe38afd517828962fde29
1095,2019-06-15 15:00:00+00:00,825.3,,uppsala,5f9fe38afd517828962fde29
1096,2019-06-15 16:00:00+00:00,759.0,,uppsala,5f9fe38afd517828962fde29
1097,2019-06-15 17:00:00+00:00,665.4,,uppsala,5f9fe38afd517828962fde29
1098,2019-06-15 18:00:00+00:00,507.3,,uppsala,5f9fe38afd517828962fde29
1099,2019-06-15 19:00:00+00:00,284.3,,uppsala,5f9fe38afd517828962fde29
1100,2019-06-15 20:00:00+00:00,3.6,,uppsala,5f9fe38afd517828962fde29
1101,2019-06-15 21:00:00+00:00,0.0,,uppsala,5f9fe38afd517828962fde29
1102,2019-06-15 22:00:00+00:00,0.0,,uppsala,5f9fe38afd517828962fde29
1103,2019-06-15 23:00:00+00:00,0.0,,uppsala,5f9fe38afd517828962fde29
1104,2019-06-16 00:00:00+00:00,0.0,,uppsala,5f9fe38afd517828962fde29
1105,2019-06-16 01:00:00+00:00,0.0,,uppsala,5f9fe38afd517828962fde29
1106,2019-06-16 02:00:00+00:00,87.5,,uppsala,5f9fe38afd517828962fde29
1107,2019-06-16 03:00:00+00:00,376.4,,uppsala,5f9fe38afd517828962fde29
1108,2019-06-16 04:00:00+00:00,555.2,,uppsala,5f9fe38afd517828962fde29
1109,2019-06-16 05:00:00+00:00,678.2,,uppsala,5f9fe38afd517828962fde29
1110,2019-06-16 06:00:00+00:00,749.3,,uppsala,5f9fe38afd517828962fde29
1111,2019-06-16 07:00:00+00:00,792.8,,uppsala,5f9fe38afd517828962fde29
1112,2019-06-16 08:00:00+00:00,823.1,,uppsala,5f9fe38afd517828962fde29
1113,2019-06-16 09:00:00+00:00,788.9,,uppsala,5f9fe38afd517828962fde29
1114,2019-06-16 10:00:00+00:00,812.2,,uppsala,5f9fe38afd517828962fde29
1115,2019-06-16 11:00:00+00:00,461.2,,uppsala,5f9fe38afd517828962fde29
1116,2019-06-16 12:00:00+00:00,112.6,,uppsala,5f9fe38afd517828962fde29
1117,2019-06-16 13:00:00+00:00,363.3,,uppsala,5f9fe38afd517828962fde29
1118,2019-06-16 14:00:00+00:00,713.6,,uppsala,5f9fe38afd517828962fde29
1119,2019-06-16 15:00:00+00:00,615.0,,uppsala,5f9fe38afd517828962fde29
1120,2019-06-16 16:00:00+00:00,502.6,,uppsala,5f9fe38afd517828962fde29
1121,2019-06-16 17:00:00+00:00,393.6,,uppsala,5f9fe38afd517828962fde29
1122,2019-06-16 18:00:00+00:00,261.7,,uppsala,5f9fe38afd517828962fde29
1123,2019-06-16 19:00:00+00:00,0.0,,uppsala,5f9fe38afd517828962fde29
1124,2019-06-16 20:00:00+00:00,0.0,,uppsala,5f9fe38afd517828962fde29
1125,2019-06-16 21:00:00+00:00,0.0,,uppsala,5f9fe38afd517828962fde29
1126,2019-06-16 22:00:00+00:00,0.0,,uppsala,5f9fe38afd517828962fde29
1127,2019-06-16 23:00:00+00:00,0.0,,uppsala,5f9fe38afd517828962fde29
1128,2019-06-17 00:00:00+00:00,0.0,,uppsala,5f9fe38afd517828962fde29
1129,2019-06-17 01:00:00+00:00,0.0,,uppsala,5f9fe38afd517828962fde29
1130,2019-06-17 02:00:00+00:00,0.0,,uppsala,5f9fe38afd517828962fde29
1131,2019-06-17 03:00:00+00:00,68.7,,uppsala,5f9fe38afd517828962fde29
1132,2019-06-17 04:00:00+00:00,3.5,,uppsala,5f9fe38afd517828962fde29
1133,2019-06-17 05:00:00+00:00,10.3,,uppsala,5f9fe38afd517828962fde29
1134,2019-06-17 06:00:00+00:00,4.9,,uppsala,5f9fe38afd517828962fde29
1135,2019-06-17 07:00:00+00:00,765.5,,uppsala,5f9fe38afd517828962fde29
1136,2019-06-17 08:00:00+00:00,581.2,,uppsala,5f9fe38afd517828962fde29
1137,2019-06-17 09:00:00+00:00,871.8,,uppsala,5f9fe38afd517828962fde29
1138,2019-06-17 10:00:00+00:00,902.9,,uppsala,5f9fe38afd517828962fde29
1139,2019-06-17 11:00:00+00:00,915.4,,uppsala,5f9fe38afd517828962fde29
1140,2019-06-17 12:00:00+00:00,914.7,,uppsala,5f9fe38afd517828962fde29
1141,2019-06-17 13:00:00+00:00,896.0,,uppsala,5f9fe38afd517828962fde29
1142,2019-06-17 14:00:00+00:00,874.1,,uppsala,5f9fe38afd517828962fde29
1143,2019-06-17 15:00:00+00:00,828.9,,uppsala,5f9fe38afd517828962fde29
1144,2019-06-17 16:00:00+00:00,778.8,,uppsala,5f9fe38afd517828962fde29
1145,2019-06-17 17:00:00+00:00,700.7,,uppsala,5f9fe38afd517828962fde29
1146,2019-06-17 18:00:00+00:00,557.0,,uppsala,5f9fe38afd517828962fde29
1147,2019-06-17 19:00:00+00:00,317.8,,uppsala,5f9fe38afd517828962fde29
1148,2019-06-17 20:00:00+00:00,7.9,,uppsala,5f9fe38afd517828962fde29
1149,2019-06-17 21:00:00+00:00,0.0,,uppsala,5f9fe38afd517828962fde29
1150,2019-06-17 22:00:00+00:00,0.0,,uppsala,5f9fe38afd517828962fde29
1151,2019-06-17 23:00:00+00:00,0.0,,uppsala,5f9fe38afd517828962fde29
1152,2019-06-18 00:00:00+00:00,0.0,,uppsala,5f9fe38afd517828962fde29
1153,2019-06-18 01:00:00+00:00,0.0,,uppsala,5f9fe38afd517828962fde29
1154,2019-06-18 02:00:00+00:00,91.7,,uppsala,5f9fe38afd517828962fde29
1155,2019-06-18 03:00:00+00:00,422.3,,uppsala,5f9fe38afd517828962fde29
1156,2019-06-18 04:00:00+00:00,628.4,,uppsala,5f9fe38afd517828962fde29
1157,2019-06-18 05:00:00+00:00,750.5,,uppsala,5f9fe38afd517828962fde29
1158,2019-06-18 06:00:00+00:00,824.5,,uppsala,5f9fe38afd517828962fde29
1159,2019-06-18 07:00:00+00:00,870.4,,uppsala,5f9fe38afd517828962fde29
1160,2019-06-18 08:00:00+00:00,894.1,,uppsala,5f9fe38afd517828962fde29
1161,2019-06-18 09:00:00+00:00,905.5,,uppsala,5f9fe38afd517828962fde29
1162,2019-06-18 10:00:00+00:00,837.9,,uppsala,5f9fe38afd517828962fde29
1163,2019-06-18 11:00:00+00:00,790.4,,uppsala,5f9fe38afd517828962fde29
1164,2019-06-18 12:00:00+00:00,876.7,,uppsala,5f9fe38afd517828962fde29
1165,2019-06-18 13:00:00+00:00,465.7,,uppsala,5f9fe38afd517828962fde29
1166,2019-06-18 14:00:00+00:00,7.6,,uppsala,5f9fe38afd517828962fde29
1167,2019-06-18 15:00:00+00:00,52.6,,uppsala,5f9fe38afd517828962fde29
1168,2019-06-18 16:00:00+00:00,63.8,,uppsala,5f9fe38afd517828962fde29
1169,2019-06-18 17:00:00+00:00,35.1,,uppsala,5f9fe38afd517828962fde29
1170,2019-06-18 18:00:00+00:00,0.0,,uppsala,5f9fe38afd517828962fde29
1171,2019-06-18 19:00:00+00:00,0.0,,uppsala,5f9fe38afd517828962fde29
1172,2019-06-18 20:00:00+00:00,0.0,,uppsala,5f9fe38afd517828962fde29
1173,2019-06-18 21:00:00+00:00,0.0,,uppsala,5f9fe38afd517828962fde29
1174,2019-06-18 22:00:00+00:00,0.0,,uppsala,5f9fe38afd517828962fde29
1175,2019-06-18 23:00:00+00:00,0.0,,uppsala,5f9fe38afd517828962fde29
1176,2019-06-19 00:00:00+00:00,0.0,,uppsala,5f9fe38afd517828962fde29
1177,2019-06-19 01:00:00+00:00,0.0,,uppsala,5f9fe38afd517828962fde29
1178,2019-06-19 02:00:00+00:00,0.0,,uppsala,5f9fe38afd517828962fde29
1179,2019-06-19 03:00:00+00:00,0.2,,uppsala,5f9fe38afd517828962fde29
1180,2019-06-19 04:00:00+00:00,14.0,,uppsala,5f9fe38afd517828962fde29
1181,2019-06-19 05:00:00+00:00,70.5,,uppsala,5f9fe38afd517828962fde29
1182,2019-06-19 06:00:00+00:00,464.9,,uppsala,5f9fe38afd517828962fde29
1183,2019-06-19 07:00:00+00:00,172.1,,uppsala,5f9fe38afd517828962fde29
1184,2019-06-19 08:00:00+00:00,454.8,,uppsala,5f9fe38afd517828962fde29
1185,2019-06-19 09:00:00+00:00,628.9,,uppsala,5f9fe38afd517828962fde29
1186,2019-06-19 10:00:00+00:00,609.4,,uppsala,5f9fe38afd517828962fde29
1187,2019-06-19 11:00:00+00:00,510.4,,uppsala,5f9fe38afd517828962fde29
1188,2019-06-19 12:00:00+00:00,552.1,,uppsala,5f9fe38afd517828962fde29
1189,2019-06-19 13:00:00+00:00,646.2,,uppsala,5f9fe38afd517828962fde29
1190,2019-06-19 14:00:00+00:00,621.8,,uppsala,5f9fe38afd517828962fde29
1191,2019-06-19 15:00:00+00:00,301.9,,uppsala,5f9fe38afd517828962fde29
1192,2019-06-19 16:00:00+00:00,352.3,,uppsala,5f9fe38afd517828962fde29
1193,2019-06-19 17:00:00+00:00,55.7,,uppsala,5f9fe38afd517828962fde29
1194,2019-06-19 18:00:00+00:00,95.3,,uppsala,5f9fe38afd517828962fde29
1195,2019-06-19 19:00:00+00:00,0.5,,uppsala,5f9fe38afd517828962fde29
1196,2019-06-19 20:00:00+00:00,0.0,,uppsala,5f9fe38afd517828962fde29
1197,2019-06-19 21:00:00+00:00,0.0,,uppsala,5f9fe38afd517828962fde29
1198,2019-06-19 22:00:00+00:00,0.0,,uppsala,5f9fe38afd517828962fde29
1199,2019-06-19 23:00:00+00:00,0.0,,uppsala,5f9fe38afd517828962fde29
1200,2019-06-20 00:00:00+00:00,0.0,,uppsala,5f9fe38afd517828962fde29
1201,2019-06-20 01:00:00+00:00,0.0,,uppsala,5f9fe38afd517828962fde29
1202,2019-06-20 02:00:00+00:00,0.4,,uppsala,5f9fe38afd517828962fde29
1203,2019-06-20 03:00:00+00:00,170.8,,uppsala,5f9fe38afd517828962fde29
1204,2019-06-20 04:00:00+00:00,375.3,,uppsala,5f9fe38afd517828962fde29
1205,2019-06-20 05:00:00+00:00,508.1,,uppsala,5f9fe38afd517828962fde29
1206,2019-06-20 06:00:00+00:00,588.9,,uppsala,5f9fe38afd517828962fde29
1207,2019-06-20 07:00:00+00:00,637.3,,uppsala,5f9fe38afd517828962fde29
1208,2019-06-20 08:00:00+00:00,665.7,,uppsala,5f9fe38afd517828962fde29
1209,2019-06-20 09:00:00+00:00,650.6,,uppsala,5f9fe38afd517828962fde29
1210,2019-06-20 10:00:00+00:00,147.4,,uppsala,5f9fe38afd517828962fde29
1211,2019-06-20 11:00:00+00:00,337.1,,uppsala,5f9fe38afd517828962fde29
1212,2019-06-20 12:00:00+00:00,485.8,,uppsala,5f9fe38afd517828962fde29
1213,2019-06-20 13:00:00+00:00,111.2,,uppsala,5f9fe38afd517828962fde29
1214,2019-06-20 14:00:00+00:00,268.5,,uppsala,5f9fe38afd517828962fde29
1215,2019-06-20 15:00:00+00:00,10.7,,uppsala,5f9fe38afd517828962fde29
1216,2019-06-20 16:00:00+00:00,262.5,,uppsala,5f9fe38afd517828962fde29
1217,2019-06-20 17:00:00+00:00,91.0,,uppsala,5f9fe38afd517828962fde29
1218,2019-06-20 18:00:00+00:00,0.0,,uppsala,5f9fe38afd517828962fde29
1219,2019-06-20 19:00:00+00:00,56.1,,uppsala,5f9fe38afd517828962fde29
1220,2019-06-20 20:00:00+00:00,0.0,,uppsala,5f9fe38afd517828962fde29
1221,2019-06-20 21:00:00+00:00,0.0,,uppsala,5f9fe38afd517828962fde29
1222,2019-06-20 22:00:00+00:00,0.0,,uppsala,5f9fe38afd517828962fde29
1223,2019-06-20 23:00:00+00:00,0.0,,uppsala,5f9fe38afd517828962fde29
1224,2019-06-21 00:00:00+00:00,0.0,,uppsala,5f9fe38afd517828962fde29
1225,2019-06-21 01:00:00+00:00,0.0,,uppsala,5f9fe38afd517828962fde29
1226,2019-06-21 02:00:00+00:00,23.9,,uppsala,5f9fe38afd517828962fde29
1227,2019-06-21 03:00:00+00:00,313.8,,uppsala,5f9fe38afd517828962fde29
1228,2019-06-21 04:00:00+00:00,558.3,,uppsala,5f9fe38afd517828962fde29
1229,2019-06-21 05:00:00+00:00,699.7,,uppsala,5f9fe38afd517828962fde29
1230,2019-06-21 06:00:00+00:00,796.5,,uppsala,5f9fe38afd517828962fde29
1231,2019-06-21 07:00:00+00:00,829.8,,uppsala,5f9fe38afd517828962fde29
1232,2019-06-21 08:00:00+00:00,886.6,,uppsala,5f9fe38afd517828962fde29
1233,2019-06-21 09:00:00+00:00,897.2,,uppsala,5f9fe38afd517828962fde29
1234,2019-06-21 10:00:00+00:00,818.5,,uppsala,5f9fe38afd517828962fde29
1235,2019-06-21 11:00:00+00:00,887.6,,uppsala,5f9fe38afd517828962fde29
1236,2019-06-21 12:00:00+00:00,899.9,,uppsala,5f9fe38afd517828962fde29
1237,2019-06-21 13:00:00+00:00,893.5,,uppsala,5f9fe38afd517828962fde29
1238,2019-06-21 14:00:00+00:00,870.3,,uppsala,5f9fe38afd517828962fde29
1239,2019-06-21 15:00:00+00:00,809.1,,uppsala,5f9fe38afd517828962fde29
1240,2019-06-21 16:00:00+00:00,757.5,,uppsala,5f9fe38afd517828962fde29
1241,2019-06-21 17:00:00+00:00,676.6,,uppsala,5f9fe38afd517828962fde29
1242,2019-06-21 18:00:00+00:00,531.4,,uppsala,5f9fe38afd517828962fde29
1243,2019-06-21 19:00:00+00:00,305.1,,uppsala,5f9fe38afd517828962fde29
1244,2019-06-21 20:00:00+00:00,13.8,,uppsala,5f9fe38afd517828962fde29
1245,2019-06-21 21:00:00+00:00,0.0,,uppsala,5f9fe38afd517828962fde29
1246,2019-06-21 22:00:00+00:00,0.0,,uppsala,5f9fe38afd517828962fde29
1247,2019-06-21 23:00:00+00:00,0.0,,uppsala,5f9fe38afd517828962fde29
1248,2019-06-22 00:00:00+00:00,0.0,,uppsala,5f9fe38afd517828962fde29
1249,2019-06-22 01:00:00+00:00,0.0,,uppsala,5f9fe38afd517828962fde29
1250,2019-06-22 02:00:00+00:00,90.8,,uppsala,5f9fe38afd517828962fde29
1251,2019-06-22 03:00:00+00:00,398.1,,uppsala,5f9fe38afd517828962fde29
1252,2019-06-22 04:00:00+00:00,610.1,,uppsala,5f9fe38afd517828962fde29
1253,2019-06-22 05:00:00+00:00,728.1,,uppsala,5f9fe38afd517828962fde29
1254,2019-06-22 06:00:00+00:00,825.3,,uppsala,5f9fe38afd517828962fde29
1255,2019-06-22 07:00:00+00:00,870.3,,uppsala,5f9fe38afd517828962fde29
1256,2019-06-22 08:00:00+00:00,906.2,,uppsala,5f9fe38afd517828962fde29
1257,2019-06-22 09:00:00+00:00,919.0,,uppsala,5f9fe38afd517828962fde29
1258,2019-06-22 10:00:00+00:00,871.3,,uppsala,5f9fe38afd517828962fde29
1259,2019-06-22 11:00:00+00:00,897.4,,uppsala,5f9fe38afd517828962fde29
1260,2019-06-22 12:00:00+00:00,828.0,,uppsala,5f9fe38afd517828962fde29
1261,2019-06-22 13:00:00+00:00,657.6,,uppsala,5f9fe38afd517828962fde29
1262,2019-06-22 14:00:00+00:00,883.5,,uppsala,5f9fe38afd517828962fde29
1263,2019-06-22 15:00:00+00:00,811.0,,uppsala,5f9fe38afd517828962fde29
1264,2019-06-22 16:00:00+00:00,745.8,,uppsala,5f9fe38afd517828962fde29
1265,2019-06-22 17:00:00+00:00,644.6,,uppsala,5f9fe38afd517828962fde29
1266,2019-06-22 18:00:00+00:00,482.0,,uppsala,5f9fe38afd517828962fde29
1267,2019-06-22 19:00:00+00:00,286.5,,uppsala,5f9fe38afd517828962fde29
1268,2019-06-22 20:00:00+00:00,8.0,,uppsala,5f9fe38afd517828962fde29
1269,2019-06-22 21:00:00+00:00,0.0,,uppsala,5f9fe38afd517828962fde29
1270,2019-06-22 22:00:00+00:00,0.0,,uppsala,5f9fe38afd517828962fde29
1271,2019-06-22 23:00:00+00:00,0.0,,uppsala,5f9fe38afd517828962fde29
1272,2019-06-23 00:00:00+00:00,0.0,,uppsala,5f9fe38afd517828962fde29
1273,2019-06-23 01:00:00+00:00,0.0,,uppsala,5f9fe38afd517828962fde29
1274,2019-06-23 02:00:00+00:00,89.4,,uppsala,5f9fe38afd517828962fde29
1275,2019-06-23 03:00:00+00:00,357.0,,uppsala,5f9fe38afd517828962fde29
1276,2019-06-23 04:00:00+00:00,151.2,,uppsala,5f9fe38afd517828962fde29
1277,2019-06-23 05:00:00+00:00,627.2,,uppsala,5f9fe38afd517828962fde29
1278,2019-06-23 06:00:00+00:00,717.0,,uppsala,5f9fe38afd517828962fde29
1279,2019-06-23 07:00:00+00:00,776.1,,uppsala,5f9fe38afd517828962fde29
1280,2019-06-23 08:00:00+00:00,816.1,,uppsala,5f9fe38afd517828962fde29
1281,2019-06-23 09:00:00+00:00,826.9,,uppsala,5f9fe38afd517828962fde29
1282,2019-06-23 10:00:00+00:00,855.9,,uppsala,5f9fe38afd517828962fde29
1283,2019-06-23 11:00:00+00:00,782.2,,uppsala,5f9fe38afd517828962fde29
1284,2019-06-23 12:00:00+00:00,858.9,,uppsala,5f9fe38afd517828962fde29
1285,2019-06-23 13:00:00+00:00,362.4,,uppsala,5f9fe38afd517828962fde29
1286,2019-06-23 14:00:00+00:00,42.9,,uppsala,5f9fe38afd517828962fde29
1287,2019-06-23 15:00:00+00:00,217.8,,uppsala,5f9fe38afd517828962fde29
1288,2019-06-23 16:00:00+00:00,256.5,,uppsala,5f9fe38afd517828962fde29
1289,2019-06-23 17:00:00+00:00,166.5,,uppsala,5f9fe38afd517828962fde29
1290,2019-06-23 18:00:00+00:00,117.0,,uppsala,5f9fe38afd517828962fde29
1291,2019-06-23 19:00:00+00:00,174.3,,uppsala,5f9fe38afd517828962fde29
1292,2019-06-23 20:00:00+00:00,0.4,,uppsala,5f9fe38afd517828962fde29
1293,2019-06-23 21:00:00+00:00,0.0,,uppsala,5f9fe38afd517828962fde29
1294,2019-06-23 22:00:00+00:00,0.0,,uppsala,5f9fe38afd517828962fde29
1295,2019-06-23 23:00:00+00:00,0.0,,uppsala,5f9fe38afd517828962fde29
1296,2019-06-24 00:00:00+00:00,0.0,,uppsala,5f9fe38afd517828962fde29
1297,2019-06-24 01:00:00+00:00,0.0,,uppsala,5f9fe38afd517828962fde29
1298,2019-06-24 02:00:00+00:00,97.2,,uppsala,5f9fe38afd517828962fde29
1299,2019-06-24 03:00:00+00:00,413.0,,uppsala,5f9fe38afd517828962fde29
1300,2019-06-24 04:00:00+00:00,607.3,,uppsala,5f9fe38afd517828962fde29
1301,2019-06-24 05:00:00+00:00,742.2,,uppsala,5f9fe38afd517828962fde29
1302,2019-06-24 06:00:00+00:00,819.2,,uppsala,5f9fe38afd517828962fde29
1303,2019-06-24 07:00:00+00:00,869.1,,uppsala,5f9fe38afd517828962fde29
1304,2019-06-24 08:00:00+00:00,862.0,,uppsala,5f9fe38afd517828962fde29
1305,2019-06-24 09:00:00+00:00,532.4,,uppsala,5f9fe38afd517828962fde29
1306,2019-06-24 10:00:00+00:00,754.7,,uppsala,5f9fe38afd517828962fde29
1307,2019-06-24 11:00:00+00:00,875.7,,uppsala,5f9fe38afd517828962fde29
1308,2019-06-24 12:00:00+00:00,877.2,,uppsala,5f9fe38afd517828962fde29
1309,2019-06-24 13:00:00+00:00,738.1,,uppsala,5f9fe38afd517828962fde29
1310,2019-06-24 14:00:00+00:00,717.3,,uppsala,5f9fe38afd517828962fde29
1311,2019-06-24 15:00:00+00:00,719.4,,uppsala,5f9fe38afd517828962fde29
1312,2019-06-24 16:00:00+00:00,633.9,,uppsala,5f9fe38afd517828962fde29
1313,2019-06-24 17:00:00+00:00,527.8,,uppsala,5f9fe38afd517828962fde29
1314,2019-06-24 18:00:00+00:00,378.3,,uppsala,5f9fe38afd517828962fde29
1315,2019-06-24 19:00:00+00:00,188.2,,uppsala,5f9fe38afd517828962fde29
1316,2019-06-24 20:00:00+00:00,0.30000000000000004,,uppsala,5f9fe38afd517828962fde29
1317,2019-06-24 21:00:00+00:00,0.0,,uppsala,5f9fe38afd517828962fde29
1318,2019-06-24 22:00:00+00:00,0.0,,uppsala,5f9fe38afd517828962fde29
1319,2019-06-24 23:00:00+00:00,0.0,,uppsala,5f9fe38afd517828962fde29
1320,2019-06-25 00:00:00+00:00,0.0,,uppsala,5f9fe38afd517828962fde29
1321,2019-06-25 01:00:00+00:00,0.0,,uppsala,5f9fe38afd517828962fde29
1322,2019-06-25 02:00:00+00:00,31.0,,uppsala,5f9fe38afd517828962fde29
1323,2019-06-25 03:00:00+00:00,141.8,,uppsala,5f9fe38afd517828962fde29
1324,2019-06-25 04:00:00+00:00,339.1,,uppsala,5f9fe38afd517828962fde29
1325,2019-06-25 05:00:00+00:00,381.7,,uppsala,5f9fe38afd517828962fde29
1326,2019-06-25 06:00:00+00:00,351.7,,uppsala,5f9fe38afd517828962fde29
1327,2019-06-25 07:00:00+00:00,29.1,,uppsala,5f9fe38afd517828962fde29
1328,2019-06-25 08:00:00+00:00,133.9,,uppsala,5f9fe38afd517828962fde29
1329,2019-06-25 09:00:00+00:00,328.7,,uppsala,5f9fe38afd517828962fde29
1330,2019-06-25 10:00:00+00:00,199.0,,uppsala,5f9fe38afd517828962fde29
1331,2019-06-25 11:00:00+00:00,342.7,,uppsala,5f9fe38afd517828962fde29
1332,2019-06-25 12:00:00+00:00,517.8,,uppsala,5f9fe38afd517828962fde29
1333,2019-06-25 13:00:00+00:00,219.8,,uppsala,5f9fe38afd517828962fde29
1334,2019-06-25 14:00:00+00:00,455.0,,uppsala,5f9fe38afd517828962fde29
1335,2019-06-25 15:00:00+00:00,286.3,,uppsala,5f9fe38afd517828962fde29
1336,2019-06-25 16:00:00+00:00,137.8,,uppsala,5f9fe38afd517828962fde29
1337,2019-06-25 17:00:00+00:00,258.1,,uppsala,5f9fe38afd517828962fde29
1338,2019-06-25 18:00:00+00:00,0.0,,uppsala,5f9fe38afd517828962fde29
1339,2019-06-25 19:00:00+00:00,0.0,,uppsala,5f9fe38afd517828962fde29
1340,2019-06-25 20:00:00+00:00,0.0,,uppsala,5f9fe38afd517828962fde29
1341,2019-06-25 21:00:00+00:00,0.0,,uppsala,5f9fe38afd517828962fde29
1342,2019-06-25 22:00:00+00:00,0.0,,uppsala,5f9fe38afd517828962fde29
1343,2019-06-25 23:00:00+00:00,0.0,,uppsala,5f9fe38afd517828962fde29
1344,2019-06-26 00:00:00+00:00,0.0,,uppsala,5f9fe38afd517828962fde29
1345,2019-06-26 01:00:00+00:00,0.0,,uppsala,5f9fe38afd517828962fde29
1346,2019-06-26 02:00:00+00:00,0.0,,uppsala,5f9fe38afd517828962fde29
1347,2019-06-26 03:00:00+00:00,0.0,,uppsala,5f9fe38afd517828962fde29
1348,2019-06-26 04:00:00+00:00,0.0,,uppsala,5f9fe38afd517828962fde29
1349,2019-06-26 05:00:00+00:00,0.5,,uppsala,5f9fe38afd517828962fde29
1350,2019-06-26 06:00:00+00:00,125.6,,uppsala,5f9fe38afd517828962fde29
1351,2019-06-26 07:00:00+00:00,25.9,,uppsala,5f9fe38afd517828962fde29
1352,2019-06-26 08:00:00+00:00,5.9,,uppsala,5f9fe38afd517828962fde29
1353,2019-06-26 09:00:00+00:00,10.6,,uppsala,5f9fe38afd517828962fde29
1354,2019-06-26 10:00:00+00:00,21.1,,uppsala,5f9fe38afd517828962fde29
1355,2019-06-26 11:00:00+00:00,46.3,,uppsala,5f9fe38afd517828962fde29
1356,2019-06-26 12:00:00+00:00,6.6,,uppsala,5f9fe38afd517828962fde29
1357,2019-06-26 13:00:00+00:00,6.0,,uppsala,5f9fe38afd517828962fde29
1358,2019-06-26 14:00:00+00:00,22.6,,uppsala,5f9fe38afd517828962fde29
1359,2019-06-26 15:00:00+00:00,15.8,,uppsala,5f9fe38afd517828962fde29
1360,2019-06-26 16:00:00+00:00,2.8,,uppsala,5f9fe38afd517828962fde29
1361,2019-06-26 17:00:00+00:00,243.0,,uppsala,5f9fe38afd517828962fde29
1362,2019-06-26 18:00:00+00:00,165.7,,uppsala,5f9fe38afd517828962fde29
1363,2019-06-26 19:00:00+00:00,57.4,,uppsala,5f9fe38afd517828962fde29
1364,2019-06-26 20:00:00+00:00,0.0,,uppsala,5f9fe38afd517828962fde29
1365,2019-06-26 21:00:00+00:00,0.0,,uppsala,5f9fe38afd517828962fde29
1366,2019-06-26 22:00:00+00:00,0.0,,uppsala,5f9fe38afd517828962fde29
1367,2019-06-26 23:00:00+00:00,0.0,,uppsala,5f9fe38afd517828962fde29
1368,2019-06-27 00:00:00+00:00,0.0,,uppsala,5f9fe38afd517828962fde29
1369,2019-06-27 01:00:00+00:00,0.0,,uppsala,5f9fe38afd517828962fde29
1370,2019-06-27 02:00:00+00:00,14.1,,uppsala,5f9fe38afd517828962fde29
1371,2019-06-27 03:00:00+00:00,205.5,,uppsala,5f9fe38afd517828962fde29
1372,2019-06-27 04:00:00+00:00,433.6,,uppsala,5f9fe38afd517828962fde29
1373,2019-06-27 05:00:00+00:00,593.6,,uppsala,5f9fe38afd517828962fde29
1374,2019-06-27 06:00:00+00:00,700.5,,uppsala,5f9fe38afd517828962fde29
1375,2019-06-27 07:00:00+00:00,730.4,,uppsala,5f9fe38afd517828962fde29
1376,2019-06-27 08:00:00+00:00,89.2,,uppsala,5f9fe38afd517828962fde29
1377,2019-06-27 09:00:00+00:00,836.8,,uppsala,5f9fe38afd517828962fde29
1378,2019-06-27 10:00:00+00:00,827.9,,uppsala,5f9fe38afd517828962fde29
1379,2019-06-27 11:00:00+00:00,116.0,,uppsala,5f9fe38afd517828962fde29
1380,2019-06-27 12:00:00+00:00,115.0,,uppsala,5f9fe38afd517828962fde29
1381,2019-06-27 13:00:00+00:00,272.7,,uppsala,5f9fe38afd517828962fde29
1382,2019-06-27 14:00:00+00:00,54.2,,uppsala,5f9fe38afd517828962fde29
1383,2019-06-27 15:00:00+00:00,249.2,,uppsala,5f9fe38afd517828962fde29
1384,2019-06-27 16:00:00+00:00,66.0,,uppsala,5f9fe38afd517828962fde29
1385,2019-06-27 17:00:00+00:00,533.5,,uppsala,5f9fe38afd517828962fde29
1386,2019-06-27 18:00:00+00:00,394.1,,uppsala,5f9fe38afd517828962fde29
1387,2019-06-27 19:00:00+00:00,214.1,,uppsala,5f9fe38afd517828962fde29
1388,2019-06-27 20:00:00+00:00,1.1,,uppsala,5f9fe38afd517828962fde29
1389,2019-06-27 21:00:00+00:00,0.0,,uppsala,5f9fe38afd517828962fde29
1390,2019-06-27 22:00:00+00:00,0.0,,uppsala,5f9fe38afd517828962fde29
1391,2019-06-27 23:00:00+00:00,0.0,,uppsala,5f9fe38afd517828962fde29
1392,2019-06-28 00:00:00+00:00,0.0,,uppsala,5f9fe38afd517828962fde29
1393,2019-06-28 01:00:00+00:00,0.0,,uppsala,5f9fe38afd517828962fde29
1394,2019-06-28 02:00:00+00:00,44.8,,uppsala,5f9fe38afd517828962fde29
1395,2019-06-28 03:00:00+00:00,405.8,,uppsala,5f9fe38afd517828962fde29
1396,2019-06-28 04:00:00+00:00,608.6,,uppsala,5f9fe38afd517828962fde29
1397,2019-06-28 05:00:00+00:00,727.3,,uppsala,5f9fe38afd517828962fde29
1398,2019-06-28 06:00:00+00:00,797.2,,uppsala,5f9fe38afd517828962fde29
1399,2019-06-28 07:00:00+00:00,838.9,,uppsala,5f9fe38afd517828962fde29
1400,2019-06-28 08:00:00+00:00,864.8,,uppsala,5f9fe38afd517828962fde29
1401,2019-06-28 09:00:00+00:00,879.5,,uppsala,5f9fe38afd517828962fde29
1402,2019-06-28 10:00:00+00:00,874.8,,uppsala,5f9fe38afd517828962fde29
1403,2019-06-28 11:00:00+00:00,773.8,,uppsala,5f9fe38afd517828962fde29
1404,2019-06-28 12:00:00+00:00,836.4,,uppsala,5f9fe38afd517828962fde29
1405,2019-06-28 13:00:00+00:00,798.2,,uppsala,5f9fe38afd517828962fde29
1406,2019-06-28 14:00:00+00:00,746.8,,uppsala,5f9fe38afd517828962fde29
1407,2019-06-28 15:00:00+00:00,791.4,,uppsala,5f9fe38afd517828962fde29
1408,2019-06-28 16:00:00+00:00,710.2,,uppsala,5f9fe38afd517828962fde29
1409,2019-06-28 17:00:00+00:00,638.9,,uppsala,5f9fe38afd517828962fde29
1410,2019-06-28 18:00:00+00:00,429.6,,uppsala,5f9fe38afd517828962fde29
1411,2019-06-28 19:00:00+00:00,1.1,,uppsala,5f9fe38afd517828962fde29
1412,2019-06-28 20:00:00+00:00,0.0,,uppsala,5f9fe38afd517828962fde29
1413,2019-06-28 21:00:00+00:00,0.0,,uppsala,5f9fe38afd517828962fde29
1414,2019-06-28 22:00:00+00:00,0.0,,uppsala,5f9fe38afd517828962fde29
1415,2019-06-28 23:00:00+00:00,0.0,,uppsala,5f9fe38afd517828962fde29
1416,2019-06-29 00:00:00+00:00,0.0,,uppsala,5f9fe38afd517828962fde29
1417,2019-06-29 01:00:00+00:00,0.0,,uppsala,5f9fe38afd517828962fde29
1418,2019-06-29 02:00:00+00:00,0.0,,uppsala,5f9fe38afd517828962fde29
1419,2019-06-29 03:00:00+00:00,12.5,,uppsala,5f9fe38afd517828962fde29
1420,2019-06-29 04:00:00+00:00,0.0,,uppsala,5f9fe38afd517828962fde29
1421,2019-06-29 05:00:00+00:00,2.4,,uppsala,5f9fe38afd517828962fde29
1422,2019-06-29 06:00:00+00:00,81.8,,uppsala,5f9fe38afd517828962fde29
1423,2019-06-29 07:00:00+00:00,535.9,,uppsala,5f9fe38afd517828962fde29
1424,2019-06-29 08:00:00+00:00,277.5,,uppsala,5f9fe38afd517828962fde29
1425,2019-06-29 09:00:00+00:00,644.5,,uppsala,5f9fe38afd517828962fde29
1426,2019-06-29 10:00:00+00:00,841.3,,uppsala,5f9fe38afd517828962fde29
1427,2019-06-29 11:00:00+00:00,469.9,,uppsala,5f9fe38afd517828962fde29
1428,2019-06-29 12:00:00+00:00,295.2,,uppsala,5f9fe38afd517828962fde29
1429,2019-06-29 13:00:00+00:00,380.8,,uppsala,5f9fe38afd517828962fde29
1430,2019-06-29 14:00:00+00:00,636.3,,uppsala,5f9fe38afd517828962fde29
1431,2019-06-29 15:00:00+00:00,507.3,,uppsala,5f9fe38afd517828962fde29
1432,2019-06-29 16:00:00+00:00,481.5,,uppsala,5f9fe38afd517828962fde29
1433,2019-06-29 17:00:00+00:00,0.1,,uppsala,5f9fe38afd517828962fde29
1434,2019-06-29 18:00:00+00:00,44.3,,uppsala,5f9fe38afd517828962fde29
1435,2019-06-29 19:00:00+00:00,115.6,,uppsala,5f9fe38afd517828962fde29
1436,2019-06-29 20:00:00+00:00,0.0,,uppsala,5f9fe38afd517828962fde29
1437,2019-06-29 21:00:00+00:00,0.0,,uppsala,5f9fe38afd517828962fde29
1438,2019-06-29 22:00:00+00:00,0.0,,uppsala,5f9fe38afd517828962fde29
1439,2019-06-29 23:00:00+00:00,0.0,,uppsala,5f9fe38afd517828962fde29
1440,2019-06-30 00:00:00+00:00,0.0,,uppsala,5f9fe38afd517828962fde29
1441,2019-06-30 01:00:00+00:00,0.0,,uppsala,5f9fe38afd517828962fde29
1442,2019-06-30 02:00:00+00:00,0.1,,uppsala,5f9fe38afd517828962fde29
1443,2019-06-30 03:00:00+00:00,181.2,,uppsala,5f9fe38afd517828962fde29
1444,2019-06-30 04:00:00+00:00,379.9,,uppsala,5f9fe38afd517828962fde29
1445,2019-06-30 05:00:00+00:00,490.6,,uppsala,5f9fe38afd517828962fde29
1446,2019-06-30 06:00:00+00:00,569.0,,uppsala,5f9fe38afd517828962fde29
1447,2019-06-30 07:00:00+00:00,608.1,,uppsala,5f9fe38afd517828962fde29
1448,2019-06-30 08:00:00+00:00,648.1,,uppsala,5f9fe38afd517828962fde29
1449,2019-06-30 09:00:00+00:00,681.4,,uppsala,5f9fe38afd517828962fde29
1450,2019-06-30 10:00:00+00:00,686.4,,uppsala,5f9fe38afd517828962fde29
1451,2019-06-30 11:00:00+00:00,699.5,,uppsala,5f9fe38afd517828962fde29
1452,2019-06-30 12:00:00+00:00,717.3,,uppsala,5f9fe38afd517828962fde29
1453,2019-06-30 13:00:00+00:00,712.0,,uppsala,5f9fe38afd517828962fde29
1454,2019-06-30 14:00:00+00:00,698.0,,uppsala,5f9fe38afd517828962fde29
1455,2019-06-30 15:00:00+00:00,670.9,,uppsala,5f9fe38afd517828962fde29
1456,2019-06-30 16:00:00+00:00,655.9,,uppsala,5f9fe38afd517828962fde29
1457,2019-06-30 17:00:00+00:00,405.5,,uppsala,5f9fe38afd517828962fde29
1458,2019-06-30 18:00:00+00:00,320.9,,uppsala,5f9fe38afd517828962fde29
1459,2019-06-30 19:00:00+00:00,115.5,,uppsala,5f9fe38afd517828962fde29
1460,2019-06-30 20:00:00+00:00,0.0,,uppsala,5f9fe38afd517828962fde29
1461,2019-06-30 21:00:00+00:00,0.0,,uppsala,5f9fe38afd517828962fde29
1462,2019-06-30 22:00:00+00:00,0.0,,uppsala,5f9fe38afd517828962fde29
1463,2019-06-30 23:00:00+00:00,0.0,,uppsala,5f9fe38afd517828962fde29
1464,2019-07-01 00:00:00+00:00,0.0,,uppsala,5f9fe38afd517828962fde29
1465,2019-07-01 01:00:00+00:00,0.0,,uppsala,5f9fe38afd517828962fde29
1466,2019-07-01 02:00:00+00:00,39.1,,uppsala,5f9fe38afd517828962fde29
1467,2019-07-01 03:00:00+00:00,319.4,,uppsala,5f9fe38afd517828962fde29
1468,2019-07-01 04:00:00+00:00,507.8,,uppsala,5f9fe38afd517828962fde29
1469,2019-07-01 05:00:00+00:00,636.0,,uppsala,5f9fe38afd517828962fde29
1470,2019-07-01 06:00:00+00:00,720.9,,uppsala,5f9fe38afd517828962fde29
1471,2019-07-01 07:00:00+00:00,787.7,,uppsala,5f9fe38afd517828962fde29
1472,2019-07-01 08:00:00+00:00,804.9,,uppsala,5f9fe38afd517828962fde29
1473,2019-07-01 09:00:00+00:00,823.3,,uppsala,5f9fe38afd517828962fde29
1474,2019-07-01 10:00:00+00:00,719.0,,uppsala,5f9fe38afd517828962fde29
1475,2019-07-01 11:00:00+00:00,798.5,,uppsala,5f9fe38afd517828962fde29
1476,2019-07-01 12:00:00+00:00,838.2,,uppsala,5f9fe38afd517828962fde29
1477,2019-07-01 13:00:00+00:00,698.0,,uppsala,5f9fe38afd517828962fde29
1478,2019-07-01 14:00:00+00:00,66.3,,uppsala,5f9fe38afd517828962fde29
1479,2019-07-01 15:00:00+00:00,8.0,,uppsala,5f9fe38afd517828962fde29
1480,2019-07-01 16:00:00+00:00,5.4,,uppsala,5f9fe38afd517828962fde29
1481,2019-07-01 17:00:00+00:00,38.9,,uppsala,5f9fe38afd517828962fde29
1482,2019-07-01 18:00:00+00:00,88.3,,uppsala,5f9fe38afd517828962fde29
1483,2019-07-01 19:00:00+00:00,0.0,,uppsala,5f9fe38afd517828962fde29
1484,2019-07-01 20:00:00+00:00,0.0,,uppsala,5f9fe38afd517828962fde29
1485,2019-07-01 21:00:00+00:00,0.0,,uppsala,5f9fe38afd517828962fde29
1486,2019-07-01 22:00:00+00:00,0.0,,uppsala,5f9fe38afd517828962fde29
1487,2019-07-01 23:00:00+00:00,0.0,,uppsala,5f9fe38afd517828962fde29
1488,2019-07-02 00:00:00+00:00,0.0,,uppsala,5f9fe38afd517828962fde29
1489,2019-07-02 01:00:00+00:00,0.0,,uppsala,5f9fe38afd517828962fde29
1490,2019-07-02 02:00:00+00:00,0.0,,uppsala,5f9fe38afd517828962fde29
1491,2019-07-02 03:00:00+00:00,3.8,,uppsala,5f9fe38afd517828962fde29
1492,2019-07-02 04:00:00+00:00,24.7,,uppsala,5f9fe38afd517828962fde29
1493,2019-07-02 05:00:00+00:00,4.9,,uppsala,5f9fe38afd517828962fde29
1494,2019-07-02 06:00:00+00:00,30.4,,uppsala,5f9fe38afd517828962fde29
1495,2019-07-02 07:00:00+00:00,158.9,,uppsala,5f9fe38afd517828962fde29
1496,2019-07-02 08:00:00+00:00,8.5,,uppsala,5f9fe38afd517828962fde29
1497,2019-07-02 09:00:00+00:00,47.2,,uppsala,5f9fe38afd517828962fde29
1498,2019-07-02 10:00:00+00:00,94.0,,uppsala,5f9fe38afd517828962fde29
1499,2019-07-02 11:00:00+00:00,10.3,,uppsala,5f9fe38afd517828962fde29
1500,2019-07-02 12:00:00+00:00,158.8,,uppsala,5f9fe38afd517828962fde29
1501,2019-07-02 13:00:00+00:00,34.1,,uppsala,5f9fe38afd517828962fde29
1502,2019-07-02 14:00:00+00:00,198.9,,uppsala,5f9fe38afd517828962fde29
1503,2019-07-02 15:00:00+00:00,532.7,,uppsala,5f9fe38afd517828962fde29
1504,2019-07-02 16:00:00+00:00,115.1,,uppsala,5f9fe38afd517828962fde29
1505,2019-07-02 17:00:00+00:00,271.9,,uppsala,5f9fe38afd517828962fde29
1506,2019-07-02 18:00:00+00:00,0.0,,uppsala,5f9fe38afd517828962fde29
1507,2019-07-02 19:00:00+00:00,31.6,,uppsala,5f9fe38afd517828962fde29
1508,2019-07-02 20:00:00+00:00,0.1,,uppsala,5f9fe38afd517828962fde29
1509,2019-07-02 21:00:00+00:00,0.0,,uppsala,5f9fe38afd517828962fde29
1510,2019-07-02 22:00:00+00:00,0.0,,uppsala,5f9fe38afd517828962fde29
1511,2019-07-02 23:00:00+00:00,0.0,,uppsala,5f9fe38afd517828962fde29
1512,2019-07-03 00:00:00+00:00,0.0,,uppsala,5f9fe38afd517828962fde29
1513,2019-07-03 01:00:00+00:00,0.0,,uppsala,5f9fe38afd517828962fde29
1514,2019-07-03 02:00:00+00:00,0.0,,uppsala,5f9fe38afd517828962fde29
1515,2019-07-03 03:00:00+00:00,0.0,,uppsala,5f9fe38afd517828962fde29
1516,2019-07-03 04:00:00+00:00,47.2,,uppsala,5f9fe38afd517828962fde29
1517,2019-07-03 05:00:00+00:00,219.9,,uppsala,5f9fe38afd517828962fde29
1518,2019-07-03 06:00:00+00:00,164.1,,uppsala,5f9fe38afd517828962fde29
1519,2019-07-03 07:00:00+00:00,8.1,,uppsala,5f9fe38afd517828962fde29
1520,2019-07-03 08:00:00+00:00,215.8,,uppsala,5f9fe38afd517828962fde29
1521,2019-07-03 09:00:00+00:00,886.5,,uppsala,5f9fe38afd517828962fde29
1522,2019-07-03 10:00:00+00:00,162.1,,uppsala,5f9fe38afd517828962fde29
1523,2019-07-03 11:00:00+00:00,381.9,,uppsala,5f9fe38afd517828962fde29
1524,2019-07-03 12:00:00+00:00,386.3,,uppsala,5f9fe38afd517828962fde29
1525,2019-07-03 13:00:00+00:00,898.5,,uppsala,5f9fe38afd517828962fde29
1526,2019-07-03 14:00:00+00:00,9.2,,uppsala,5f9fe38afd517828962fde29
1527,2019-07-03 15:00:00+00:00,638.9,,uppsala,5f9fe38afd517828962fde29
1528,2019-07-03 16:00:00+00:00,507.9,,uppsala,5f9fe38afd517828962fde29
1529,2019-07-03 17:00:00+00:00,42.5,,uppsala,5f9fe38afd517828962fde29
1530,2019-07-03 18:00:00+00:00,15.0,,uppsala,5f9fe38afd517828962fde29
1531,2019-07-03 19:00:00+00:00,0.0,,uppsala,5f9fe38afd517828962fde29
1532,2019-07-03 20:00:00+00:00,0.0,,uppsala,5f9fe38afd517828962fde29
1533,2019-07-03 21:00:00+00:00,0.0,,uppsala,5f9fe38afd517828962fde29
1534,2019-07-03 22:00:00+00:00,0.0,,uppsala,5f9fe38afd517828962fde29
1535,2019-07-03 23:00:00+00:00,0.0,,uppsala,5f9fe38afd517828962fde29
1536,2019-07-04 00:00:00+00:00,0.0,,uppsala,5f9fe38afd517828962fde29
1537,2019-07-04 01:00:00+00:00,0.0,,uppsala,5f9fe38afd517828962fde29
1538,2019-07-04 02:00:00+00:00,0.0,,uppsala,5f9fe38afd517828962fde29
1539,2019-07-04 03:00:00+00:00,408.4,,uppsala,5f9fe38afd517828962fde29
1540,2019-07-04 04:00:00+00:00,608.9,,uppsala,5f9fe38afd517828962fde29
1541,2019-07-04 05:00:00+00:00,735.1,,uppsala,5f9fe38afd517828962fde29
1542,2019-07-04 06:00:00+00:00,779.0,,uppsala,5f9fe38afd517828962fde29
1543,2019-07-04 07:00:00+00:00,36.9,,uppsala,5f9fe38afd517828962fde29
1544,2019-07-04 08:00:00+00:00,324.5,,uppsala,5f9fe38afd517828962fde29
1545,2019-07-04 09:00:00+00:00,10.3,,uppsala,5f9fe38afd517828962fde29
1546,2019-07-04 10:00:00+00:00,137.6,,uppsala,5f9fe38afd517828962fde29
1547,2019-07-04 11:00:00+00:00,104.7,,uppsala,5f9fe38afd517828962fde29
1548,2019-07-04 12:00:00+00:00,10.6,,uppsala,5f9fe38afd517828962fde29
1549,2019-07-04 13:00:00+00:00,112.0,,uppsala,5f9fe38afd517828962fde29
1550,2019-07-04 14:00:00+00:00,214.6,,uppsala,5f9fe38afd517828962fde29
1551,2019-07-04 15:00:00+00:00,90.1,,uppsala,5f9fe38afd517828962fde29
1552,2019-07-04 16:00:00+00:00,13.3,,uppsala,5f9fe38afd517828962fde29
1553,2019-07-04 17:00:00+00:00,21.2,,uppsala,5f9fe38afd517828962fde29
1554,2019-07-04 18:00:00+00:00,0.0,,uppsala,5f9fe38afd517828962fde29
1555,2019-07-04 19:00:00+00:00,0.0,,uppsala,5f9fe38afd517828962fde29
1556,2019-07-04 20:00:00+00:00,0.0,,uppsala,5f9fe38afd517828962fde29
1557,2019-07-04 21:00:00+00:00,0.0,,uppsala,5f9fe38afd517828962fde29
1558,2019-07-04 22:00:00+00:00,0.0,,uppsala,5f9fe38afd517828962fde29
1559,2019-07-04 23:00:00+00:00,0.0,,uppsala,5f9fe38afd517828962fde29
1560,2019-07-05 00:00:00+00:00,0.0,,uppsala,5f9fe38afd517828962fde29
1561,2019-07-05 01:00:00+00:00,0.0,,uppsala,5f9fe38afd517828962fde29
1562,2019-07-05 02:00:00+00:00,0.0,,uppsala,5f9fe38afd517828962fde29
1563,2019-07-05 03:00:00+00:00,8.7,,uppsala,5f9fe38afd517828962fde29
1564,2019-07-05 04:00:00+00:00,1.3,,uppsala,5f9fe38afd517828962fde29
1565,2019-07-05 05:00:00+00:00,234.7,,uppsala,5f9fe38afd517828962fde29
1566,2019-07-05 06:00:00+00:00,113.6,,uppsala,5f9fe38afd517828962fde29
1567,2019-07-05 07:00:00+00:00,618.1,,uppsala,5f9fe38afd517828962fde29
1568,2019-07-05 08:00:00+00:00,501.6,,uppsala,5f9fe38afd517828962fde29
1569,2019-07-05 09:00:00+00:00,69.8,,uppsala,5f9fe38afd517828962fde29
1570,2019-07-05 10:00:00+00:00,10.6,,uppsala,5f9fe38afd517828962fde29
1571,2019-07-05 11:00:00+00:00,10.6,,uppsala,5f9fe38afd517828962fde29
1572,2019-07-05 12:00:00+00:00,20.5,,uppsala,5f9fe38afd517828962fde29
1573,2019-07-05 13:00:00+00:00,97.7,,uppsala,5f9fe38afd517828962fde29
1574,2019-07-05 14:00:00+00:00,364.4,,uppsala,5f9fe38afd517828962fde29
1575,2019-07-05 15:00:00+00:00,204.3,,uppsala,5f9fe38afd517828962fde29
1576,2019-07-05 16:00:00+00:00,58.1,,uppsala,5f9fe38afd517828962fde29
1577,2019-07-05 17:00:00+00:00,1.2,,uppsala,5f9fe38afd517828962fde29
1578,2019-07-05 18:00:00+00:00,0.0,,uppsala,5f9fe38afd517828962fde29
1579,2019-07-05 19:00:00+00:00,243.8,,uppsala,5f9fe38afd517828962fde29
1580,2019-07-05 20:00:00+00:00,0.2,,uppsala,5f9fe38afd517828962fde29
1581,2019-07-05 21:00:00+00:00,0.0,,uppsala,5f9fe38afd517828962fde29
1582,2019-07-05 22:00:00+00:00,0.0,,uppsala,5f9fe38afd517828962fde29
1583,2019-07-05 23:00:00+00:00,0.0,,uppsala,5f9fe38afd517828962fde29
1584,2019-07-06 00:00:00+00:00,0.0,,uppsala,5f9fe38afd517828962fde29
1585,2019-07-06 01:00:00+00:00,0.0,,uppsala,5f9fe38afd517828962fde29
1586,2019-07-06 02:00:00+00:00,51.4,,uppsala,5f9fe38afd517828962fde29
1587,2019-07-06 03:00:00+00:00,375.3,,uppsala,5f9fe38afd517828962fde29
1588,2019-07-06 04:00:00+00:00,581.1,,uppsala,5f9fe38afd517828962fde29
1589,2019-07-06 05:00:00+00:00,705.8,,uppsala,5f9fe38afd517828962fde29
1590,2019-07-06 06:00:00+00:00,787.0,,uppsala,5f9fe38afd517828962fde29
1591,2019-07-06 07:00:00+00:00,837.7,,uppsala,5f9fe38afd517828962fde29
1592,2019-07-06 08:00:00+00:00,723.1,,uppsala,5f9fe38afd517828962fde29
1593,2019-07-06 09:00:00+00:00,49.4,,uppsala,5f9fe38afd517828962fde29
1594,2019-07-06 10:00:00+00:00,865.4,,uppsala,5f9fe38afd517828962fde29
1595,2019-07-06 11:00:00+00:00,238.8,,uppsala,5f9fe38afd517828962fde29
1596,2019-07-06 12:00:00+00:00,275.0,,uppsala,5f9fe38afd517828962fde29
1597,2019-07-06 13:00:00+00:00,855.9,,uppsala,5f9fe38afd517828962fde29
1598,2019-07-06 14:00:00+00:00,99.0,,uppsala,5f9fe38afd517828962fde29
1599,2019-07-06 15:00:00+00:00,216.7,,uppsala,5f9fe38afd517828962fde29
1600,2019-07-06 16:00:00+00:00,196.7,,uppsala,5f9fe38afd517828962fde29
1601,2019-07-06 17:00:00+00:00,0.9,,uppsala,5f9fe38afd517828962fde29
1602,2019-07-06 18:00:00+00:00,1.6,,uppsala,5f9fe38afd517828962fde29
1603,2019-07-06 19:00:00+00:00,65.7,,uppsala,5f9fe38afd517828962fde29
1604,2019-07-06 20:00:00+00:00,0.0,,uppsala,5f9fe38afd517828962fde29
1605,2019-07-06 21:00:00+00:00,0.0,,uppsala,5f9fe38afd517828962fde29
1606,2019-07-06 22:00:00+00:00,0.0,,uppsala,5f9fe38afd517828962fde29
1607,2019-07-06 23:00:00+00:00,0.0,,uppsala,5f9fe38afd517828962fde29
1608,2019-07-07 00:00:00+00:00,0.0,,uppsala,5f9fe38afd517828962fde29
1609,2019-07-07 01:00:00+00:00,0.0,,uppsala,5f9fe38afd517828962fde29
1610,2019-07-07 02:00:00+00:00,0.0,,uppsala,5f9fe38afd517828962fde29
1611,2019-07-07 03:00:00+00:00,5.2,,uppsala,5f9fe38afd517828962fde29
1612,2019-07-07 04:00:00+00:00,207.7,,uppsala,5f9fe38afd517828962fde29
1613,2019-07-07 05:00:00+00:00,3.3,,uppsala,5f9fe38afd517828962fde29
1614,2019-07-07 06:00:00+00:00,298.6,,uppsala,5f9fe38afd517828962fde29
1615,2019-07-07 07:00:00+00:00,51.4,,uppsala,5f9fe38afd517828962fde29
1616,2019-07-07 08:00:00+00:00,163.6,,uppsala,5f9fe38afd517828962fde29
1617,2019-07-07 09:00:00+00:00,260.9,,uppsala,5f9fe38afd517828962fde29
1618,2019-07-07 10:00:00+00:00,145.6,,uppsala,5f9fe38afd517828962fde29
1619,2019-07-07 11:00:00+00:00,89.2,,uppsala,5f9fe38afd517828962fde29
1620,2019-07-07 12:00:00+00:00,790.2,,uppsala,5f9fe38afd517828962fde29
1621,2019-07-07 13:00:00+00:00,851.8,,uppsala,5f9fe38afd517828962fde29
1622,2019-07-07 14:00:00+00:00,863.1,,uppsala,5f9fe38afd517828962fde29
1623,2019-07-07 15:00:00+00:00,565.1,,uppsala,5f9fe38afd517828962fde29
1624,2019-07-07 16:00:00+00:00,687.6,,uppsala,5f9fe38afd517828962fde29
1625,2019-07-07 17:00:00+00:00,583.6,,uppsala,5f9fe38afd517828962fde29
1626,2019-07-07 18:00:00+00:00,410.6,,uppsala,5f9fe38afd517828962fde29
1627,2019-07-07 19:00:00+00:00,188.9,,uppsala,5f9fe38afd517828962fde29
1628,2019-07-07 20:00:00+00:00,0.0,,uppsala,5f9fe38afd517828962fde29
1629,2019-07-07 21:00:00+00:00,0.0,,uppsala,5f9fe38afd517828962fde29
1630,2019-07-07 22:00:00+00:00,0.0,,uppsala,5f9fe38afd517828962fde29
1631,2019-07-07 23:00:00+00:00,0.0,,uppsala,5f9fe38afd517828962fde29
1632,2019-07-08 00:00:00+00:00,0.0,,uppsala,5f9fe38afd517828962fde29
1633,2019-07-08 01:00:00+00:00,0.0,,uppsala,5f9fe38afd517828962fde29
1634,2019-07-08 02:00:00+00:00,0.0,,uppsala,5f9fe38afd517828962fde29
1635,2019-07-08 03:00:00+00:00,0.0,,uppsala,5f9fe38afd517828962fde29
1636,2019-07-08 04:00:00+00:00,45.6,,uppsala,5f9fe38afd517828962fde29
1637,2019-07-08 05:00:00+00:00,58.6,,uppsala,5f9fe38afd517828962fde29
1638,2019-07-08 06:00:00+00:00,8.9,,uppsala,5f9fe38afd517828962fde29
1639,2019-07-08 07:00:00+00:00,764.8,,uppsala,5f9fe38afd517828962fde29
1640,2019-07-08 08:00:00+00:00,17.7,,uppsala,5f9fe38afd517828962fde29
1641,2019-07-08 09:00:00+00:00,13.2,,uppsala,5f9fe38afd517828962fde29
1642,2019-07-08 10:00:00+00:00,17.6,,uppsala,5f9fe38afd517828962fde29
1643,2019-07-08 11:00:00+00:00,9.9,,uppsala,5f9fe38afd517828962fde29
1644,2019-07-08 12:00:00+00:00,9.7,,uppsala,5f9fe38afd517828962fde29
1645,2019-07-08 13:00:00+00:00,22.2,,uppsala,5f9fe38afd517828962fde29
1646,2019-07-08 14:00:00+00:00,11.2,,uppsala,5f9fe38afd517828962fde29
1647,2019-07-08 15:00:00+00:00,9.3,,uppsala,5f9fe38afd517828962fde29
1648,2019-07-08 16:00:00+00:00,8.5,,uppsala,5f9fe38afd517828962fde29
1649,2019-07-08 17:00:00+00:00,0.0,,uppsala,5f9fe38afd517828962fde29
1650,2019-07-08 18:00:00+00:00,0.0,,uppsala,5f9fe38afd517828962fde29
1651,2019-07-08 19:00:00+00:00,0.0,,uppsala,5f9fe38afd517828962fde29
1652,2019-07-08 20:00:00+00:00,0.0,,uppsala,5f9fe38afd517828962fde29
1653,2019-07-08 21:00:00+00:00,0.0,,uppsala,5f9fe38afd517828962fde29
1654,2019-07-08 22:00:00+00:00,0.0,,uppsala,5f9fe38afd517828962fde29
1655,2019-07-08 23:00:00+00:00,0.0,,uppsala,5f9fe38afd517828962fde29
1656,2019-07-09 00:00:00+00:00,0.0,,uppsala,5f9fe38afd517828962fde29
1657,2019-07-09 01:00:00+00:00,0.0,,uppsala,5f9fe38afd517828962fde29
1658,2019-07-09 02:00:00+00:00,0.0,,uppsala,5f9fe38afd517828962fde29
1659,2019-07-09 03:00:00+00:00,0.0,,uppsala,5f9fe38afd517828962fde29
1660,2019-07-09 04:00:00+00:00,0.0,,uppsala,5f9fe38afd517828962fde29
1661,2019-07-09 05:00:00+00:00,1.5,,uppsala,5f9fe38afd517828962fde29
1662,2019-07-09 06:00:00+00:00,7.5,,uppsala,5f9fe38afd517828962fde29
1663,2019-07-09 07:00:00+00:00,40.6,,uppsala,5f9fe38afd517828962fde29
1664,2019-07-09 08:00:00+00:00,8.2,,uppsala,5f9fe38afd517828962fde29
1665,2019-07-09 09:00:00+00:00,9.2,,uppsala,5f9fe38afd517828962fde29
1666,2019-07-09 10:00:00+00:00,49.3,,uppsala,5f9fe38afd517828962fde29
1667,2019-07-09 11:00:00+00:00,9.9,,uppsala,5f9fe38afd517828962fde29
1668,2019-07-09 12:00:00+00:00,19.6,,uppsala,5f9fe38afd517828962fde29
1669,2019-07-09 13:00:00+00:00,416.0,,uppsala,5f9fe38afd517828962fde29
1670,2019-07-09 14:00:00+00:00,257.5,,uppsala,5f9fe38afd517828962fde29
1671,2019-07-09 15:00:00+00:00,71.7,,uppsala,5f9fe38afd517828962fde29
1672,2019-07-09 16:00:00+00:00,597.2,,uppsala,5f9fe38afd517828962fde29
1673,2019-07-09 17:00:00+00:00,638.6,,uppsala,5f9fe38afd517828962fde29
1674,2019-07-09 18:00:00+00:00,519.8,,uppsala,5f9fe38afd517828962fde29
1675,2019-07-09 19:00:00+00:00,281.3,,uppsala,5f9fe38afd517828962fde29
1676,2019-07-09 20:00:00+00:00,0.0,,uppsala,5f9fe38afd517828962fde29
1677,2019-07-09 21:00:00+00:00,0.0,,uppsala,5f9fe38afd517828962fde29
1678,2019-07-09 22:00:00+00:00,0.0,,uppsala,5f9fe38afd517828962fde29
1679,2019-07-09 23:00:00+00:00,0.0,,uppsala,5f9fe38afd517828962fde29
1680,2019-07-10 00:00:00+00:00,0.0,,uppsala,5f9fe38afd517828962fde29
1681,2019-07-10 01:00:00+00:00,0.0,,uppsala,5f9fe38afd517828962fde29
1682,2019-07-10 02:00:00+00:00,0.0,,uppsala,5f9fe38afd517828962fde29
1683,2019-07-10 03:00:00+00:00,11.6,,uppsala,5f9fe38afd517828962fde29
1684,2019-07-10 04:00:00+00:00,0.0,,uppsala,5f9fe38afd517828962fde29
1685,2019-07-10 05:00:00+00:00,26.3,,uppsala,5f9fe38afd517828962fde29
1686,2019-07-10 06:00:00+00:00,310.3,,uppsala,5f9fe38afd517828962fde29
1687,2019-07-10 07:00:00+00:00,622.9,,uppsala,5f9fe38afd517828962fde29
1688,2019-07-10 08:00:00+00:00,644.0,,uppsala,5f9fe38afd517828962fde29
1689,2019-07-10 09:00:00+00:00,612.3,,uppsala,5f9fe38afd517828962fde29
1690,2019-07-10 10:00:00+00:00,539.7,,uppsala,5f9fe38afd517828962fde29
1691,2019-07-10 11:00:00+00:00,706.1,,uppsala,5f9fe38afd517828962fde29
1692,2019-07-10 12:00:00+00:00,709.0,,uppsala,5f9fe38afd517828962fde29
1693,2019-07-10 13:00:00+00:00,670.1,,uppsala,5f9fe38afd517828962fde29
1694,2019-07-10 14:00:00+00:00,122.6,,uppsala,5f9fe38afd517828962fde29
1695,2019-07-10 15:00:00+00:00,657.0,,uppsala,5f9fe38afd517828962fde29
1696,2019-07-10 16:00:00+00:00,638.5,,uppsala,5f9fe38afd517828962fde29
1697,2019-07-10 17:00:00+00:00,516.9,,uppsala,5f9fe38afd517828962fde29
1698,2019-07-10 18:00:00+00:00,6.7,,uppsala,5f9fe38afd517828962fde29
1699,2019-07-10 19:00:00+00:00,1.0,,uppsala,5f9fe38afd517828962fde29
1700,2019-07-10 20:00:00+00:00,0.0,,uppsala,5f9fe38afd517828962fde29
1701,2019-07-10 21:00:00+00:00,0.0,,uppsala,5f9fe38afd517828962fde29
1702,2019-07-10 22:00:00+00:00,0.0,,uppsala,5f9fe38afd517828962fde29
1703,2019-07-10 23:00:00+00:00,0.0,,uppsala,5f9fe38afd517828962fde29
1704,2019-07-11 00:00:00+00:00,0.0,,uppsala,5f9fe38afd517828962fde29
1705,2019-07-11 01:00:00+00:00,0.0,,uppsala,5f9fe38afd517828962fde29
1706,2019-07-11 02:00:00+00:00,0.0,,uppsala,5f9fe38afd517828962fde29
1707,2019-07-11 03:00:00+00:00,0.0,,uppsala,5f9fe38afd517828962fde29
1708,2019-07-11 04:00:00+00:00,220.0,,uppsala,5f9fe38afd517828962fde29
1709,2019-07-11 05:00:00+00:00,11.9,,uppsala,5f9fe38afd517828962fde29
1710,2019-07-11 06:00:00+00:00,155.7,,uppsala,5f9fe38afd517828962fde29
1711,2019-07-11 07:00:00+00:00,8.0,,uppsala,5f9fe38afd517828962fde29
1712,2019-07-11 08:00:00+00:00,13.5,,uppsala,5f9fe38afd517828962fde29
1713,2019-07-11 09:00:00+00:00,115.9,,uppsala,5f9fe38afd517828962fde29
1714,2019-07-11 10:00:00+00:00,304.3,,uppsala,5f9fe38afd517828962fde29
1715,2019-07-11 11:00:00+00:00,697.0,,uppsala,5f9fe38afd517828962fde29
1716,2019-07-11 12:00:00+00:00,662.8,,uppsala,5f9fe38afd517828962fde29
1717,2019-07-11 13:00:00+00:00,259.2,,uppsala,5f9fe38afd517828962fde29
1718,2019-07-11 14:00:00+00:00,628.2,,uppsala,5f9fe38afd517828962fde29
1719,2019-07-11 15:00:00+00:00,622.4,,uppsala,5f9fe38afd517828962fde29
1720,2019-07-11 16:00:00+00:00,576.0,,uppsala,5f9fe38afd517828962fde29
1721,2019-07-11 17:00:00+00:00,398.5,,uppsala,5f9fe38afd517828962fde29
1722,2019-07-11 18:00:00+00:00,99.2,,uppsala,5f9fe38afd517828962fde29
1723,2019-07-11 19:00:00+00:00,68.4,,uppsala,5f9fe38afd517828962fde29
1724,2019-07-11 20:00:00+00:00,0.0,,uppsala,5f9fe38afd517828962fde29
1725,2019-07-11 21:00:00+00:00,0.0,,uppsala,5f9fe38afd517828962fde29
1726,2019-07-11 22:00:00+00:00,0.0,,uppsala,5f9fe38afd517828962fde29
1727,2019-07-11 23:00:00+00:00,0.0,,uppsala,5f9fe38afd517828962fde29
1728,2019-07-12 00:00:00+00:00,0.0,,uppsala,5f9fe38afd517828962fde29
1729,2019-07-12 01:00:00+00:00,0.0,,uppsala,5f9fe38afd517828962fde29
1730,2019-07-12 02:00:00+00:00,0.0,,uppsala,5f9fe38afd517828962fde29
1731,2019-07-12 03:00:00+00:00,189.5,,uppsala,5f9fe38afd517828962fde29
1732,2019-07-12 04:00:00+00:00,404.6,,uppsala,5f9fe38afd517828962fde29
1733,2019-07-12 05:00:00+00:00,555.3,,uppsala,5f9fe38afd517828962fde29
1734,2019-07-12 06:00:00+00:00,622.7,,uppsala,5f9fe38afd517828962fde29
1735,2019-07-12 07:00:00+00:00,700.5,,uppsala,5f9fe38afd517828962fde29
1736,2019-07-12 08:00:00+00:00,69.5,,uppsala,5f9fe38afd517828962fde29
1737,2019-07-12 09:00:00+00:00,154.8,,uppsala,5f9fe38afd517828962fde29
1738,2019-07-12 10:00:00+00:00,8.6,,uppsala,5f9fe38afd517828962fde29
1739,2019-07-12 11:00:00+00:00,7.4,,uppsala,5f9fe38afd517828962fde29
1740,2019-07-12 12:00:00+00:00,7.5,,uppsala,5f9fe38afd517828962fde29
1741,2019-07-12 13:00:00+00:00,254.4,,uppsala,5f9fe38afd517828962fde29
1742,2019-07-12 14:00:00+00:00,305.3,,uppsala,5f9fe38afd517828962fde29
1743,2019-07-12 15:00:00+00:00,617.1,,uppsala,5f9fe38afd517828962fde29
1744,2019-07-12 16:00:00+00:00,497.6,,uppsala,5f9fe38afd517828962fde29
1745,2019-07-12 17:00:00+00:00,474.9,,uppsala,5f9fe38afd517828962fde29
1746,2019-07-12 18:00:00+00:00,321.3,,uppsala,5f9fe38afd517828962fde29
1747,2019-07-12 19:00:00+00:00,121.3,,uppsala,5f9fe38afd517828962fde29
1748,2019-07-12 20:00:00+00:00,0.0,,uppsala,5f9fe38afd517828962fde29
1749,2019-07-12 21:00:00+00:00,0.0,,uppsala,5f9fe38afd517828962fde29
1750,2019-07-12 22:00:00+00:00,0.0,,uppsala,5f9fe38afd517828962fde29
1751,2019-07-12 23:00:00+00:00,0.0,,uppsala,5f9fe38afd517828962fde29
1752,2019-07-13 00:00:00+00:00,0.0,,uppsala,5f9fe38afd517828962fde29
1753,2019-07-13 01:00:00+00:00,0.0,,uppsala,5f9fe38afd517828962fde29
1754,2019-07-13 02:00:00+00:00,0.0,,uppsala,5f9fe38afd517828962fde29
1755,2019-07-13 03:00:00+00:00,0.6000000000000001,,uppsala,5f9fe38afd517828962fde29
1756,2019-07-13 04:00:00+00:00,0.0,,uppsala,5f9fe38afd517828962fde29
1757,2019-07-13 05:00:00+00:00,549.6,,uppsala,5f9fe38afd517828962fde29
1758,2019-07-13 06:00:00+00:00,728.6,,uppsala,5f9fe38afd517828962fde29
1759,2019-07-13 07:00:00+00:00,793.7,,uppsala,5f9fe38afd517828962fde29
1760,2019-07-13 08:00:00+00:00,838.3,,uppsala,5f9fe38afd517828962fde29
1761,2019-07-13 09:00:00+00:00,850.9,,uppsala,5f9fe38afd517828962fde29
1762,2019-07-13 10:00:00+00:00,855.6,,uppsala,5f9fe38afd517828962fde29
1763,2019-07-13 11:00:00+00:00,844.6,,uppsala,5f9fe38afd517828962fde29
1764,2019-07-13 12:00:00+00:00,777.2,,uppsala,5f9fe38afd517828962fde29
1765,2019-07-13 13:00:00+00:00,728.7,,uppsala,5f9fe38afd517828962fde29
1766,2019-07-13 14:00:00+00:00,660.6,,uppsala,5f9fe38afd517828962fde29
1767,2019-07-13 15:00:00+00:00,192.2,,uppsala,5f9fe38afd517828962fde29
1768,2019-07-13 16:00:00+00:00,463.5,,uppsala,5f9fe38afd517828962fde29
1769,2019-07-13 17:00:00+00:00,381.8,,uppsala,5f9fe38afd517828962fde29
1770,2019-07-13 18:00:00+00:00,311.6,,uppsala,5f9fe38afd517828962fde29
1771,2019-07-13 19:00:00+00:00,114.7,,uppsala,5f9fe38afd517828962fde29
1772,2019-07-13 20:00:00+00:00,0.0,,uppsala,5f9fe38afd517828962fde29
1773,2019-07-13 21:00:00+00:00,0.0,,uppsala,5f9fe38afd517828962fde29
1774,2019-07-13 22:00:00+00:00,0.0,,uppsala,5f9fe38afd517828962fde29
1775,2019-07-13 23:00:00+00:00,0.0,,uppsala,5f9fe38afd517828962fde29
1776,2019-07-14 00:00:00+00:00,0.0,,uppsala,5f9fe38afd517828962fde29
1777,2019-07-14 01:00:00+00:00,0.0,,uppsala,5f9fe38afd517828962fde29
1778,2019-07-14 02:00:00+00:00,0.0,,uppsala,5f9fe38afd517828962fde29
1779,2019-07-14 03:00:00+00:00,196.7,,uppsala,5f9fe38afd517828962fde29
1780,2019-07-14 04:00:00+00:00,409.5,,uppsala,5f9fe38afd517828962fde29
1781,2019-07-14 05:00:00+00:00,551.6,,uppsala,5f9fe38afd517828962fde29
1782,2019-07-14 06:00:00+00:00,642.4,,uppsala,5f9fe38afd517828962fde29
1783,2019-07-14 07:00:00+00:00,697.9,,uppsala,5f9fe38afd517828962fde29
1784,2019-07-14 08:00:00+00:00,730.8,,uppsala,5f9fe38afd517828962fde29
1785,2019-07-14 09:00:00+00:00,754.4,,uppsala,5f9fe38afd517828962fde29
1786,2019-07-14 10:00:00+00:00,752.8,,uppsala,5f9fe38afd517828962fde29
1787,2019-07-14 11:00:00+00:00,658.1,,uppsala,5f9fe38afd517828962fde29
1788,2019-07-14 12:00:00+00:00,327.2,,uppsala,5f9fe38afd517828962fde29
1789,2019-07-14 13:00:00+00:00,658.9,,uppsala,5f9fe38afd517828962fde29
1790,2019-07-14 14:00:00+00:00,607.6,,uppsala,5f9fe38afd517828962fde29
1791,2019-07-14 15:00:00+00:00,610.9,,uppsala,5f9fe38afd517828962fde29
1792,2019-07-14 16:00:00+00:00,40.2,,uppsala,5f9fe38afd517828962fde29
1793,2019-07-14 17:00:00+00:00,14.3,,uppsala,5f9fe38afd517828962fde29
1794,2019-07-14 18:00:00+00:00,31.0,,uppsala,5f9fe38afd517828962fde29
1795,2019-07-14 19:00:00+00:00,0.0,,uppsala,5f9fe38afd517828962fde29
1796,2019-07-14 20:00:00+00:00,0.0,,uppsala,5f9fe38afd517828962fde29
1797,2019-07-14 21:00:00+00:00,0.0,,uppsala,5f9fe38afd517828962fde29
1798,2019-07-14 22:00:00+00:00,0.0,,uppsala,5f9fe38afd517828962fde29
1799,2019-07-14 23:00:00+00:00,0.0,,uppsala,5f9fe38afd517828962fde29
1800,2019-07-15 00:00:00+00:00,0.0,,uppsala,5f9fe38afd517828962fde29
1801,2019-07-15 01:00:00+00:00,0.0,,uppsala,5f9fe38afd517828962fde29
1802,2019-07-15 02:00:00+00:00,0.0,,uppsala,5f9fe38afd517828962fde29
1803,2019-07-15 03:00:00+00:00,36.4,,uppsala,5f9fe38afd517828962fde29
1804,2019-07-15 04:00:00+00:00,2.8,,uppsala,5f9fe38afd517828962fde29
1805,2019-07-15 05:00:00+00:00,6.2,,uppsala,5f9fe38afd517828962fde29
1806,2019-07-15 06:00:00+00:00,36.2,,uppsala,5f9fe38afd517828962fde29
1807,2019-07-15 07:00:00+00:00,96.7,,uppsala,5f9fe38afd517828962fde29
1808,2019-07-15 08:00:00+00:00,9.7,,uppsala,5f9fe38afd517828962fde29
1809,2019-07-15 09:00:00+00:00,9.0,,uppsala,5f9fe38afd517828962fde29
1810,2019-07-15 10:00:00+00:00,7.2,,uppsala,5f9fe38afd517828962fde29
1811,2019-07-15 11:00:00+00:00,22.9,,uppsala,5f9fe38afd517828962fde29
1812,2019-07-15 12:00:00+00:00,26.2,,uppsala,5f9fe38afd517828962fde29
1813,2019-07-15 13:00:00+00:00,62.0,,uppsala,5f9fe38afd517828962fde29
1814,2019-07-15 14:00:00+00:00,7.1,,uppsala,5f9fe38afd517828962fde29
1815,2019-07-15 15:00:00+00:00,13.9,,uppsala,5f9fe38afd517828962fde29
1816,2019-07-15 16:00:00+00:00,50.3,,uppsala,5f9fe38afd517828962fde29
1817,2019-07-15 17:00:00+00:00,499.5,,uppsala,5f9fe38afd517828962fde29
1818,2019-07-15 18:00:00+00:00,31.4,,uppsala,5f9fe38afd517828962fde29
1819,2019-07-15 19:00:00+00:00,0.0,,uppsala,5f9fe38afd517828962fde29
1820,2019-07-15 20:00:00+00:00,0.0,,uppsala,5f9fe38afd517828962fde29
1821,2019-07-15 21:00:00+00:00,0.0,,uppsala,5f9fe38afd517828962fde29
1822,2019-07-15 22:00:00+00:00,0.0,,uppsala,5f9fe38afd517828962fde29
1823,2019-07-15 23:00:00+00:00,0.0,,uppsala,5f9fe38afd517828962fde29
1824,2019-07-16 00:00:00+00:00,0.0,,uppsala,5f9fe38afd517828962fde29
1825,2019-07-16 01:00:00+00:00,0.0,,uppsala,5f9fe38afd517828962fde29
1826,2019-07-16 02:00:00+00:00,0.0,,uppsala,5f9fe38afd517828962fde29
1827,2019-07-16 03:00:00+00:00,270.7,,uppsala,5f9fe38afd517828962fde29
1828,2019-07-16 04:00:00+00:00,0.0,,uppsala,5f9fe38afd517828962fde29
1829,2019-07-16 05:00:00+00:00,2.5,,uppsala,5f9fe38afd517828962fde29
1830,2019-07-16 06:00:00+00:00,5.8,,uppsala,5f9fe38afd517828962fde29
1831,2019-07-16 07:00:00+00:00,32.9,,uppsala,5f9fe38afd517828962fde29
1832,2019-07-16 08:00:00+00:00,127.7,,uppsala,5f9fe38afd517828962fde29
1833,2019-07-16 09:00:00+00:00,10.0,,uppsala,5f9fe38afd517828962fde29
1834,2019-07-16 10:00:00+00:00,88.1,,uppsala,5f9fe38afd517828962fde29
1835,2019-07-16 11:00:00+00:00,10.8,,uppsala,5f9fe38afd517828962fde29
1836,2019-07-16 12:00:00+00:00,10.8,,uppsala,5f9fe38afd517828962fde29
1837,2019-07-16 13:00:00+00:00,12.8,,uppsala,5f9fe38afd517828962fde29
1838,2019-07-16 14:00:00+00:00,77.5,,uppsala,5f9fe38afd517828962fde29
1839,2019-07-16 15:00:00+00:00,57.4,,uppsala,5f9fe38afd517828962fde29
1840,2019-07-16 16:00:00+00:00,3.1,,uppsala,5f9fe38afd517828962fde29
1841,2019-07-16 17:00:00+00:00,165.2,,uppsala,5f9fe38afd517828962fde29
1842,2019-07-16 18:00:00+00:00,0.0,,uppsala,5f9fe38afd517828962fde29
1843,2019-07-16 19:00:00+00:00,0.0,,uppsala,5f9fe38afd517828962fde29
1844,2019-07-16 20:00:00+00:00,0.0,,uppsala,5f9fe38afd517828962fde29
1845,2019-07-16 21:00:00+00:00,0.0,,uppsala,5f9fe38afd517828962fde29
1846,2019-07-16 22:00:00+00:00,0.0,,uppsala,5f9fe38afd517828962fde29
1847,2019-07-16 23:00:00+00:00,0.0,,uppsala,5f9fe38afd517828962fde29
1848,2019-07-17 00:00:00+00:00,0.0,,uppsala,5f9fe38afd517828962fde29
1849,2019-07-17 01:00:00+00:00,0.0,,uppsala,5f9fe38afd517828962fde29
1850,2019-07-17 02:00:00+00:00,0.0,,uppsala,5f9fe38afd517828962fde29
1851,2019-07-17 03:00:00+00:00,6.6,,uppsala,5f9fe38afd517828962fde29
1852,2019-07-17 04:00:00+00:00,1.1,,uppsala,5f9fe38afd517828962fde29
1853,2019-07-17 05:00:00+00:00,82.6,,uppsala,5f9fe38afd517828962fde29
1854,2019-07-17 06:00:00+00:00,4.8,,uppsala,5f9fe38afd517828962fde29
1855,2019-07-17 07:00:00+00:00,6.9,,uppsala,5f9fe38afd517828962fde29
1856,2019-07-17 08:00:00+00:00,183.8,,uppsala,5f9fe38afd517828962fde29
1857,2019-07-17 09:00:00+00:00,667.3,,uppsala,5f9fe38afd517828962fde29
1858,2019-07-17 10:00:00+00:00,382.2,,uppsala,5f9fe38afd517828962fde29
1859,2019-07-17 11:00:00+00:00,405.1,,uppsala,5f9fe38afd517828962fde29
1860,2019-07-17 12:00:00+00:00,71.4,,uppsala,5f9fe38afd517828962fde29
1861,2019-07-17 13:00:00+00:00,8.6,,uppsala,5f9fe38afd517828962fde29
1862,2019-07-17 14:00:00+00:00,19.3,,uppsala,5f9fe38afd517828962fde29
1863,2019-07-17 15:00:00+00:00,609.5,,uppsala,5f9fe38afd517828962fde29
1864,2019-07-17 16:00:00+00:00,611.8,,uppsala,5f9fe38afd517828962fde29
1865,2019-07-17 17:00:00+00:00,521.3,,uppsala,5f9fe38afd517828962fde29
1866,2019-07-17 18:00:00+00:00,348.4,,uppsala,5f9fe38afd517828962fde29
1867,2019-07-17 19:00:00+00:00,130.6,,uppsala,5f9fe38afd517828962fde29
1868,2019-07-17 20:00:00+00:00,0.0,,uppsala,5f9fe38afd517828962fde29
1869,2019-07-17 21:00:00+00:00,0.0,,uppsala,5f9fe38afd517828962fde29
1870,2019-07-17 22:00:00+00:00,0.0,,uppsala,5f9fe38afd517828962fde29
1871,2019-07-17 23:00:00+00:00,0.0,,uppsala,5f9fe38afd517828962fde29
1872,2019-07-18 00:00:00+00:00,0.0,,uppsala,5f9fe38afd517828962fde29
1873,2019-07-18 01:00:00+00:00,0.0,,uppsala,5f9fe38afd517828962fde29
1874,2019-07-18 02:00:00+00:00,0.0,,uppsala,5f9fe38afd517828962fde29
1875,2019-07-18 03:00:00+00:00,94.4,,uppsala,5f9fe38afd517828962fde29
1876,2019-07-18 04:00:00+00:00,275.2,,uppsala,5f9fe38afd517828962fde29
1877,2019-07-18 05:00:00+00:00,296.8,,uppsala,5f9fe38afd517828962fde29
1878,2019-07-18 06:00:00+00:00,9.2,,uppsala,5f9fe38afd517828962fde29
1879,2019-07-18 07:00:00+00:00,28.9,,uppsala,5f9fe38afd517828962fde29
1880,2019-07-18 08:00:00+00:00,6.7,,uppsala,5f9fe38afd517828962fde29
1881,2019-07-18 09:00:00+00:00,34.7,,uppsala,5f9fe38afd517828962fde29
1882,2019-07-18 10:00:00+00:00,738.9,,uppsala,5f9fe38afd517828962fde29
1883,2019-07-18 11:00:00+00:00,760.4,,uppsala,5f9fe38afd517828962fde29
1884,2019-07-18 12:00:00+00:00,751.3,,uppsala,5f9fe38afd517828962fde29
1885,2019-07-18 13:00:00+00:00,734.6,,uppsala,5f9fe38afd517828962fde29
1886,2019-07-18 14:00:00+00:00,702.9,,uppsala,5f9fe38afd517828962fde29
1887,2019-07-18 15:00:00+00:00,444.9,,uppsala,5f9fe38afd517828962fde29
1888,2019-07-18 16:00:00+00:00,356.8,,uppsala,5f9fe38afd517828962fde29
1889,2019-07-18 17:00:00+00:00,5.2,,uppsala,5f9fe38afd517828962fde29
1890,2019-07-18 18:00:00+00:00,131.9,,uppsala,5f9fe38afd517828962fde29
1891,2019-07-18 19:00:00+00:00,34.0,,uppsala,5f9fe38afd517828962fde29
1892,2019-07-18 20:00:00+00:00,0.0,,uppsala,5f9fe38afd517828962fde29
1893,2019-07-18 21:00:00+00:00,0.0,,uppsala,5f9fe38afd517828962fde29
1894,2019-07-18 22:00:00+00:00,0.0,,uppsala,5f9fe38afd517828962fde29
1895,2019-07-18 23:00:00+00:00,0.0,,uppsala,5f9fe38afd517828962fde29
1896,2019-07-19 00:00:00+00:00,0.0,,uppsala,5f9fe38afd517828962fde29
1897,2019-07-19 01:00:00+00:00,0.0,,uppsala,5f9fe38afd517828962fde29
1898,2019-07-19 02:00:00+00:00,0.0,,uppsala,5f9fe38afd517828962fde29
1899,2019-07-19 03:00:00+00:00,66.4,,uppsala,5f9fe38afd517828962fde29
1900,2019-07-19 04:00:00+00:00,237.6,,uppsala,5f9fe38afd517828962fde29
1901,2019-07-19 05:00:00+00:00,387.8,,uppsala,5f9fe38afd517828962fde29
1902,2019-07-19 06:00:00+00:00,509.4,,uppsala,5f9fe38afd517828962fde29
1903,2019-07-19 07:00:00+00:00,600.3,,uppsala,5f9fe38afd517828962fde29
1904,2019-07-19 08:00:00+00:00,659.8,,uppsala,5f9fe38afd517828962fde29
1905,2019-07-19 09:00:00+00:00,693.9,,uppsala,5f9fe38afd517828962fde29
1906,2019-07-19 10:00:00+00:00,707.8,,uppsala,5f9fe38afd517828962fde29
1907,2019-07-19 11:00:00+00:00,711.0,,uppsala,5f9fe38afd517828962fde29
1908,2019-07-19 12:00:00+00:00,499.6,,uppsala,5f9fe38afd517828962fde29
1909,2019-07-19 13:00:00+00:00,472.2,,uppsala,5f9fe38afd517828962fde29
1910,2019-07-19 14:00:00+00:00,401.1,,uppsala,5f9fe38afd517828962fde29
1911,2019-07-19 15:00:00+00:00,31.0,,uppsala,5f9fe38afd517828962fde29
1912,2019-07-19 16:00:00+00:00,89.3,,uppsala,5f9fe38afd517828962fde29
1913,2019-07-19 17:00:00+00:00,139.4,,uppsala,5f9fe38afd517828962fde29
1914,2019-07-19 18:00:00+00:00,162.0,,uppsala,5f9fe38afd517828962fde29
1915,2019-07-19 19:00:00+00:00,62.4,,uppsala,5f9fe38afd517828962fde29
1916,2019-07-19 20:00:00+00:00,0.0,,uppsala,5f9fe38afd517828962fde29
1917,2019-07-19 21:00:00+00:00,0.0,,uppsala,5f9fe38afd517828962fde29
1918,2019-07-19 22:00:00+00:00,0.0,,uppsala,5f9fe38afd517828962fde29
1919,2019-07-19 23:00:00+00:00,0.0,,uppsala,5f9fe38afd517828962fde29
1920,2019-07-20 00:00:00+00:00,0.0,,uppsala,5f9fe38afd517828962fde29
1921,2019-07-20 01:00:00+00:00,0.0,,uppsala,5f9fe38afd517828962fde29
1922,2019-07-20 02:00:00+00:00,0.0,,uppsala,5f9fe38afd517828962fde29
1923,2019-07-20 03:00:00+00:00,118.6,,uppsala,5f9fe38afd517828962fde29
1924,2019-07-20 04:00:00+00:00,360.5,,uppsala,5f9fe38afd517828962fde29
1925,2019-07-20 05:00:00+00:00,533.8,,uppsala,5f9fe38afd517828962fde29
1926,2019-07-20 06:00:00+00:00,651.0,,uppsala,5f9fe38afd517828962fde29
1927,2019-07-20 07:00:00+00:00,728.9,,uppsala,5f9fe38afd517828962fde29
1928,2019-07-20 08:00:00+00:00,776.6,,uppsala,5f9fe38afd517828962fde29
1929,2019-07-20 09:00:00+00:00,817.1,,uppsala,5f9fe38afd517828962fde29
1930,2019-07-20 10:00:00+00:00,832.9,,uppsala,5f9fe38afd517828962fde29
1931,2019-07-20 11:00:00+00:00,842.4,,uppsala,5f9fe38afd517828962fde29
1932,2019-07-20 12:00:00+00:00,834.5,,uppsala,5f9fe38afd517828962fde29
1933,2019-07-20 13:00:00+00:00,817.3,,uppsala,5f9fe38afd517828962fde29
1934,2019-07-20 14:00:00+00:00,783.0,,uppsala,5f9fe38afd517828962fde29
1935,2019-07-20 15:00:00+00:00,723.7,,uppsala,5f9fe38afd517828962fde29
1936,2019-07-20 16:00:00+00:00,670.4,,uppsala,5f9fe38afd517828962fde29
1937,2019-07-20 17:00:00+00:00,571.8,,uppsala,5f9fe38afd517828962fde29
1938,2019-07-20 18:00:00+00:00,400.5,,uppsala,5f9fe38afd517828962fde29
1939,2019-07-20 19:00:00+00:00,141.8,,uppsala,5f9fe38afd517828962fde29
1940,2019-07-20 20:00:00+00:00,0.0,,uppsala,5f9fe38afd517828962fde29
1941,2019-07-20 21:00:00+00:00,0.0,,uppsala,5f9fe38afd517828962fde29
1942,2019-07-20 22:00:00+00:00,0.0,,uppsala,5f9fe38afd517828962fde29
1943,2019-07-20 23:00:00+00:00,0.0,,uppsala,5f9fe38afd517828962fde29
1944,2019-07-21 00:00:00+00:00,0.0,,uppsala,5f9fe38afd517828962fde29
1945,2019-07-21 01:00:00+00:00,0.0,,uppsala,5f9fe38afd517828962fde29
1946,2019-07-21 02:00:00+00:00,0.0,,uppsala,5f9fe38afd517828962fde29
1947,2019-07-21 03:00:00+00:00,193.9,,uppsala,5f9fe38afd517828962fde29
1948,2019-07-21 04:00:00+00:00,439.8,,uppsala,5f9fe38afd517828962fde29
1949,2019-07-21 05:00:00+00:00,607.3,,uppsala,5f9fe38afd517828962fde29
1950,2019-07-21 06:00:00+00:00,707.2,,uppsala,5f9fe38afd517828962fde29
1951,2019-07-21 07:00:00+00:00,459.0,,uppsala,5f9fe38afd517828962fde29
1952,2019-07-21 08:00:00+00:00,693.9,,uppsala,5f9fe38afd517828962fde29
1953,2019-07-21 09:00:00+00:00,822.0,,uppsala,5f9fe38afd517828962fde29
1954,2019-07-21 10:00:00+00:00,816.8,,uppsala,5f9fe38afd517828962fde29
1955,2019-07-21 11:00:00+00:00,680.6,,uppsala,5f9fe38afd517828962fde29
1956,2019-07-21 12:00:00+00:00,461.7,,uppsala,5f9fe38afd517828962fde29
1957,2019-07-21 13:00:00+00:00,7.1,,uppsala,5f9fe38afd517828962fde29
1958,2019-07-21 14:00:00+00:00,9.1,,uppsala,5f9fe38afd517828962fde29
1959,2019-07-21 15:00:00+00:00,1.9,,uppsala,5f9fe38afd517828962fde29
1960,2019-07-21 16:00:00+00:00,44.2,,uppsala,5f9fe38afd517828962fde29
1961,2019-07-21 17:00:00+00:00,11.8,,uppsala,5f9fe38afd517828962fde29
1962,2019-07-21 18:00:00+00:00,0.0,,uppsala,5f9fe38afd517828962fde29
1963,2019-07-21 19:00:00+00:00,0.0,,uppsala,5f9fe38afd517828962fde29
1964,2019-07-21 20:00:00+00:00,0.0,,uppsala,5f9fe38afd517828962fde29
1965,2019-07-21 21:00:00+00:00,0.0,,uppsala,5f9fe38afd517828962fde29
1966,2019-07-21 22:00:00+00:00,0.0,,uppsala,5f9fe38afd517828962fde29
1967,2019-07-21 23:00:00+00:00,0.0,,uppsala,5f9fe38afd517828962fde29
1968,2019-07-22 00:00:00+00:00,0.0,,uppsala,5f9fe38afd517828962fde29
1969,2019-07-22 01:00:00+00:00,0.0,,uppsala,5f9fe38afd517828962fde29
1970,2019-07-22 02:00:00+00:00,0.0,,uppsala,5f9fe38afd517828962fde29
1971,2019-07-22 03:00:00+00:00,0.0,,uppsala,5f9fe38afd517828962fde29
1972,2019-07-22 04:00:00+00:00,0.0,,uppsala,5f9fe38afd517828962fde29
1973,2019-07-22 05:00:00+00:00,10.9,,uppsala,5f9fe38afd517828962fde29
1974,2019-07-22 06:00:00+00:00,1.9,,uppsala,5f9fe38afd517828962fde29
1975,2019-07-22 07:00:00+00:00,4.3,,uppsala,5f9fe38afd517828962fde29
1976,2019-07-22 08:00:00+00:00,6.1,,uppsala,5f9fe38afd517828962fde29
1977,2019-07-22 09:00:00+00:00,26.9,,uppsala,5f9fe38afd517828962fde29
1978,2019-07-22 10:00:00+00:00,7.9,,uppsala,5f9fe38afd517828962fde29
1979,2019-07-22 11:00:00+00:00,147.5,,uppsala,5f9fe38afd517828962fde29
1980,2019-07-22 12:00:00+00:00,693.2,,uppsala,5f9fe38afd517828962fde29
1981,2019-07-22 13:00:00+00:00,7.5,,uppsala,5f9fe38afd517828962fde29
1982,2019-07-22 14:00:00+00:00,351.3,,uppsala,5f9fe38afd517828962fde29
1983,2019-07-22 15:00:00+00:00,113.6,,uppsala,5f9fe38afd517828962fde29
1984,2019-07-22 16:00:00+00:00,539.5,,uppsala,5f9fe38afd517828962fde29
1985,2019-07-22 17:00:00+00:00,238.6,,uppsala,5f9fe38afd517828962fde29
1986,2019-07-22 18:00:00+00:00,27.0,,uppsala,5f9fe38afd517828962fde29
1987,2019-07-22 19:00:00+00:00,0.0,,uppsala,5f9fe38afd517828962fde29
1988,2019-07-22 20:00:00+00:00,0.0,,uppsala,5f9fe38afd517828962fde29
1989,2019-07-22 21:00:00+00:00,0.0,,uppsala,5f9fe38afd517828962fde29
1990,2019-07-22 22:00:00+00:00,0.0,,uppsala,5f9fe38afd517828962fde29
1991,2019-07-22 23:00:00+00:00,0.0,,uppsala,5f9fe38afd517828962fde29
1992,2019-07-23 00:00:00+00:00,0.0,,uppsala,5f9fe38afd517828962fde29
1993,2019-07-23 01:00:00+00:00,0.0,,uppsala,5f9fe38afd517828962fde29
1994,2019-07-23 02:00:00+00:00,0.0,,uppsala,5f9fe38afd517828962fde29
1995,2019-07-23 03:00:00+00:00,71.8,,uppsala,5f9fe38afd517828962fde29
1996,2019-07-23 04:00:00+00:00,4.2,,uppsala,5f9fe38afd517828962fde29
1997,2019-07-23 05:00:00+00:00,44.7,,uppsala,5f9fe38afd517828962fde29
1998,2019-07-23 06:00:00+00:00,375.8,,uppsala,5f9fe38afd517828962fde29
1999,2019-07-23 07:00:00+00:00,710.9,,uppsala,5f9fe38afd517828962fde29
2000,2019-07-23 08:00:00+00:00,702.2,,uppsala,5f9fe38afd517828962fde29
2001,2019-07-23 09:00:00+00:00,636.4,,uppsala,5f9fe38afd517828962fde29
2002,2019-07-23 10:00:00+00:00,320.6,,uppsala,5f9fe38afd517828962fde29
2003,2019-07-23 11:00:00+00:00,751.6,,uppsala,5f9fe38afd517828962fde29
2004,2019-07-23 12:00:00+00:00,417.1,,uppsala,5f9fe38afd517828962fde29
2005,2019-07-23 13:00:00+00:00,8.0,,uppsala,5f9fe38afd517828962fde29
2006,2019-07-23 14:00:00+00:00,541.1,,uppsala,5f9fe38afd517828962fde29
2007,2019-07-23 15:00:00+00:00,7.4,,uppsala,5f9fe38afd517828962fde29
2008,2019-07-23 16:00:00+00:00,4.2,,uppsala,5f9fe38afd517828962fde29
2009,2019-07-23 17:00:00+00:00,196.8,,uppsala,5f9fe38afd517828962fde29
2010,2019-07-23 18:00:00+00:00,44.6,,uppsala,5f9fe38afd517828962fde29
2011,2019-07-23 19:00:00+00:00,157.6,,uppsala,5f9fe38afd517828962fde29
2012,2019-07-23 20:00:00+00:00,0.0,,uppsala,5f9fe38afd517828962fde29
2013,2019-07-23 21:00:00+00:00,0.0,,uppsala,5f9fe38afd517828962fde29
2014,2019-07-23 22:00:00+00:00,0.0,,uppsala,5f9fe38afd517828962fde29
2015,2019-07-23 23:00:00+00:00,0.0,,uppsala,5f9fe38afd517828962fde29
2016,2019-07-24 00:00:00+00:00,0.0,,uppsala,5f9fe38afd517828962fde29
2017,2019-07-24 01:00:00+00:00,0.0,,uppsala,5f9fe38afd517828962fde29
2018,2019-07-24 02:00:00+00:00,0.0,,uppsala,5f9fe38afd517828962fde29
2019,2019-07-24 03:00:00+00:00,152.5,,uppsala,5f9fe38afd517828962fde29
2020,2019-07-24 04:00:00+00:00,388.9,,uppsala,5f9fe38afd517828962fde29
2021,2019-07-24 05:00:00+00:00,531.7,,uppsala,5f9fe38afd517828962fde29
2022,2019-07-24 06:00:00+00:00,639.9,,uppsala,5f9fe38afd517828962fde29
2023,2019-07-24 07:00:00+00:00,705.6,,uppsala,5f9fe38afd517828962fde29
2024,2019-07-24 08:00:00+00:00,748.3,,uppsala,5f9fe38afd517828962fde29
2025,2019-07-24 09:00:00+00:00,780.4,,uppsala,5f9fe38afd517828962fde29
2026,2019-07-24 10:00:00+00:00,793.4,,uppsala,5f9fe38afd517828962fde29
2027,2019-07-24 11:00:00+00:00,801.1,,uppsala,5f9fe38afd517828962fde29
2028,2019-07-24 12:00:00+00:00,780.7,,uppsala,5f9fe38afd517828962fde29
2029,2019-07-24 13:00:00+00:00,778.5,,uppsala,5f9fe38afd517828962fde29
2030,2019-07-24 14:00:00+00:00,744.7,,uppsala,5f9fe38afd517828962fde29
2031,2019-07-24 15:00:00+00:00,752.5,,uppsala,5f9fe38afd517828962fde29
2032,2019-07-24 16:00:00+00:00,690.6,,uppsala,5f9fe38afd517828962fde29
2033,2019-07-24 17:00:00+00:00,594.3,,uppsala,5f9fe38afd517828962fde29
2034,2019-07-24 18:00:00+00:00,419.8,,uppsala,5f9fe38afd517828962fde29
2035,2019-07-24 19:00:00+00:00,136.6,,uppsala,5f9fe38afd517828962fde29
2036,2019-07-24 20:00:00+00:00,0.0,,uppsala,5f9fe38afd517828962fde29
2037,2019-07-24 21:00:00+00:00,0.0,,uppsala,5f9fe38afd517828962fde29
2038,2019-07-24 22:00:00+00:00,0.0,,uppsala,5f9fe38afd517828962fde29
2039,2019-07-24 23:00:00+00:00,0.0,,uppsala,5f9fe38afd517828962fde29
2040,2019-07-25 00:00:00+00:00,0.0,,uppsala,5f9fe38afd517828962fde29
2041,2019-07-25 01:00:00+00:00,0.0,,uppsala,5f9fe38afd517828962fde29
2042,2019-07-25 02:00:00+00:00,0.0,,uppsala,5f9fe38afd517828962fde29
2043,2019-07-25 03:00:00+00:00,125.9,,uppsala,5f9fe38afd517828962fde29
2044,2019-07-25 04:00:00+00:00,361.5,,uppsala,5f9fe38afd517828962fde29
2045,2019-07-25 05:00:00+00:00,554.1,,uppsala,5f9fe38afd517828962fde29
2046,2019-07-25 06:00:00+00:00,656.9,,uppsala,5f9fe38afd517828962fde29
2047,2019-07-25 07:00:00+00:00,724.6,,uppsala,5f9fe38afd517828962fde29
2048,2019-07-25 08:00:00+00:00,769.2,,uppsala,5f9fe38afd517828962fde29
2049,2019-07-25 09:00:00+00:00,800.0,,uppsala,5f9fe38afd517828962fde29
2050,2019-07-25 10:00:00+00:00,815.0,,uppsala,5f9fe38afd517828962fde29
2051,2019-07-25 11:00:00+00:00,824.0,,uppsala,5f9fe38afd517828962fde29
2052,2019-07-25 12:00:00+00:00,705.9,,uppsala,5f9fe38afd517828962fde29
2053,2019-07-25 13:00:00+00:00,804.5,,uppsala,5f9fe38afd517828962fde29
2054,2019-07-25 14:00:00+00:00,772.8,,uppsala,5f9fe38afd517828962fde29
2055,2019-07-25 15:00:00+00:00,614.2,,uppsala,5f9fe38afd517828962fde29
2056,2019-07-25 16:00:00+00:00,566.9,,uppsala,5f9fe38afd517828962fde29
2057,2019-07-25 17:00:00+00:00,455.4,,uppsala,5f9fe38afd517828962fde29
2058,2019-07-25 18:00:00+00:00,270.7,,uppsala,5f9fe38afd517828962fde29
2059,2019-07-25 19:00:00+00:00,46.8,,uppsala,5f9fe38afd517828962fde29
2060,2019-07-25 20:00:00+00:00,0.0,,uppsala,5f9fe38afd517828962fde29
2061,2019-07-25 21:00:00+00:00,0.0,,uppsala,5f9fe38afd517828962fde29
2062,2019-07-25 22:00:00+00:00,0.0,,uppsala,5f9fe38afd517828962fde29
2063,2019-07-25 23:00:00+00:00,0.0,,uppsala,5f9fe38afd517828962fde29
2064,2019-07-26 00:00:00+00:00,0.0,,uppsala,5f9fe38afd517828962fde29
2065,2019-07-26 01:00:00+00:00,0.0,,uppsala,5f9fe38afd517828962fde29
2066,2019-07-26 02:00:00+00:00,0.0,,uppsala,5f9fe38afd517828962fde29
2067,2019-07-26 03:00:00+00:00,144.3,,uppsala,5f9fe38afd517828962fde29
2068,2019-07-26 04:00:00+00:00,412.4,,uppsala,5f9fe38afd517828962fde29
2069,2019-07-26 05:00:00+00:00,593.9,,uppsala,5f9fe38afd517828962fde29
2070,2019-07-26 06:00:00+00:00,685.9,,uppsala,5f9fe38afd517828962fde29
2071,2019-07-26 07:00:00+00:00,741.3,,uppsala,5f9fe38afd517828962fde29
2072,2019-07-26 08:00:00+00:00,776.7,,uppsala,5f9fe38afd517828962fde29
2073,2019-07-26 09:00:00+00:00,786.0,,uppsala,5f9fe38afd517828962fde29
2074,2019-07-26 10:00:00+00:00,782.1,,uppsala,5f9fe38afd517828962fde29
2075,2019-07-26 11:00:00+00:00,769.4,,uppsala,5f9fe38afd517828962fde29
2076,2019-07-26 12:00:00+00:00,763.8,,uppsala,5f9fe38afd517828962fde29
2077,2019-07-26 13:00:00+00:00,731.4,,uppsala,5f9fe38afd517828962fde29
2078,2019-07-26 14:00:00+00:00,691.2,,uppsala,5f9fe38afd517828962fde29
2079,2019-07-26 15:00:00+00:00,681.4,,uppsala,5f9fe38afd517828962fde29
2080,2019-07-26 16:00:00+00:00,598.4,,uppsala,5f9fe38afd517828962fde29
2081,2019-07-26 17:00:00+00:00,493.5,,uppsala,5f9fe38afd517828962fde29
2082,2019-07-26 18:00:00+00:00,319.9,,uppsala,5f9fe38afd517828962fde29
2083,2019-07-26 19:00:00+00:00,68.2,,uppsala,5f9fe38afd517828962fde29
2084,2019-07-26 20:00:00+00:00,0.0,,uppsala,5f9fe38afd517828962fde29
2085,2019-07-26 21:00:00+00:00,0.0,,uppsala,5f9fe38afd517828962fde29
2086,2019-07-26 22:00:00+00:00,0.0,,uppsala,5f9fe38afd517828962fde29
2087,2019-07-26 23:00:00+00:00,0.0,,uppsala,5f9fe38afd517828962fde29
2088,2019-07-27 00:00:00+00:00,0.0,,uppsala,5f9fe38afd517828962fde29
2089,2019-07-27 01:00:00+00:00,0.0,,uppsala,5f9fe38afd517828962fde29
2090,2019-07-27 02:00:00+00:00,0.0,,uppsala,5f9fe38afd517828962fde29
2091,2019-07-27 03:00:00+00:00,65.1,,uppsala,5f9fe38afd517828962fde29
2092,2019-07-27 04:00:00+00:00,282.0,,uppsala,5f9fe38afd517828962fde29
2093,2019-07-27 05:00:00+00:00,460.9,,uppsala,5f9fe38afd517828962fde29
2094,2019-07-27 06:00:00+00:00,581.3,,uppsala,5f9fe38afd517828962fde29
2095,2019-07-27 07:00:00+00:00,667.4,,uppsala,5f9fe38afd517828962fde29
2096,2019-07-27 08:00:00+00:00,721.1,,uppsala,5f9fe38afd517828962fde29
2097,2019-07-27 09:00:00+00:00,748.5,,uppsala,5f9fe38afd517828962fde29
2098,2019-07-27 10:00:00+00:00,765.4,,uppsala,5f9fe38afd517828962fde29
2099,2019-07-27 11:00:00+00:00,775.0,,uppsala,5f9fe38afd517828962fde29
2100,2019-07-27 12:00:00+00:00,772.2,,uppsala,5f9fe38afd517828962fde29
2101,2019-07-27 13:00:00+00:00,752.1,,uppsala,5f9fe38afd517828962fde29
2102,2019-07-27 14:00:00+00:00,658.4,,uppsala,5f9fe38afd517828962fde29
2103,2019-07-27 15:00:00+00:00,740.1,,uppsala,5f9fe38afd517828962fde29
2104,2019-07-27 16:00:00+00:00,693.4,,uppsala,5f9fe38afd517828962fde29
2105,2019-07-27 17:00:00+00:00,598.2,,uppsala,5f9fe38afd517828962fde29
2106,2019-07-27 18:00:00+00:00,419.3,,uppsala,5f9fe38afd517828962fde29
2107,2019-07-27 19:00:00+00:00,111.8,,uppsala,5f9fe38afd517828962fde29
2108,2019-07-27 20:00:00+00:00,0.0,,uppsala,5f9fe38afd517828962fde29
2109,2019-07-27 21:00:00+00:00,0.0,,uppsala,5f9fe38afd517828962fde29
2110,2019-07-27 22:00:00+00:00,0.0,,uppsala,5f9fe38afd517828962fde29
2111,2019-07-27 23:00:00+00:00,0.0,,uppsala,5f9fe38afd517828962fde29
2112,2019-07-28 00:00:00+00:00,0.0,,uppsala,5f9fe38afd517828962fde29
2113,2019-07-28 01:00:00+00:00,0.0,,uppsala,5f9fe38afd517828962fde29
2114,2019-07-28 02:00:00+00:00,0.0,,uppsala,5f9fe38afd517828962fde29
2115,2019-07-28 03:00:00+00:00,65.8,,uppsala,5f9fe38afd517828962fde29
2116,2019-07-28 04:00:00+00:00,302.9,,uppsala,5f9fe38afd517828962fde29
2117,2019-07-28 05:00:00+00:00,490.6,,uppsala,5f9fe38afd517828962fde29
2118,2019-07-28 06:00:00+00:00,615.3,,uppsala,5f9fe38afd517828962fde29
2119,2019-07-28 07:00:00+00:00,701.2,,uppsala,5f9fe38afd517828962fde29
2120,2019-07-28 08:00:00+00:00,753.8,,uppsala,5f9fe38afd517828962fde29
2121,2019-07-28 09:00:00+00:00,788.8,,uppsala,5f9fe38afd517828962fde29
2122,2019-07-28 10:00:00+00:00,804.4,,uppsala,5f9fe38afd517828962fde29
2123,2019-07-28 11:00:00+00:00,804.7,,uppsala,5f9fe38afd517828962fde29
2124,2019-07-28 12:00:00+00:00,313.6,,uppsala,5f9fe38afd517828962fde29
2125,2019-07-28 13:00:00+00:00,745.9,,uppsala,5f9fe38afd517828962fde29
2126,2019-07-28 14:00:00+00:00,614.1,,uppsala,5f9fe38afd517828962fde29
2127,2019-07-28 15:00:00+00:00,636.3,,uppsala,5f9fe38afd517828962fde29
2128,2019-07-28 16:00:00+00:00,570.2,,uppsala,5f9fe38afd517828962fde29
2129,2019-07-28 17:00:00+00:00,487.4,,uppsala,5f9fe38afd517828962fde29
2130,2019-07-28 18:00:00+00:00,334.3,,uppsala,5f9fe38afd517828962fde29
2131,2019-07-28 19:00:00+00:00,70.9,,uppsala,5f9fe38afd517828962fde29
2132,2019-07-28 20:00:00+00:00,0.0,,uppsala,5f9fe38afd517828962fde29
2133,2019-07-28 21:00:00+00:00,0.0,,uppsala,5f9fe38afd517828962fde29
2134,2019-07-28 22:00:00+00:00,0.0,,uppsala,5f9fe38afd517828962fde29
2135,2019-07-28 23:00:00+00:00,0.0,,uppsala,5f9fe38afd517828962fde29
2136,2019-07-29 00:00:00+00:00,0.0,,uppsala,5f9fe38afd517828962fde29
2137,2019-07-29 01:00:00+00:00,0.0,,uppsala,5f9fe38afd517828962fde29
2138,2019-07-29 02:00:00+00:00,0.0,,uppsala,5f9fe38afd517828962fde29
2139,2019-07-29 03:00:00+00:00,40.1,,uppsala,5f9fe38afd517828962fde29
2140,2019-07-29 04:00:00+00:00,251.3,,uppsala,5f9fe38afd517828962fde29
2141,2019-07-29 05:00:00+00:00,326.1,,uppsala,5f9fe38afd517828962fde29
2142,2019-07-29 06:00:00+00:00,541.5,,uppsala,5f9fe38afd517828962fde29
2143,2019-07-29 07:00:00+00:00,615.8,,uppsala,5f9fe38afd517828962fde29
2144,2019-07-29 08:00:00+00:00,670.9,,uppsala,5f9fe38afd517828962fde29
2145,2019-07-29 09:00:00+00:00,368.4,,uppsala,5f9fe38afd517828962fde29
2146,2019-07-29 10:00:00+00:00,268.3,,uppsala,5f9fe38afd517828962fde29
2147,2019-07-29 11:00:00+00:00,106.1,,uppsala,5f9fe38afd517828962fde29
2148,2019-07-29 12:00:00+00:00,395.2,,uppsala,5f9fe38afd517828962fde29
2149,2019-07-29 13:00:00+00:00,434.0,,uppsala,5f9fe38afd517828962fde29
2150,2019-07-29 14:00:00+00:00,232.1,,uppsala,5f9fe38afd517828962fde29
2151,2019-07-29 15:00:00+00:00,7.5,,uppsala,5f9fe38afd517828962fde29
2152,2019-07-29 16:00:00+00:00,34.1,,uppsala,5f9fe38afd517828962fde29
2153,2019-07-29 17:00:00+00:00,0.0,,uppsala,5f9fe38afd517828962fde29
2154,2019-07-29 18:00:00+00:00,0.0,,uppsala,5f9fe38afd517828962fde29
2155,2019-07-29 19:00:00+00:00,4.2,,uppsala,5f9fe38afd517828962fde29
2156,2019-07-29 20:00:00+00:00,0.0,,uppsala,5f9fe38afd517828962fde29
2157,2019-07-29 21:00:00+00:00,0.0,,uppsala,5f9fe38afd517828962fde29
2158,2019-07-29 22:00:00+00:00,0.0,,uppsala,5f9fe38afd517828962fde29
2159,2019-07-29 23:00:00+00:00,0.0,,uppsala,5f9fe38afd517828962fde29
2160,2019-07-30 00:00:00+00:00,0.0,,uppsala,5f9fe38afd517828962fde29
2161,2019-07-30 01:00:00+00:00,0.0,,uppsala,5f9fe38afd517828962fde29
2162,2019-07-30 02:00:00+00:00,0.0,,uppsala,5f9fe38afd517828962fde29
2163,2019-07-30 03:00:00+00:00,0.0,,uppsala,5f9fe38afd517828962fde29
2164,2019-07-30 04:00:00+00:00,61.5,,uppsala,5f9fe38afd517828962fde29
2165,2019-07-30 05:00:00+00:00,227.2,,uppsala,5f9fe38afd517828962fde29
2166,2019-07-30 06:00:00+00:00,278.4,,uppsala,5f9fe38afd517828962fde29
2167,2019-07-30 07:00:00+00:00,760.0,,uppsala,5f9fe38afd517828962fde29
2168,2019-07-30 08:00:00+00:00,638.9,,uppsala,5f9fe38afd517828962fde29
2169,2019-07-30 09:00:00+00:00,898.7,,uppsala,5f9fe38afd517828962fde29
2170,2019-07-30 10:00:00+00:00,919.2,,uppsala,5f9fe38afd517828962fde29
2171,2019-07-30 11:00:00+00:00,931.3,,uppsala,5f9fe38afd517828962fde29
2172,2019-07-30 12:00:00+00:00,887.3,,uppsala,5f9fe38afd517828962fde29
2173,2019-07-30 13:00:00+00:00,497.6,,uppsala,5f9fe38afd517828962fde29
2174,2019-07-30 14:00:00+00:00,723.9,,uppsala,5f9fe38afd517828962fde29
2175,2019-07-30 15:00:00+00:00,82.9,,uppsala,5f9fe38afd517828962fde29
2176,2019-07-30 16:00:00+00:00,135.6,,uppsala,5f9fe38afd517828962fde29
2177,2019-07-30 17:00:00+00:00,18.9,,uppsala,5f9fe38afd517828962fde29
2178,2019-07-30 18:00:00+00:00,91.1,,uppsala,5f9fe38afd517828962fde29
2179,2019-07-30 19:00:00+00:00,28.4,,uppsala,5f9fe38afd517828962fde29
2180,2019-07-30 20:00:00+00:00,0.0,,uppsala,5f9fe38afd517828962fde29
2181,2019-07-30 21:00:00+00:00,0.0,,uppsala,5f9fe38afd517828962fde29
2182,2019-07-30 22:00:00+00:00,0.0,,uppsala,5f9fe38afd517828962fde29
2183,2019-07-30 23:00:00+00:00,0.0,,uppsala,5f9fe38afd517828962fde29
2184,2019-07-31 00:00:00+00:00,0.0,,uppsala,5f9fe38afd517828962fde29
2185,2019-07-31 01:00:00+00:00,0.0,,uppsala,5f9fe38afd517828962fde29
2186,2019-07-31 02:00:00+00:00,0.0,,uppsala,5f9fe38afd517828962fde29
2187,2019-07-31 03:00:00+00:00,0.8,,uppsala,5f9fe38afd517828962fde29
2188,2019-07-31 04:00:00+00:00,69.2,,uppsala,5f9fe38afd517828962fde29
2189,2019-07-31 05:00:00+00:00,42.3,,uppsala,5f9fe38afd517828962fde29
2190,2019-07-31 06:00:00+00:00,11.0,,uppsala,5f9fe38afd517828962fde29
2191,2019-07-31 07:00:00+00:00,271.6,,uppsala,5f9fe38afd517828962fde29
2192,2019-07-31 08:00:00+00:00,7.6,,uppsala,5f9fe38afd517828962fde29
2193,2019-07-31 09:00:00+00:00,8.5,,uppsala,5f9fe38afd517828962fde29
2194,2019-07-31 10:00:00+00:00,17.4,,uppsala,5f9fe38afd517828962fde29
2195,2019-07-31 11:00:00+00:00,14.2,,uppsala,5f9fe38afd517828962fde29
2196,2019-07-31 12:00:00+00:00,11.7,,uppsala,5f9fe38afd517828962fde29
2197,2019-07-31 13:00:00+00:00,18.0,,uppsala,5f9fe38afd517828962fde29
2198,2019-07-31 14:00:00+00:00,10.1,,uppsala,5f9fe38afd517828962fde29
2199,2019-07-31 15:00:00+00:00,33.7,,uppsala,5f9fe38afd517828962fde29
2200,2019-07-31 16:00:00+00:00,71.7,,uppsala,5f9fe38afd517828962fde29
2201,2019-07-31 17:00:00+00:00,54.6,,uppsala,5f9fe38afd517828962fde29
2202,2019-07-31 18:00:00+00:00,38.7,,uppsala,5f9fe38afd517828962fde29
2203,2019-07-31 19:00:00+00:00,22.6,,uppsala,5f9fe38afd517828962fde29
2204,2019-07-31 20:00:00+00:00,0.0,,uppsala,5f9fe38afd517828962fde29
2205,2019-07-31 21:00:00+00:00,0.0,,uppsala,5f9fe38afd517828962fde29
2206,2019-07-31 22:00:00+00:00,0.0,,uppsala,5f9fe38afd517828962fde29
2207,2019-07-31 23:00:00+00:00,0.0,,uppsala,5f9fe38afd517828962fde29
2208,2019-08-01 00:00:00+00:00,0.0,,uppsala,5f9fe38afd517828962fde29
2209,2019-08-01 01:00:00+00:00,0.0,,uppsala,5f9fe38afd517828962fde29
2210,2019-08-01 02:00:00+00:00,0.0,,uppsala,5f9fe38afd517828962fde29
2211,2019-08-01 03:00:00+00:00,37.4,,uppsala,5f9fe38afd517828962fde29
2212,2019-08-01 04:00:00+00:00,291.8,,uppsala,5f9fe38afd517828962fde29
2213,2019-08-01 05:00:00+00:00,395.0,,uppsala,5f9fe38afd517828962fde29
2214,2019-08-01 06:00:00+00:00,223.1,,uppsala,5f9fe38afd517828962fde29
2215,2019-08-01 07:00:00+00:00,15.7,,uppsala,5f9fe38afd517828962fde29
2216,2019-08-01 08:00:00+00:00,608.2,,uppsala,5f9fe38afd517828962fde29
2217,2019-08-01 09:00:00+00:00,694.7,,uppsala,5f9fe38afd517828962fde29
2218,2019-08-01 10:00:00+00:00,781.7,,uppsala,5f9fe38afd517828962fde29
2219,2019-08-01 11:00:00+00:00,798.7,,uppsala,5f9fe38afd517828962fde29
2220,2019-08-01 12:00:00+00:00,799.0,,uppsala,5f9fe38afd517828962fde29
2221,2019-08-01 13:00:00+00:00,790.5,,uppsala,5f9fe38afd517828962fde29
2222,2019-08-01 14:00:00+00:00,772.1,,uppsala,5f9fe38afd517828962fde29
2223,2019-08-01 15:00:00+00:00,763.6,,uppsala,5f9fe38afd517828962fde29
2224,2019-08-01 16:00:00+00:00,697.4,,uppsala,5f9fe38afd517828962fde29
2225,2019-08-01 17:00:00+00:00,588.2,,uppsala,5f9fe38afd517828962fde29
2226,2019-08-01 18:00:00+00:00,398.1,,uppsala,5f9fe38afd517828962fde29
2227,2019-08-01 19:00:00+00:00,59.9,,uppsala,5f9fe38afd517828962fde29
2228,2019-08-01 20:00:00+00:00,0.0,,uppsala,5f9fe38afd517828962fde29
2229,2019-08-01 21:00:00+00:00,0.0,,uppsala,5f9fe38afd517828962fde29
2230,2019-08-01 22:00:00+00:00,0.0,,uppsala,5f9fe38afd517828962fde29
2231,2019-08-01 23:00:00+00:00,0.0,,uppsala,5f9fe38afd517828962fde29
2232,2019-08-02 00:00:00+00:00,0.0,,uppsala,5f9fe38afd517828962fde29
2233,2019-08-02 01:00:00+00:00,0.0,,uppsala,5f9fe38afd517828962fde29
2234,2019-08-02 02:00:00+00:00,0.0,,uppsala,5f9fe38afd517828962fde29
2235,2019-08-02 03:00:00+00:00,47.9,,uppsala,5f9fe38afd517828962fde29
2236,2019-08-02 04:00:00+00:00,295.7,,uppsala,5f9fe38afd517828962fde29
2237,2019-08-02 05:00:00+00:00,491.5,,uppsala,5f9fe38afd517828962fde29
2238,2019-08-02 06:00:00+00:00,617.6,,uppsala,5f9fe38afd517828962fde29
2239,2019-08-02 07:00:00+00:00,699.7,,uppsala,5f9fe38afd517828962fde29
2240,2019-08-02 08:00:00+00:00,754.7,,uppsala,5f9fe38afd517828962fde29
2241,2019-08-02 09:00:00+00:00,786.7,,uppsala,5f9fe38afd517828962fde29
2242,2019-08-02 10:00:00+00:00,779.5,,uppsala,5f9fe38afd517828962fde29
2243,2019-08-02 11:00:00+00:00,791.8,,uppsala,5f9fe38afd517828962fde29
2244,2019-08-02 12:00:00+00:00,735.2,,uppsala,5f9fe38afd517828962fde29
2245,2019-08-02 13:00:00+00:00,620.7,,uppsala,5f9fe38afd517828962fde29
2246,2019-08-02 14:00:00+00:00,200.0,,uppsala,5f9fe38afd517828962fde29
2247,2019-08-02 15:00:00+00:00,461.5,,uppsala,5f9fe38afd517828962fde29
2248,2019-08-02 16:00:00+00:00,356.7,,uppsala,5f9fe38afd517828962fde29
2249,2019-08-02 17:00:00+00:00,47.8,,uppsala,5f9fe38afd517828962fde29
2250,2019-08-02 18:00:00+00:00,20.2,,uppsala,5f9fe38afd517828962fde29
2251,2019-08-02 19:00:00+00:00,0.0,,uppsala,5f9fe38afd517828962fde29
2252,2019-08-02 20:00:00+00:00,0.0,,uppsala,5f9fe38afd517828962fde29
2253,2019-08-02 21:00:00+00:00,0.0,,uppsala,5f9fe38afd517828962fde29
2254,2019-08-02 22:00:00+00:00,0.0,,uppsala,5f9fe38afd517828962fde29
2255,2019-08-02 23:00:00+00:00,0.0,,uppsala,5f9fe38afd517828962fde29
2256,2019-08-03 00:00:00+00:00,0.0,,uppsala,5f9fe38afd517828962fde29
2257,2019-08-03 01:00:00+00:00,0.0,,uppsala,5f9fe38afd517828962fde29
2258,2019-08-03 02:00:00+00:00,0.0,,uppsala,5f9fe38afd517828962fde29
2259,2019-08-03 03:00:00+00:00,21.0,,uppsala,5f9fe38afd517828962fde29
2260,2019-08-03 04:00:00+00:00,289.1,,uppsala,5f9fe38afd517828962fde29
2261,2019-08-03 05:00:00+00:00,482.4,,uppsala,5f9fe38afd517828962fde29
2262,2019-08-03 06:00:00+00:00,590.3,,uppsala,5f9fe38afd517828962fde29
2263,2019-08-03 07:00:00+00:00,646.8,,uppsala,5f9fe38afd517828962fde29
2264,2019-08-03 08:00:00+00:00,688.2,,uppsala,5f9fe38afd517828962fde29
2265,2019-08-03 09:00:00+00:00,716.3,,uppsala,5f9fe38afd517828962fde29
2266,2019-08-03 10:00:00+00:00,733.7,,uppsala,5f9fe38afd517828962fde29
2267,2019-08-03 11:00:00+00:00,743.0,,uppsala,5f9fe38afd517828962fde29
2268,2019-08-03 12:00:00+00:00,738.2,,uppsala,5f9fe38afd517828962fde29
2269,2019-08-03 13:00:00+00:00,713.9,,uppsala,5f9fe38afd517828962fde29
2270,2019-08-03 14:00:00+00:00,582.7,,uppsala,5f9fe38afd517828962fde29
2271,2019-08-03 15:00:00+00:00,552.7,,uppsala,5f9fe38afd517828962fde29
2272,2019-08-03 16:00:00+00:00,572.4,,uppsala,5f9fe38afd517828962fde29
2273,2019-08-03 17:00:00+00:00,439.6,,uppsala,5f9fe38afd517828962fde29
2274,2019-08-03 18:00:00+00:00,105.2,,uppsala,5f9fe38afd517828962fde29
2275,2019-08-03 19:00:00+00:00,0.0,,uppsala,5f9fe38afd517828962fde29
2276,2019-08-03 20:00:00+00:00,0.0,,uppsala,5f9fe38afd517828962fde29
2277,2019-08-03 21:00:00+00:00,0.0,,uppsala,5f9fe38afd517828962fde29
2278,2019-08-03 22:00:00+00:00,0.0,,uppsala,5f9fe38afd517828962fde29
2279,2019-08-03 23:00:00+00:00,0.0,,uppsala,5f9fe38afd517828962fde29
2280,2019-08-04 00:00:00+00:00,0.0,,uppsala,5f9fe38afd517828962fde29
2281,2019-08-04 01:00:00+00:00,0.0,,uppsala,5f9fe38afd517828962fde29
2282,2019-08-04 02:00:00+00:00,0.0,,uppsala,5f9fe38afd517828962fde29
2283,2019-08-04 03:00:00+00:00,0.0,,uppsala,5f9fe38afd517828962fde29
2284,2019-08-04 04:00:00+00:00,0.0,,uppsala,5f9fe38afd517828962fde29
2285,2019-08-04 05:00:00+00:00,0.0,,uppsala,5f9fe38afd517828962fde29
2286,2019-08-04 06:00:00+00:00,4.4,,uppsala,5f9fe38afd517828962fde29
2287,2019-08-04 07:00:00+00:00,5.1,,uppsala,5f9fe38afd517828962fde29
2288,2019-08-04 08:00:00+00:00,36.7,,uppsala,5f9fe38afd517828962fde29
2289,2019-08-04 09:00:00+00:00,8.8,,uppsala,5f9fe38afd517828962fde29
2290,2019-08-04 10:00:00+00:00,8.7,,uppsala,5f9fe38afd517828962fde29
2291,2019-08-04 11:00:00+00:00,15.9,,uppsala,5f9fe38afd517828962fde29
2292,2019-08-04 12:00:00+00:00,239.2,,uppsala,5f9fe38afd517828962fde29
2293,2019-08-04 13:00:00+00:00,8.1,,uppsala,5f9fe38afd517828962fde29
2294,2019-08-04 14:00:00+00:00,10.2,,uppsala,5f9fe38afd517828962fde29
2295,2019-08-04 15:00:00+00:00,20.2,,uppsala,5f9fe38afd517828962fde29
2296,2019-08-04 16:00:00+00:00,0.9,,uppsala,5f9fe38afd517828962fde29
2297,2019-08-04 17:00:00+00:00,2.4,,uppsala,5f9fe38afd517828962fde29
2298,2019-08-04 18:00:00+00:00,0.30000000000000004,,uppsala,5f9fe38afd517828962fde29
2299,2019-08-04 19:00:00+00:00,0.0,,uppsala,5f9fe38afd517828962fde29
2300,2019-08-04 20:00:00+00:00,0.0,,uppsala,5f9fe38afd517828962fde29
2301,2019-08-04 21:00:00+00:00,0.0,,uppsala,5f9fe38afd517828962fde29
2302,2019-08-04 22:00:00+00:00,0.0,,uppsala,5f9fe38afd517828962fde29
2303,2019-08-04 23:00:00+00:00,0.0,,uppsala,5f9fe38afd517828962fde29
2304,2019-08-05 00:00:00+00:00,0.0,,uppsala,5f9fe38afd517828962fde29
2305,2019-08-05 01:00:00+00:00,0.0,,uppsala,5f9fe38afd517828962fde29
2306,2019-08-05 02:00:00+00:00,0.0,,uppsala,5f9fe38afd517828962fde29
2307,2019-08-05 03:00:00+00:00,0.0,,uppsala,5f9fe38afd517828962fde29
2308,2019-08-05 04:00:00+00:00,11.8,,uppsala,5f9fe38afd517828962fde29
2309,2019-08-05 05:00:00+00:00,0.0,,uppsala,5f9fe38afd517828962fde29
2310,2019-08-05 06:00:00+00:00,37.9,,uppsala,5f9fe38afd517828962fde29
2311,2019-08-05 07:00:00+00:00,143.8,,uppsala,5f9fe38afd517828962fde29
2312,2019-08-05 08:00:00+00:00,574.0,,uppsala,5f9fe38afd517828962fde29
2313,2019-08-05 09:00:00+00:00,151.2,,uppsala,5f9fe38afd517828962fde29
2314,2019-08-05 10:00:00+00:00,224.3,,uppsala,5f9fe38afd517828962fde29
2315,2019-08-05 11:00:00+00:00,136.6,,uppsala,5f9fe38afd517828962fde29
2316,2019-08-05 12:00:00+00:00,186.0,,uppsala,5f9fe38afd517828962fde29
2317,2019-08-05 13:00:00+00:00,431.3,,uppsala,5f9fe38afd517828962fde29
2318,2019-08-05 14:00:00+00:00,359.4,,uppsala,5f9fe38afd517828962fde29
2319,2019-08-05 15:00:00+00:00,112.2,,uppsala,5f9fe38afd517828962fde29
2320,2019-08-05 16:00:00+00:00,74.3,,uppsala,5f9fe38afd517828962fde29
2321,2019-08-05 17:00:00+00:00,0.1,,uppsala,5f9fe38afd517828962fde29
2322,2019-08-05 18:00:00+00:00,28.4,,uppsala,5f9fe38afd517828962fde29
2323,2019-08-05 19:00:00+00:00,0.0,,uppsala,5f9fe38afd517828962fde29
2324,2019-08-05 20:00:00+00:00,0.0,,uppsala,5f9fe38afd517828962fde29
2325,2019-08-05 21:00:00+00:00,0.0,,uppsala,5f9fe38afd517828962fde29
2326,2019-08-05 22:00:00+00:00,0.0,,uppsala,5f9fe38afd517828962fde29
2327,2019-08-05 23:00:00+00:00,0.0,,uppsala,5f9fe38afd517828962fde29
2328,2019-08-06 00:00:00+00:00,0.0,,uppsala,5f9fe38afd517828962fde29
2329,2019-08-06 01:00:00+00:00,0.0,,uppsala,5f9fe38afd517828962fde29
2330,2019-08-06 02:00:00+00:00,0.0,,uppsala,5f9fe38afd517828962fde29
2331,2019-08-06 03:00:00+00:00,0.0,,uppsala,5f9fe38afd517828962fde29
2332,2019-08-06 04:00:00+00:00,82.3,,uppsala,5f9fe38afd517828962fde29
2333,2019-08-06 05:00:00+00:00,330.4,,uppsala,5f9fe38afd517828962fde29
2334,2019-08-06 06:00:00+00:00,331.2,,uppsala,5f9fe38afd517828962fde29
2335,2019-08-06 07:00:00+00:00,541.3,,uppsala,5f9fe38afd517828962fde29
2336,2019-08-06 08:00:00+00:00,48.0,,uppsala,5f9fe38afd517828962fde29
2337,2019-08-06 09:00:00+00:00,148.6,,uppsala,5f9fe38afd517828962fde29
2338,2019-08-06 10:00:00+00:00,430.3,,uppsala,5f9fe38afd517828962fde29
2339,2019-08-06 11:00:00+00:00,389.5,,uppsala,5f9fe38afd517828962fde29
2340,2019-08-06 12:00:00+00:00,313.0,,uppsala,5f9fe38afd517828962fde29
2341,2019-08-06 13:00:00+00:00,389.4,,uppsala,5f9fe38afd517828962fde29
2342,2019-08-06 14:00:00+00:00,552.5,,uppsala,5f9fe38afd517828962fde29
2343,2019-08-06 15:00:00+00:00,161.7,,uppsala,5f9fe38afd517828962fde29
2344,2019-08-06 16:00:00+00:00,192.9,,uppsala,5f9fe38afd517828962fde29
2345,2019-08-06 17:00:00+00:00,145.5,,uppsala,5f9fe38afd517828962fde29
2346,2019-08-06 18:00:00+00:00,0.6000000000000001,,uppsala,5f9fe38afd517828962fde29
2347,2019-08-06 19:00:00+00:00,0.0,,uppsala,5f9fe38afd517828962fde29
2348,2019-08-06 20:00:00+00:00,0.0,,uppsala,5f9fe38afd517828962fde29
2349,2019-08-06 21:00:00+00:00,0.0,,uppsala,5f9fe38afd517828962fde29
2350,2019-08-06 22:00:00+00:00,0.0,,uppsala,5f9fe38afd517828962fde29
2351,2019-08-06 23:00:00+00:00,0.0,,uppsala,5f9fe38afd517828962fde29
2352,2019-08-07 00:00:00+00:00,0.0,,uppsala,5f9fe38afd517828962fde29
2353,2019-08-07 01:00:00+00:00,0.0,,uppsala,5f9fe38afd517828962fde29
2354,2019-08-07 02:00:00+00:00,0.0,,uppsala,5f9fe38afd517828962fde29
2355,2019-08-07 03:00:00+00:00,0.0,,uppsala,5f9fe38afd517828962fde29
2356,2019-08-07 04:00:00+00:00,20.4,,uppsala,5f9fe38afd517828962fde29
2357,2019-08-07 05:00:00+00:00,91.0,,uppsala,5f9fe38afd517828962fde29
2358,2019-08-07 06:00:00+00:00,58.7,,uppsala,5f9fe38afd517828962fde29
2359,2019-08-07 07:00:00+00:00,69.9,,uppsala,5f9fe38afd517828962fde29
2360,2019-08-07 08:00:00+00:00,602.6,,uppsala,5f9fe38afd517828962fde29
2361,2019-08-07 09:00:00+00:00,644.6,,uppsala,5f9fe38afd517828962fde29
2362,2019-08-07 10:00:00+00:00,479.2,,uppsala,5f9fe38afd517828962fde29
2363,2019-08-07 11:00:00+00:00,693.7,,uppsala,5f9fe38afd517828962fde29
2364,2019-08-07 12:00:00+00:00,617.3,,uppsala,5f9fe38afd517828962fde29
2365,2019-08-07 13:00:00+00:00,261.5,,uppsala,5f9fe38afd517828962fde29
2366,2019-08-07 14:00:00+00:00,574.6,,uppsala,5f9fe38afd517828962fde29
2367,2019-08-07 15:00:00+00:00,418.4,,uppsala,5f9fe38afd517828962fde29
2368,2019-08-07 16:00:00+00:00,494.8,,uppsala,5f9fe38afd517828962fde29
2369,2019-08-07 17:00:00+00:00,335.7,,uppsala,5f9fe38afd517828962fde29
2370,2019-08-07 18:00:00+00:00,141.6,,uppsala,5f9fe38afd517828962fde29
2371,2019-08-07 19:00:00+00:00,0.0,,uppsala,5f9fe38afd517828962fde29
2372,2019-08-07 20:00:00+00:00,0.0,,uppsala,5f9fe38afd517828962fde29
2373,2019-08-07 21:00:00+00:00,0.0,,uppsala,5f9fe38afd517828962fde29
2374,2019-08-07 22:00:00+00:00,0.0,,uppsala,5f9fe38afd517828962fde29
2375,2019-08-07 23:00:00+00:00,0.0,,uppsala,5f9fe38afd517828962fde29
2376,2019-08-08 00:00:00+00:00,0.0,,uppsala,5f9fe38afd517828962fde29
2377,2019-08-08 01:00:00+00:00,0.0,,uppsala,5f9fe38afd517828962fde29
2378,2019-08-08 02:00:00+00:00,0.0,,uppsala,5f9fe38afd517828962fde29
2379,2019-08-08 03:00:00+00:00,0.0,,uppsala,5f9fe38afd517828962fde29
2380,2019-08-08 04:00:00+00:00,0.0,,uppsala,5f9fe38afd517828962fde29
2381,2019-08-08 05:00:00+00:00,66.6,,uppsala,5f9fe38afd517828962fde29
2382,2019-08-08 06:00:00+00:00,127.2,,uppsala,5f9fe38afd517828962fde29
2383,2019-08-08 07:00:00+00:00,108.0,,uppsala,5f9fe38afd517828962fde29
2384,2019-08-08 08:00:00+00:00,4.8,,uppsala,5f9fe38afd517828962fde29
2385,2019-08-08 09:00:00+00:00,208.7,,uppsala,5f9fe38afd517828962fde29
2386,2019-08-08 10:00:00+00:00,144.1,,uppsala,5f9fe38afd517828962fde29
2387,2019-08-08 11:00:00+00:00,7.3,,uppsala,5f9fe38afd517828962fde29
2388,2019-08-08 12:00:00+00:00,199.9,,uppsala,5f9fe38afd517828962fde29
2389,2019-08-08 13:00:00+00:00,38.8,,uppsala,5f9fe38afd517828962fde29
2390,2019-08-08 14:00:00+00:00,5.5,,uppsala,5f9fe38afd517828962fde29
2391,2019-08-08 15:00:00+00:00,65.3,,uppsala,5f9fe38afd517828962fde29
2392,2019-08-08 16:00:00+00:00,1.2,,uppsala,5f9fe38afd517828962fde29
2393,2019-08-08 17:00:00+00:00,12.0,,uppsala,5f9fe38afd517828962fde29
2394,2019-08-08 18:00:00+00:00,22.0,,uppsala,5f9fe38afd517828962fde29
2395,2019-08-08 19:00:00+00:00,0.0,,uppsala,5f9fe38afd517828962fde29
2396,2019-08-08 20:00:00+00:00,0.0,,uppsala,5f9fe38afd517828962fde29
2397,2019-08-08 21:00:00+00:00,0.0,,uppsala,5f9fe38afd517828962fde29
2398,2019-08-08 22:00:00+00:00,0.0,,uppsala,5f9fe38afd517828962fde29
2399,2019-08-08 23:00:00+00:00,0.0,,uppsala,5f9fe38afd517828962fde29
2400,2019-08-09 00:00:00+00:00,0.0,,uppsala,5f9fe38afd517828962fde29
2401,2019-08-09 01:00:00+00:00,0.0,,uppsala,5f9fe38afd517828962fde29
2402,2019-08-09 02:00:00+00:00,0.0,,uppsala,5f9fe38afd517828962fde29
2403,2019-08-09 03:00:00+00:00,0.0,,uppsala,5f9fe38afd517828962fde29
2404,2019-08-09 04:00:00+00:00,0.0,,uppsala,5f9fe38afd517828962fde29
2405,2019-08-09 05:00:00+00:00,9.7,,uppsala,5f9fe38afd517828962fde29
2406,2019-08-09 06:00:00+00:00,7.4,,uppsala,5f9fe38afd517828962fde29
2407,2019-08-09 07:00:00+00:00,5.5,,uppsala,5f9fe38afd517828962fde29
2408,2019-08-09 08:00:00+00:00,231.9,,uppsala,5f9fe38afd517828962fde29
2409,2019-08-09 09:00:00+00:00,402.2,,uppsala,5f9fe38afd517828962fde29
2410,2019-08-09 10:00:00+00:00,125.3,,uppsala,5f9fe38afd517828962fde29
2411,2019-08-09 11:00:00+00:00,231.0,,uppsala,5f9fe38afd517828962fde29
2412,2019-08-09 12:00:00+00:00,449.2,,uppsala,5f9fe38afd517828962fde29
2413,2019-08-09 13:00:00+00:00,590.4,,uppsala,5f9fe38afd517828962fde29
2414,2019-08-09 14:00:00+00:00,282.5,,uppsala,5f9fe38afd517828962fde29
2415,2019-08-09 15:00:00+00:00,693.7,,uppsala,5f9fe38afd517828962fde29
2416,2019-08-09 16:00:00+00:00,1.8,,uppsala,5f9fe38afd517828962fde29
2417,2019-08-09 17:00:00+00:00,358.9,,uppsala,5f9fe38afd517828962fde29
2418,2019-08-09 18:00:00+00:00,252.2,,uppsala,5f9fe38afd517828962fde29
2419,2019-08-09 19:00:00+00:00,0.0,,uppsala,5f9fe38afd517828962fde29
2420,2019-08-09 20:00:00+00:00,0.0,,uppsala,5f9fe38afd517828962fde29
2421,2019-08-09 21:00:00+00:00,0.0,,uppsala,5f9fe38afd517828962fde29
2422,2019-08-09 22:00:00+00:00,0.0,,uppsala,5f9fe38afd517828962fde29
2423,2019-08-09 23:00:00+00:00,0.0,,uppsala,5f9fe38afd517828962fde29
2424,2019-08-10 00:00:00+00:00,0.0,,uppsala,5f9fe38afd517828962fde29
2425,2019-08-10 01:00:00+00:00,0.0,,uppsala,5f9fe38afd517828962fde29
2426,2019-08-10 02:00:00+00:00,0.0,,uppsala,5f9fe38afd517828962fde29
2427,2019-08-10 03:00:00+00:00,0.0,,uppsala,5f9fe38afd517828962fde29
2428,2019-08-10 04:00:00+00:00,0.0,,uppsala,5f9fe38afd517828962fde29
2429,2019-08-10 05:00:00+00:00,2.4,,uppsala,5f9fe38afd517828962fde29
2430,2019-08-10 06:00:00+00:00,3.2,,uppsala,5f9fe38afd517828962fde29
2431,2019-08-10 07:00:00+00:00,5.8,,uppsala,5f9fe38afd517828962fde29
2432,2019-08-10 08:00:00+00:00,42.4,,uppsala,5f9fe38afd517828962fde29
2433,2019-08-10 09:00:00+00:00,98.3,,uppsala,5f9fe38afd517828962fde29
2434,2019-08-10 10:00:00+00:00,8.0,,uppsala,5f9fe38afd517828962fde29
2435,2019-08-10 11:00:00+00:00,302.4,,uppsala,5f9fe38afd517828962fde29
2436,2019-08-10 12:00:00+00:00,70.5,,uppsala,5f9fe38afd517828962fde29
2437,2019-08-10 13:00:00+00:00,522.6,,uppsala,5f9fe38afd517828962fde29
2438,2019-08-10 14:00:00+00:00,199.2,,uppsala,5f9fe38afd517828962fde29
2439,2019-08-10 15:00:00+00:00,25.0,,uppsala,5f9fe38afd517828962fde29
2440,2019-08-10 16:00:00+00:00,0.8,,uppsala,5f9fe38afd517828962fde29
2441,2019-08-10 17:00:00+00:00,1.0,,uppsala,5f9fe38afd517828962fde29
2442,2019-08-10 18:00:00+00:00,0.0,,uppsala,5f9fe38afd517828962fde29
2443,2019-08-10 19:00:00+00:00,0.0,,uppsala,5f9fe38afd517828962fde29
2444,2019-08-10 20:00:00+00:00,0.0,,uppsala,5f9fe38afd517828962fde29
2445,2019-08-10 21:00:00+00:00,0.0,,uppsala,5f9fe38afd517828962fde29
2446,2019-08-10 22:00:00+00:00,0.0,,uppsala,5f9fe38afd517828962fde29
2447,2019-08-10 23:00:00+00:00,0.0,,uppsala,5f9fe38afd517828962fde29
2448,2019-08-11 00:00:00+00:00,0.0,,uppsala,5f9fe38afd517828962fde29
2449,2019-08-11 01:00:00+00:00,0.0,,uppsala,5f9fe38afd517828962fde29
2450,2019-08-11 02:00:00+00:00,0.0,,uppsala,5f9fe38afd517828962fde29
2451,2019-08-11 03:00:00+00:00,0.0,,uppsala,5f9fe38afd517828962fde29
2452,2019-08-11 04:00:00+00:00,77.9,,uppsala,5f9fe38afd517828962fde29
2453,2019-08-11 05:00:00+00:00,138.9,,uppsala,5f9fe38afd517828962fde29
2454,2019-08-11 06:00:00+00:00,33.7,,uppsala,5f9fe38afd517828962fde29
2455,2019-08-11 07:00:00+00:00,176.1,,uppsala,5f9fe38afd517828962fde29
2456,2019-08-11 08:00:00+00:00,69.7,,uppsala,5f9fe38afd517828962fde29
2457,2019-08-11 09:00:00+00:00,19.6,,uppsala,5f9fe38afd517828962fde29
2458,2019-08-11 10:00:00+00:00,11.9,,uppsala,5f9fe38afd517828962fde29
2459,2019-08-11 11:00:00+00:00,31.5,,uppsala,5f9fe38afd517828962fde29
2460,2019-08-11 12:00:00+00:00,33.9,,uppsala,5f9fe38afd517828962fde29
2461,2019-08-11 13:00:00+00:00,7.4,,uppsala,5f9fe38afd517828962fde29
2462,2019-08-11 14:00:00+00:00,9.6,,uppsala,5f9fe38afd517828962fde29
2463,2019-08-11 15:00:00+00:00,2.7,,uppsala,5f9fe38afd517828962fde29
2464,2019-08-11 16:00:00+00:00,63.7,,uppsala,5f9fe38afd517828962fde29
2465,2019-08-11 17:00:00+00:00,176.1,,uppsala,5f9fe38afd517828962fde29
2466,2019-08-11 18:00:00+00:00,35.5,,uppsala,5f9fe38afd517828962fde29
2467,2019-08-11 19:00:00+00:00,0.0,,uppsala,5f9fe38afd517828962fde29
2468,2019-08-11 20:00:00+00:00,0.0,,uppsala,5f9fe38afd517828962fde29
2469,2019-08-11 21:00:00+00:00,0.0,,uppsala,5f9fe38afd517828962fde29
2470,2019-08-11 22:00:00+00:00,0.0,,uppsala,5f9fe38afd517828962fde29
2471,2019-08-11 23:00:00+00:00,0.0,,uppsala,5f9fe38afd517828962fde29
2472,2019-08-12 00:00:00+00:00,0.0,,uppsala,5f9fe38afd517828962fde29
2473,2019-08-12 01:00:00+00:00,0.0,,uppsala,5f9fe38afd517828962fde29
2474,2019-08-12 02:00:00+00:00,0.0,,uppsala,5f9fe38afd517828962fde29
2475,2019-08-12 03:00:00+00:00,0.0,,uppsala,5f9fe38afd517828962fde29
2476,2019-08-12 04:00:00+00:00,0.0,,uppsala,5f9fe38afd517828962fde29
2477,2019-08-12 05:00:00+00:00,59.4,,uppsala,5f9fe38afd517828962fde29
2478,2019-08-12 06:00:00+00:00,148.0,,uppsala,5f9fe38afd517828962fde29
2479,2019-08-12 07:00:00+00:00,268.2,,uppsala,5f9fe38afd517828962fde29
2480,2019-08-12 08:00:00+00:00,235.8,,uppsala,5f9fe38afd517828962fde29
2481,2019-08-12 09:00:00+00:00,451.2,,uppsala,5f9fe38afd517828962fde29
2482,2019-08-12 10:00:00+00:00,310.9,,uppsala,5f9fe38afd517828962fde29
2483,2019-08-12 11:00:00+00:00,160.4,,uppsala,5f9fe38afd517828962fde29
2484,2019-08-12 12:00:00+00:00,6.9,,uppsala,5f9fe38afd517828962fde29
2485,2019-08-12 13:00:00+00:00,500.1,,uppsala,5f9fe38afd517828962fde29
2486,2019-08-12 14:00:00+00:00,63.6,,uppsala,5f9fe38afd517828962fde29
2487,2019-08-12 15:00:00+00:00,2.3,,uppsala,5f9fe38afd517828962fde29
2488,2019-08-12 16:00:00+00:00,280.9,,uppsala,5f9fe38afd517828962fde29
2489,2019-08-12 17:00:00+00:00,118.8,,uppsala,5f9fe38afd517828962fde29
2490,2019-08-12 18:00:00+00:00,99.9,,uppsala,5f9fe38afd517828962fde29
2491,2019-08-12 19:00:00+00:00,0.0,,uppsala,5f9fe38afd517828962fde29
2492,2019-08-12 20:00:00+00:00,0.0,,uppsala,5f9fe38afd517828962fde29
2493,2019-08-12 21:00:00+00:00,0.0,,uppsala,5f9fe38afd517828962fde29
2494,2019-08-12 22:00:00+00:00,0.0,,uppsala,5f9fe38afd517828962fde29
2495,2019-08-12 23:00:00+00:00,0.0,,uppsala,5f9fe38afd517828962fde29
2496,2019-08-13 00:00:00+00:00,0.0,,uppsala,5f9fe38afd517828962fde29
2497,2019-08-13 01:00:00+00:00,0.0,,uppsala,5f9fe38afd517828962fde29
2498,2019-08-13 02:00:00+00:00,0.0,,uppsala,5f9fe38afd517828962fde29
2499,2019-08-13 03:00:00+00:00,0.0,,uppsala,5f9fe38afd517828962fde29
2500,2019-08-13 04:00:00+00:00,212.7,,uppsala,5f9fe38afd517828962fde29
2501,2019-08-13 05:00:00+00:00,439.0,,uppsala,5f9fe38afd517828962fde29
2502,2019-08-13 06:00:00+00:00,595.2,,uppsala,5f9fe38afd517828962fde29
2503,2019-08-13 07:00:00+00:00,394.8,,uppsala,5f9fe38afd517828962fde29
2504,2019-08-13 08:00:00+00:00,9.8,,uppsala,5f9fe38afd517828962fde29
2505,2019-08-13 09:00:00+00:00,8.1,,uppsala,5f9fe38afd517828962fde29
2506,2019-08-13 10:00:00+00:00,8.6,,uppsala,5f9fe38afd517828962fde29
2507,2019-08-13 11:00:00+00:00,778.3,,uppsala,5f9fe38afd517828962fde29
2508,2019-08-13 12:00:00+00:00,789.0,,uppsala,5f9fe38afd517828962fde29
2509,2019-08-13 13:00:00+00:00,710.0,,uppsala,5f9fe38afd517828962fde29
2510,2019-08-13 14:00:00+00:00,492.4,,uppsala,5f9fe38afd517828962fde29
2511,2019-08-13 15:00:00+00:00,575.4,,uppsala,5f9fe38afd517828962fde29
2512,2019-08-13 16:00:00+00:00,467.9,,uppsala,5f9fe38afd517828962fde29
2513,2019-08-13 17:00:00+00:00,166.9,,uppsala,5f9fe38afd517828962fde29
2514,2019-08-13 18:00:00+00:00,13.7,,uppsala,5f9fe38afd517828962fde29
2515,2019-08-13 19:00:00+00:00,0.0,,uppsala,5f9fe38afd517828962fde29
2516,2019-08-13 20:00:00+00:00,0.0,,uppsala,5f9fe38afd517828962fde29
2517,2019-08-13 21:00:00+00:00,0.0,,uppsala,5f9fe38afd517828962fde29
2518,2019-08-13 22:00:00+00:00,0.0,,uppsala,5f9fe38afd517828962fde29
2519,2019-08-13 23:00:00+00:00,0.0,,uppsala,5f9fe38afd517828962fde29
2520,2019-08-14 00:00:00+00:00,0.0,,uppsala,5f9fe38afd517828962fde29
2521,2019-08-14 01:00:00+00:00,0.0,,uppsala,5f9fe38afd517828962fde29
2522,2019-08-14 02:00:00+00:00,0.0,,uppsala,5f9fe38afd517828962fde29
2523,2019-08-14 03:00:00+00:00,0.0,,uppsala,5f9fe38afd517828962fde29
2524,2019-08-14 04:00:00+00:00,77.1,,uppsala,5f9fe38afd517828962fde29
2525,2019-08-14 05:00:00+00:00,226.8,,uppsala,5f9fe38afd517828962fde29
2526,2019-08-14 06:00:00+00:00,373.0,,uppsala,5f9fe38afd517828962fde29
2527,2019-08-14 07:00:00+00:00,160.0,,uppsala,5f9fe38afd517828962fde29
2528,2019-08-14 08:00:00+00:00,21.3,,uppsala,5f9fe38afd517828962fde29
2529,2019-08-14 09:00:00+00:00,28.6,,uppsala,5f9fe38afd517828962fde29
2530,2019-08-14 10:00:00+00:00,306.6,,uppsala,5f9fe38afd517828962fde29
2531,2019-08-14 11:00:00+00:00,650.6,,uppsala,5f9fe38afd517828962fde29
2532,2019-08-14 12:00:00+00:00,712.8,,uppsala,5f9fe38afd517828962fde29
2533,2019-08-14 13:00:00+00:00,267.3,,uppsala,5f9fe38afd517828962fde29
2534,2019-08-14 14:00:00+00:00,423.0,,uppsala,5f9fe38afd517828962fde29
2535,2019-08-14 15:00:00+00:00,390.5,,uppsala,5f9fe38afd517828962fde29
2536,2019-08-14 16:00:00+00:00,246.6,,uppsala,5f9fe38afd517828962fde29
2537,2019-08-14 17:00:00+00:00,0.0,,uppsala,5f9fe38afd517828962fde29
2538,2019-08-14 18:00:00+00:00,12.8,,uppsala,5f9fe38afd517828962fde29
2539,2019-08-14 19:00:00+00:00,0.0,,uppsala,5f9fe38afd517828962fde29
2540,2019-08-14 20:00:00+00:00,0.0,,uppsala,5f9fe38afd517828962fde29
2541,2019-08-14 21:00:00+00:00,0.0,,uppsala,5f9fe38afd517828962fde29
2542,2019-08-14 22:00:00+00:00,0.0,,uppsala,5f9fe38afd517828962fde29
2543,2019-08-14 23:00:00+00:00,0.0,,uppsala,5f9fe38afd517828962fde29
2544,2019-08-15 00:00:00+00:00,0.0,,uppsala,5f9fe38afd517828962fde29
2545,2019-08-15 01:00:00+00:00,0.0,,uppsala,5f9fe38afd517828962fde29
2546,2019-08-15 02:00:00+00:00,0.0,,uppsala,5f9fe38afd517828962fde29
2547,2019-08-15 03:00:00+00:00,0.0,,uppsala,5f9fe38afd517828962fde29
2548,2019-08-15 04:00:00+00:00,51.1,,uppsala,5f9fe38afd517828962fde29
2549,2019-08-15 05:00:00+00:00,21.1,,uppsala,5f9fe38afd517828962fde29
2550,2019-08-15 06:00:00+00:00,2.7,,uppsala,5f9fe38afd517828962fde29
2551,2019-08-15 07:00:00+00:00,373.1,,uppsala,5f9fe38afd517828962fde29
2552,2019-08-15 08:00:00+00:00,628.0,,uppsala,5f9fe38afd517828962fde29
2553,2019-08-15 09:00:00+00:00,247.3,,uppsala,5f9fe38afd517828962fde29
2554,2019-08-15 10:00:00+00:00,341.7,,uppsala,5f9fe38afd517828962fde29
2555,2019-08-15 11:00:00+00:00,169.3,,uppsala,5f9fe38afd517828962fde29
2556,2019-08-15 12:00:00+00:00,716.1,,uppsala,5f9fe38afd517828962fde29
2557,2019-08-15 13:00:00+00:00,733.0,,uppsala,5f9fe38afd517828962fde29
2558,2019-08-15 14:00:00+00:00,667.0,,uppsala,5f9fe38afd517828962fde29
2559,2019-08-15 15:00:00+00:00,673.1,,uppsala,5f9fe38afd517828962fde29
2560,2019-08-15 16:00:00+00:00,573.8,,uppsala,5f9fe38afd517828962fde29
2561,2019-08-15 17:00:00+00:00,397.4,,uppsala,5f9fe38afd517828962fde29
2562,2019-08-15 18:00:00+00:00,133.4,,uppsala,5f9fe38afd517828962fde29
2563,2019-08-15 19:00:00+00:00,0.0,,uppsala,5f9fe38afd517828962fde29
2564,2019-08-15 20:00:00+00:00,0.0,,uppsala,5f9fe38afd517828962fde29
2565,2019-08-15 21:00:00+00:00,0.0,,uppsala,5f9fe38afd517828962fde29
2566,2019-08-15 22:00:00+00:00,0.0,,uppsala,5f9fe38afd517828962fde29
2567,2019-08-15 23:00:00+00:00,0.0,,uppsala,5f9fe38afd517828962fde29
2568,2019-08-16 00:00:00+00:00,0.0,,uppsala,5f9fe38afd517828962fde29
2569,2019-08-16 01:00:00+00:00,0.0,,uppsala,5f9fe38afd517828962fde29
2570,2019-08-16 02:00:00+00:00,0.0,,uppsala,5f9fe38afd517828962fde29
2571,2019-08-16 03:00:00+00:00,0.0,,uppsala,5f9fe38afd517828962fde29
2572,2019-08-16 04:00:00+00:00,0.0,,uppsala,5f9fe38afd517828962fde29
2573,2019-08-16 05:00:00+00:00,0.0,,uppsala,5f9fe38afd517828962fde29
2574,2019-08-16 06:00:00+00:00,0.2,,uppsala,5f9fe38afd517828962fde29
2575,2019-08-16 07:00:00+00:00,22.0,,uppsala,5f9fe38afd517828962fde29
2576,2019-08-16 08:00:00+00:00,94.7,,uppsala,5f9fe38afd517828962fde29
2577,2019-08-16 09:00:00+00:00,6.4,,uppsala,5f9fe38afd517828962fde29
2578,2019-08-16 10:00:00+00:00,509.6,,uppsala,5f9fe38afd517828962fde29
2579,2019-08-16 11:00:00+00:00,8.3,,uppsala,5f9fe38afd517828962fde29
2580,2019-08-16 12:00:00+00:00,683.4,,uppsala,5f9fe38afd517828962fde29
2581,2019-08-16 13:00:00+00:00,20.9,,uppsala,5f9fe38afd517828962fde29
2582,2019-08-16 14:00:00+00:00,70.0,,uppsala,5f9fe38afd517828962fde29
2583,2019-08-16 15:00:00+00:00,1.4,,uppsala,5f9fe38afd517828962fde29
2584,2019-08-16 16:00:00+00:00,182.2,,uppsala,5f9fe38afd517828962fde29
2585,2019-08-16 17:00:00+00:00,4.0,,uppsala,5f9fe38afd517828962fde29
2586,2019-08-16 18:00:00+00:00,11.6,,uppsala,5f9fe38afd517828962fde29
2587,2019-08-16 19:00:00+00:00,0.0,,uppsala,5f9fe38afd517828962fde29
2588,2019-08-16 20:00:00+00:00,0.0,,uppsala,5f9fe38afd517828962fde29
2589,2019-08-16 21:00:00+00:00,0.0,,uppsala,5f9fe38afd517828962fde29
2590,2019-08-16 22:00:00+00:00,0.0,,uppsala,5f9fe38afd517828962fde29
2591,2019-08-16 23:00:00+00:00,0.0,,uppsala,5f9fe38afd517828962fde29
2592,2019-08-17 00:00:00+00:00,0.0,,uppsala,5f9fe38afd517828962fde29
2593,2019-08-17 01:00:00+00:00,0.0,,uppsala,5f9fe38afd517828962fde29
2594,2019-08-17 02:00:00+00:00,0.0,,uppsala,5f9fe38afd517828962fde29
2595,2019-08-17 03:00:00+00:00,0.0,,uppsala,5f9fe38afd517828962fde29
2596,2019-08-17 04:00:00+00:00,74.8,,uppsala,5f9fe38afd517828962fde29
2597,2019-08-17 05:00:00+00:00,352.9,,uppsala,5f9fe38afd517828962fde29
2598,2019-08-17 06:00:00+00:00,384.5,,uppsala,5f9fe38afd517828962fde29
2599,2019-08-17 07:00:00+00:00,230.1,,uppsala,5f9fe38afd517828962fde29
2600,2019-08-17 08:00:00+00:00,11.4,,uppsala,5f9fe38afd517828962fde29
2601,2019-08-17 09:00:00+00:00,157.1,,uppsala,5f9fe38afd517828962fde29
2602,2019-08-17 10:00:00+00:00,79.8,,uppsala,5f9fe38afd517828962fde29
2603,2019-08-17 11:00:00+00:00,668.7,,uppsala,5f9fe38afd517828962fde29
2604,2019-08-17 12:00:00+00:00,24.2,,uppsala,5f9fe38afd517828962fde29
2605,2019-08-17 13:00:00+00:00,83.1,,uppsala,5f9fe38afd517828962fde29
2606,2019-08-17 14:00:00+00:00,22.8,,uppsala,5f9fe38afd517828962fde29
2607,2019-08-17 15:00:00+00:00,101.0,,uppsala,5f9fe38afd517828962fde29
2608,2019-08-17 16:00:00+00:00,56.5,,uppsala,5f9fe38afd517828962fde29
2609,2019-08-17 17:00:00+00:00,75.7,,uppsala,5f9fe38afd517828962fde29
2610,2019-08-17 18:00:00+00:00,0.0,,uppsala,5f9fe38afd517828962fde29
2611,2019-08-17 19:00:00+00:00,0.0,,uppsala,5f9fe38afd517828962fde29
2612,2019-08-17 20:00:00+00:00,0.0,,uppsala,5f9fe38afd517828962fde29
2613,2019-08-17 21:00:00+00:00,0.0,,uppsala,5f9fe38afd517828962fde29
2614,2019-08-17 22:00:00+00:00,0.0,,uppsala,5f9fe38afd517828962fde29
2615,2019-08-17 23:00:00+00:00,0.0,,uppsala,5f9fe38afd517828962fde29
2616,2019-08-18 00:00:00+00:00,0.0,,uppsala,5f9fe38afd517828962fde29
2617,2019-08-18 01:00:00+00:00,0.0,,uppsala,5f9fe38afd517828962fde29
2618,2019-08-18 02:00:00+00:00,0.0,,uppsala,5f9fe38afd517828962fde29
2619,2019-08-18 03:00:00+00:00,0.0,,uppsala,5f9fe38afd517828962fde29
2620,2019-08-18 04:00:00+00:00,0.0,,uppsala,5f9fe38afd517828962fde29
2621,2019-08-18 05:00:00+00:00,4.0,,uppsala,5f9fe38afd517828962fde29
2622,2019-08-18 06:00:00+00:00,29.0,,uppsala,5f9fe38afd517828962fde29
2623,2019-08-18 07:00:00+00:00,3.3,,uppsala,5f9fe38afd517828962fde29
2624,2019-08-18 08:00:00+00:00,127.8,,uppsala,5f9fe38afd517828962fde29
2625,2019-08-18 09:00:00+00:00,6.4,,uppsala,5f9fe38afd517828962fde29
2626,2019-08-18 10:00:00+00:00,53.3,,uppsala,5f9fe38afd517828962fde29
2627,2019-08-18 11:00:00+00:00,158.1,,uppsala,5f9fe38afd517828962fde29
2628,2019-08-18 12:00:00+00:00,119.9,,uppsala,5f9fe38afd517828962fde29
2629,2019-08-18 13:00:00+00:00,471.5,,uppsala,5f9fe38afd517828962fde29
2630,2019-08-18 14:00:00+00:00,73.9,,uppsala,5f9fe38afd517828962fde29
2631,2019-08-18 15:00:00+00:00,25.3,,uppsala,5f9fe38afd517828962fde29
2632,2019-08-18 16:00:00+00:00,0.0,,uppsala,5f9fe38afd517828962fde29
2633,2019-08-18 17:00:00+00:00,30.5,,uppsala,5f9fe38afd517828962fde29
2634,2019-08-18 18:00:00+00:00,0.0,,uppsala,5f9fe38afd517828962fde29
2635,2019-08-18 19:00:00+00:00,0.0,,uppsala,5f9fe38afd517828962fde29
2636,2019-08-18 20:00:00+00:00,0.0,,uppsala,5f9fe38afd517828962fde29
2637,2019-08-18 21:00:00+00:00,0.0,,uppsala,5f9fe38afd517828962fde29
2638,2019-08-18 22:00:00+00:00,0.0,,uppsala,5f9fe38afd517828962fde29
2639,2019-08-18 23:00:00+00:00,0.0,,uppsala,5f9fe38afd517828962fde29
2640,2019-08-19 00:00:00+00:00,0.0,,uppsala,5f9fe38afd517828962fde29
2641,2019-08-19 01:00:00+00:00,0.0,,uppsala,5f9fe38afd517828962fde29
2642,2019-08-19 02:00:00+00:00,0.0,,uppsala,5f9fe38afd517828962fde29
2643,2019-08-19 03:00:00+00:00,0.0,,uppsala,5f9fe38afd517828962fde29
2644,2019-08-19 04:00:00+00:00,56.0,,uppsala,5f9fe38afd517828962fde29
2645,2019-08-19 05:00:00+00:00,4.6,,uppsala,5f9fe38afd517828962fde29
2646,2019-08-19 06:00:00+00:00,596.3,,uppsala,5f9fe38afd517828962fde29
2647,2019-08-19 07:00:00+00:00,713.1,,uppsala,5f9fe38afd517828962fde29
2648,2019-08-19 08:00:00+00:00,786.3,,uppsala,5f9fe38afd517828962fde29
2649,2019-08-19 09:00:00+00:00,807.4,,uppsala,5f9fe38afd517828962fde29
2650,2019-08-19 10:00:00+00:00,724.6,,uppsala,5f9fe38afd517828962fde29
2651,2019-08-19 11:00:00+00:00,779.6,,uppsala,5f9fe38afd517828962fde29
2652,2019-08-19 12:00:00+00:00,730.8,,uppsala,5f9fe38afd517828962fde29
2653,2019-08-19 13:00:00+00:00,683.2,,uppsala,5f9fe38afd517828962fde29
2654,2019-08-19 14:00:00+00:00,778.3,,uppsala,5f9fe38afd517828962fde29
2655,2019-08-19 15:00:00+00:00,512.8,,uppsala,5f9fe38afd517828962fde29
2656,2019-08-19 16:00:00+00:00,44.0,,uppsala,5f9fe38afd517828962fde29
2657,2019-08-19 17:00:00+00:00,331.5,,uppsala,5f9fe38afd517828962fde29
2658,2019-08-19 18:00:00+00:00,84.2,,uppsala,5f9fe38afd517828962fde29
2659,2019-08-19 19:00:00+00:00,0.0,,uppsala,5f9fe38afd517828962fde29
2660,2019-08-19 20:00:00+00:00,0.0,,uppsala,5f9fe38afd517828962fde29
2661,2019-08-19 21:00:00+00:00,0.0,,uppsala,5f9fe38afd517828962fde29
2662,2019-08-19 22:00:00+00:00,0.0,,uppsala,5f9fe38afd517828962fde29
2663,2019-08-19 23:00:00+00:00,0.0,,uppsala,5f9fe38afd517828962fde29
2664,2019-08-20 00:00:00+00:00,0.0,,uppsala,5f9fe38afd517828962fde29
2665,2019-08-20 01:00:00+00:00,0.0,,uppsala,5f9fe38afd517828962fde29
2666,2019-08-20 02:00:00+00:00,0.0,,uppsala,5f9fe38afd517828962fde29
2667,2019-08-20 03:00:00+00:00,0.0,,uppsala,5f9fe38afd517828962fde29
2668,2019-08-20 04:00:00+00:00,160.7,,uppsala,5f9fe38afd517828962fde29
2669,2019-08-20 05:00:00+00:00,426.7,,uppsala,5f9fe38afd517828962fde29
2670,2019-08-20 06:00:00+00:00,171.3,,uppsala,5f9fe38afd517828962fde29
2671,2019-08-20 07:00:00+00:00,21.7,,uppsala,5f9fe38afd517828962fde29
2672,2019-08-20 08:00:00+00:00,62.9,,uppsala,5f9fe38afd517828962fde29
2673,2019-08-20 09:00:00+00:00,342.9,,uppsala,5f9fe38afd517828962fde29
2674,2019-08-20 10:00:00+00:00,545.0,,uppsala,5f9fe38afd517828962fde29
2675,2019-08-20 11:00:00+00:00,814.7,,uppsala,5f9fe38afd517828962fde29
2676,2019-08-20 12:00:00+00:00,648.7,,uppsala,5f9fe38afd517828962fde29
2677,2019-08-20 13:00:00+00:00,680.8,,uppsala,5f9fe38afd517828962fde29
2678,2019-08-20 14:00:00+00:00,745.6,,uppsala,5f9fe38afd517828962fde29
2679,2019-08-20 15:00:00+00:00,586.5,,uppsala,5f9fe38afd517828962fde29
2680,2019-08-20 16:00:00+00:00,478.9,,uppsala,5f9fe38afd517828962fde29
2681,2019-08-20 17:00:00+00:00,0.5,,uppsala,5f9fe38afd517828962fde29
2682,2019-08-20 18:00:00+00:00,50.7,,uppsala,5f9fe38afd517828962fde29
2683,2019-08-20 19:00:00+00:00,0.0,,uppsala,5f9fe38afd517828962fde29
2684,2019-08-20 20:00:00+00:00,0.0,,uppsala,5f9fe38afd517828962fde29
2685,2019-08-20 21:00:00+00:00,0.0,,uppsala,5f9fe38afd517828962fde29
2686,2019-08-20 22:00:00+00:00,0.0,,uppsala,5f9fe38afd517828962fde29
2687,2019-08-20 23:00:00+00:00,0.0,,uppsala,5f9fe38afd517828962fde29
2688,2019-08-21 00:00:00+00:00,0.0,,uppsala,5f9fe38afd517828962fde29
2689,2019-08-21 01:00:00+00:00,0.0,,uppsala,5f9fe38afd517828962fde29
2690,2019-08-21 02:00:00+00:00,0.0,,uppsala,5f9fe38afd517828962fde29
2691,2019-08-21 03:00:00+00:00,0.0,,uppsala,5f9fe38afd517828962fde29
2692,2019-08-21 04:00:00+00:00,129.3,,uppsala,5f9fe38afd517828962fde29
2693,2019-08-21 05:00:00+00:00,400.7,,uppsala,5f9fe38afd517828962fde29
2694,2019-08-21 06:00:00+00:00,576.5,,uppsala,5f9fe38afd517828962fde29
2695,2019-08-21 07:00:00+00:00,681.2,,uppsala,5f9fe38afd517828962fde29
2696,2019-08-21 08:00:00+00:00,653.9,,uppsala,5f9fe38afd517828962fde29
2697,2019-08-21 09:00:00+00:00,776.1,,uppsala,5f9fe38afd517828962fde29
2698,2019-08-21 10:00:00+00:00,640.7,,uppsala,5f9fe38afd517828962fde29
2699,2019-08-21 11:00:00+00:00,514.8,,uppsala,5f9fe38afd517828962fde29
2700,2019-08-21 12:00:00+00:00,686.7,,uppsala,5f9fe38afd517828962fde29
2701,2019-08-21 13:00:00+00:00,750.7,,uppsala,5f9fe38afd517828962fde29
2702,2019-08-21 14:00:00+00:00,695.3,,uppsala,5f9fe38afd517828962fde29
2703,2019-08-21 15:00:00+00:00,424.0,,uppsala,5f9fe38afd517828962fde29
2704,2019-08-21 16:00:00+00:00,383.0,,uppsala,5f9fe38afd517828962fde29
2705,2019-08-21 17:00:00+00:00,204.9,,uppsala,5f9fe38afd517828962fde29
2706,2019-08-21 18:00:00+00:00,11.1,,uppsala,5f9fe38afd517828962fde29
2707,2019-08-21 19:00:00+00:00,0.0,,uppsala,5f9fe38afd517828962fde29
2708,2019-08-21 20:00:00+00:00,0.0,,uppsala,5f9fe38afd517828962fde29
2709,2019-08-21 21:00:00+00:00,0.0,,uppsala,5f9fe38afd517828962fde29
2710,2019-08-21 22:00:00+00:00,0.0,,uppsala,5f9fe38afd517828962fde29
2711,2019-08-21 23:00:00+00:00,0.0,,uppsala,5f9fe38afd517828962fde29
2712,2019-08-22 00:00:00+00:00,0.0,,uppsala,5f9fe38afd517828962fde29
2713,2019-08-22 01:00:00+00:00,0.0,,uppsala,5f9fe38afd517828962fde29
2714,2019-08-22 02:00:00+00:00,0.0,,uppsala,5f9fe38afd517828962fde29
2715,2019-08-22 03:00:00+00:00,0.0,,uppsala,5f9fe38afd517828962fde29
2716,2019-08-22 04:00:00+00:00,66.2,,uppsala,5f9fe38afd517828962fde29
2717,2019-08-22 05:00:00+00:00,300.4,,uppsala,5f9fe38afd517828962fde29
2718,2019-08-22 06:00:00+00:00,496.0,,uppsala,5f9fe38afd517828962fde29
2719,2019-08-22 07:00:00+00:00,629.3,,uppsala,5f9fe38afd517828962fde29
2720,2019-08-22 08:00:00+00:00,699.2,,uppsala,5f9fe38afd517828962fde29
2721,2019-08-22 09:00:00+00:00,734.3,,uppsala,5f9fe38afd517828962fde29
2722,2019-08-22 10:00:00+00:00,721.5,,uppsala,5f9fe38afd517828962fde29
2723,2019-08-22 11:00:00+00:00,685.3,,uppsala,5f9fe38afd517828962fde29
2724,2019-08-22 12:00:00+00:00,511.3,,uppsala,5f9fe38afd517828962fde29
2725,2019-08-22 13:00:00+00:00,133.5,,uppsala,5f9fe38afd517828962fde29
2726,2019-08-22 14:00:00+00:00,22.7,,uppsala,5f9fe38afd517828962fde29
2727,2019-08-22 15:00:00+00:00,334.6,,uppsala,5f9fe38afd517828962fde29
2728,2019-08-22 16:00:00+00:00,70.1,,uppsala,5f9fe38afd517828962fde29
2729,2019-08-22 17:00:00+00:00,20.4,,uppsala,5f9fe38afd517828962fde29
2730,2019-08-22 18:00:00+00:00,0.0,,uppsala,5f9fe38afd517828962fde29
2731,2019-08-22 19:00:00+00:00,0.0,,uppsala,5f9fe38afd517828962fde29
2732,2019-08-22 20:00:00+00:00,0.0,,uppsala,5f9fe38afd517828962fde29
2733,2019-08-22 21:00:00+00:00,0.0,,uppsala,5f9fe38afd517828962fde29
2734,2019-08-22 22:00:00+00:00,0.0,,uppsala,5f9fe38afd517828962fde29
2735,2019-08-22 23:00:00+00:00,0.0,,uppsala,5f9fe38afd517828962fde29
2736,2019-08-23 00:00:00+00:00,0.0,,uppsala,5f9fe38afd517828962fde29
2737,2019-08-23 01:00:00+00:00,0.0,,uppsala,5f9fe38afd517828962fde29
2738,2019-08-23 02:00:00+00:00,0.0,,uppsala,5f9fe38afd517828962fde29
2739,2019-08-23 03:00:00+00:00,0.0,,uppsala,5f9fe38afd517828962fde29
2740,2019-08-23 04:00:00+00:00,70.0,,uppsala,5f9fe38afd517828962fde29
2741,2019-08-23 05:00:00+00:00,92.7,,uppsala,5f9fe38afd517828962fde29
2742,2019-08-23 06:00:00+00:00,489.0,,uppsala,5f9fe38afd517828962fde29
2743,2019-08-23 07:00:00+00:00,600.8,,uppsala,5f9fe38afd517828962fde29
2744,2019-08-23 08:00:00+00:00,5.1,,uppsala,5f9fe38afd517828962fde29
2745,2019-08-23 09:00:00+00:00,24.2,,uppsala,5f9fe38afd517828962fde29
2746,2019-08-23 10:00:00+00:00,21.3,,uppsala,5f9fe38afd517828962fde29
2747,2019-08-23 11:00:00+00:00,7.1,,uppsala,5f9fe38afd517828962fde29
2748,2019-08-23 12:00:00+00:00,19.9,,uppsala,5f9fe38afd517828962fde29
2749,2019-08-23 13:00:00+00:00,10.8,,uppsala,5f9fe38afd517828962fde29
2750,2019-08-23 14:00:00+00:00,80.5,,uppsala,5f9fe38afd517828962fde29
2751,2019-08-23 15:00:00+00:00,23.9,,uppsala,5f9fe38afd517828962fde29
2752,2019-08-23 16:00:00+00:00,1.0,,uppsala,5f9fe38afd517828962fde29
2753,2019-08-23 17:00:00+00:00,160.5,,uppsala,5f9fe38afd517828962fde29
2754,2019-08-23 18:00:00+00:00,0.4,,uppsala,5f9fe38afd517828962fde29
2755,2019-08-23 19:00:00+00:00,0.0,,uppsala,5f9fe38afd517828962fde29
2756,2019-08-23 20:00:00+00:00,0.0,,uppsala,5f9fe38afd517828962fde29
2757,2019-08-23 21:00:00+00:00,0.0,,uppsala,5f9fe38afd517828962fde29
2758,2019-08-23 22:00:00+00:00,0.0,,uppsala,5f9fe38afd517828962fde29
2759,2019-08-23 23:00:00+00:00,0.0,,uppsala,5f9fe38afd517828962fde29
2760,2019-08-24 00:00:00+00:00,0.0,,uppsala,5f9fe38afd517828962fde29
2761,2019-08-24 01:00:00+00:00,0.0,,uppsala,5f9fe38afd517828962fde29
2762,2019-08-24 02:00:00+00:00,0.0,,uppsala,5f9fe38afd517828962fde29
2763,2019-08-24 03:00:00+00:00,0.0,,uppsala,5f9fe38afd517828962fde29
2764,2019-08-24 04:00:00+00:00,0.0,,uppsala,5f9fe38afd517828962fde29
2765,2019-08-24 05:00:00+00:00,0.0,,uppsala,5f9fe38afd517828962fde29
2766,2019-08-24 06:00:00+00:00,12.8,,uppsala,5f9fe38afd517828962fde29
2767,2019-08-24 07:00:00+00:00,661.3,,uppsala,5f9fe38afd517828962fde29
2768,2019-08-24 08:00:00+00:00,744.7,,uppsala,5f9fe38afd517828962fde29
2769,2019-08-24 09:00:00+00:00,751.8,,uppsala,5f9fe38afd517828962fde29
2770,2019-08-24 10:00:00+00:00,793.3,,uppsala,5f9fe38afd517828962fde29
2771,2019-08-24 11:00:00+00:00,813.5,,uppsala,5f9fe38afd517828962fde29
2772,2019-08-24 12:00:00+00:00,795.6,,uppsala,5f9fe38afd517828962fde29
2773,2019-08-24 13:00:00+00:00,737.2,,uppsala,5f9fe38afd517828962fde29
2774,2019-08-24 14:00:00+00:00,684.0,,uppsala,5f9fe38afd517828962fde29
2775,2019-08-24 15:00:00+00:00,596.3,,uppsala,5f9fe38afd517828962fde29
2776,2019-08-24 16:00:00+00:00,481.0,,uppsala,5f9fe38afd517828962fde29
2777,2019-08-24 17:00:00+00:00,294.1,,uppsala,5f9fe38afd517828962fde29
2778,2019-08-24 18:00:00+00:00,8.7,,uppsala,5f9fe38afd517828962fde29
2779,2019-08-24 19:00:00+00:00,0.0,,uppsala,5f9fe38afd517828962fde29
2780,2019-08-24 20:00:00+00:00,0.0,,uppsala,5f9fe38afd517828962fde29
2781,2019-08-24 21:00:00+00:00,0.0,,uppsala,5f9fe38afd517828962fde29
2782,2019-08-24 22:00:00+00:00,0.0,,uppsala,5f9fe38afd517828962fde29
2783,2019-08-24 23:00:00+00:00,0.0,,uppsala,5f9fe38afd517828962fde29
2784,2019-08-25 00:00:00+00:00,0.0,,uppsala,5f9fe38afd517828962fde29
2785,2019-08-25 01:00:00+00:00,0.0,,uppsala,5f9fe38afd517828962fde29
2786,2019-08-25 02:00:00+00:00,0.0,,uppsala,5f9fe38afd517828962fde29
2787,2019-08-25 03:00:00+00:00,0.0,,uppsala,5f9fe38afd517828962fde29
2788,2019-08-25 04:00:00+00:00,1.1,,uppsala,5f9fe38afd517828962fde29
2789,2019-08-25 05:00:00+00:00,339.2,,uppsala,5f9fe38afd517828962fde29
2790,2019-08-25 06:00:00+00:00,514.5,,uppsala,5f9fe38afd517828962fde29
2791,2019-08-25 07:00:00+00:00,615.3,,uppsala,5f9fe38afd517828962fde29
2792,2019-08-25 08:00:00+00:00,512.7,,uppsala,5f9fe38afd517828962fde29
2793,2019-08-25 09:00:00+00:00,738.7,,uppsala,5f9fe38afd517828962fde29
2794,2019-08-25 10:00:00+00:00,741.9,,uppsala,5f9fe38afd517828962fde29
2795,2019-08-25 11:00:00+00:00,760.9,,uppsala,5f9fe38afd517828962fde29
2796,2019-08-25 12:00:00+00:00,747.4,,uppsala,5f9fe38afd517828962fde29
2797,2019-08-25 13:00:00+00:00,718.8,,uppsala,5f9fe38afd517828962fde29
2798,2019-08-25 14:00:00+00:00,683.2,,uppsala,5f9fe38afd517828962fde29
2799,2019-08-25 15:00:00+00:00,592.7,,uppsala,5f9fe38afd517828962fde29
2800,2019-08-25 16:00:00+00:00,498.0,,uppsala,5f9fe38afd517828962fde29
2801,2019-08-25 17:00:00+00:00,303.2,,uppsala,5f9fe38afd517828962fde29
2802,2019-08-25 18:00:00+00:00,4.5,,uppsala,5f9fe38afd517828962fde29
2803,2019-08-25 19:00:00+00:00,0.0,,uppsala,5f9fe38afd517828962fde29
2804,2019-08-25 20:00:00+00:00,0.0,,uppsala,5f9fe38afd517828962fde29
2805,2019-08-25 21:00:00+00:00,0.0,,uppsala,5f9fe38afd517828962fde29
2806,2019-08-25 22:00:00+00:00,0.0,,uppsala,5f9fe38afd517828962fde29
2807,2019-08-25 23:00:00+00:00,0.0,,uppsala,5f9fe38afd517828962fde29
2808,2019-08-26 00:00:00+00:00,0.0,,uppsala,5f9fe38afd517828962fde29
2809,2019-08-26 01:00:00+00:00,0.0,,uppsala,5f9fe38afd517828962fde29
2810,2019-08-26 02:00:00+00:00,0.0,,uppsala,5f9fe38afd517828962fde29
2811,2019-08-26 03:00:00+00:00,0.0,,uppsala,5f9fe38afd517828962fde29
2812,2019-08-26 04:00:00+00:00,111.5,,uppsala,5f9fe38afd517828962fde29
2813,2019-08-26 05:00:00+00:00,347.6,,uppsala,5f9fe38afd517828962fde29
2814,2019-08-26 06:00:00+00:00,601.8,,uppsala,5f9fe38afd517828962fde29
2815,2019-08-26 07:00:00+00:00,690.9,,uppsala,5f9fe38afd517828962fde29
2816,2019-08-26 08:00:00+00:00,756.4,,uppsala,5f9fe38afd517828962fde29
2817,2019-08-26 09:00:00+00:00,785.9,,uppsala,5f9fe38afd517828962fde29
2818,2019-08-26 10:00:00+00:00,758.1,,uppsala,5f9fe38afd517828962fde29
2819,2019-08-26 11:00:00+00:00,816.7,,uppsala,5f9fe38afd517828962fde29
2820,2019-08-26 12:00:00+00:00,807.7,,uppsala,5f9fe38afd517828962fde29
2821,2019-08-26 13:00:00+00:00,781.9,,uppsala,5f9fe38afd517828962fde29
2822,2019-08-26 14:00:00+00:00,744.6,,uppsala,5f9fe38afd517828962fde29
2823,2019-08-26 15:00:00+00:00,593.2,,uppsala,5f9fe38afd517828962fde29
2824,2019-08-26 16:00:00+00:00,485.5,,uppsala,5f9fe38afd517828962fde29
2825,2019-08-26 17:00:00+00:00,282.8,,uppsala,5f9fe38afd517828962fde29
2826,2019-08-26 18:00:00+00:00,1.4,,uppsala,5f9fe38afd517828962fde29
2827,2019-08-26 19:00:00+00:00,0.0,,uppsala,5f9fe38afd517828962fde29
2828,2019-08-26 20:00:00+00:00,0.0,,uppsala,5f9fe38afd517828962fde29
2829,2019-08-26 21:00:00+00:00,0.0,,uppsala,5f9fe38afd517828962fde29
2830,2019-08-26 22:00:00+00:00,0.0,,uppsala,5f9fe38afd517828962fde29
2831,2019-08-26 23:00:00+00:00,0.0,,uppsala,5f9fe38afd517828962fde29
2832,2019-08-27 00:00:00+00:00,0.0,,uppsala,5f9fe38afd517828962fde29
2833,2019-08-27 01:00:00+00:00,0.0,,uppsala,5f9fe38afd517828962fde29
2834,2019-08-27 02:00:00+00:00,0.0,,uppsala,5f9fe38afd517828962fde29
2835,2019-08-27 03:00:00+00:00,0.0,,uppsala,5f9fe38afd517828962fde29
2836,2019-08-27 04:00:00+00:00,71.8,,uppsala,5f9fe38afd517828962fde29
2837,2019-08-27 05:00:00+00:00,363.2,,uppsala,5f9fe38afd517828962fde29
2838,2019-08-27 06:00:00+00:00,554.7,,uppsala,5f9fe38afd517828962fde29
2839,2019-08-27 07:00:00+00:00,665.3,,uppsala,5f9fe38afd517828962fde29
2840,2019-08-27 08:00:00+00:00,743.1,,uppsala,5f9fe38afd517828962fde29
2841,2019-08-27 09:00:00+00:00,780.9,,uppsala,5f9fe38afd517828962fde29
2842,2019-08-27 10:00:00+00:00,812.3,,uppsala,5f9fe38afd517828962fde29
2843,2019-08-27 11:00:00+00:00,829.3,,uppsala,5f9fe38afd517828962fde29
2844,2019-08-27 12:00:00+00:00,837.5,,uppsala,5f9fe38afd517828962fde29
2845,2019-08-27 13:00:00+00:00,824.6,,uppsala,5f9fe38afd517828962fde29
2846,2019-08-27 14:00:00+00:00,791.0,,uppsala,5f9fe38afd517828962fde29
2847,2019-08-27 15:00:00+00:00,667.9,,uppsala,5f9fe38afd517828962fde29
2848,2019-08-27 16:00:00+00:00,554.8,,uppsala,5f9fe38afd517828962fde29
2849,2019-08-27 17:00:00+00:00,329.8,,uppsala,5f9fe38afd517828962fde29
2850,2019-08-27 18:00:00+00:00,0.5,,uppsala,5f9fe38afd517828962fde29
2851,2019-08-27 19:00:00+00:00,0.0,,uppsala,5f9fe38afd517828962fde29
2852,2019-08-27 20:00:00+00:00,0.0,,uppsala,5f9fe38afd517828962fde29
2853,2019-08-27 21:00:00+00:00,0.0,,uppsala,5f9fe38afd517828962fde29
2854,2019-08-27 22:00:00+00:00,0.0,,uppsala,5f9fe38afd517828962fde29
2855,2019-08-27 23:00:00+00:00,0.0,,uppsala,5f9fe38afd517828962fde29
2856,2019-08-28 00:00:00+00:00,0.0,,uppsala,5f9fe38afd517828962fde29
2857,2019-08-28 01:00:00+00:00,0.0,,uppsala,5f9fe38afd517828962fde29
2858,2019-08-28 02:00:00+00:00,0.0,,uppsala,5f9fe38afd517828962fde29
2859,2019-08-28 03:00:00+00:00,0.0,,uppsala,5f9fe38afd517828962fde29
2860,2019-08-28 04:00:00+00:00,39.8,,uppsala,5f9fe38afd517828962fde29
2861,2019-08-28 05:00:00+00:00,318.0,,uppsala,5f9fe38afd517828962fde29
2862,2019-08-28 06:00:00+00:00,514.7,,uppsala,5f9fe38afd517828962fde29
2863,2019-08-28 07:00:00+00:00,640.3,,uppsala,5f9fe38afd517828962fde29
2864,2019-08-28 08:00:00+00:00,713.7,,uppsala,5f9fe38afd517828962fde29
2865,2019-08-28 09:00:00+00:00,766.1,,uppsala,5f9fe38afd517828962fde29
2866,2019-08-28 10:00:00+00:00,787.9,,uppsala,5f9fe38afd517828962fde29
2867,2019-08-28 11:00:00+00:00,794.7,,uppsala,5f9fe38afd517828962fde29
2868,2019-08-28 12:00:00+00:00,780.6,,uppsala,5f9fe38afd517828962fde29
2869,2019-08-28 13:00:00+00:00,753.5,,uppsala,5f9fe38afd517828962fde29
2870,2019-08-28 14:00:00+00:00,693.0,,uppsala,5f9fe38afd517828962fde29
2871,2019-08-28 15:00:00+00:00,668.0,,uppsala,5f9fe38afd517828962fde29
2872,2019-08-28 16:00:00+00:00,545.5,,uppsala,5f9fe38afd517828962fde29
2873,2019-08-28 17:00:00+00:00,299.9,,uppsala,5f9fe38afd517828962fde29
2874,2019-08-28 18:00:00+00:00,0.0,,uppsala,5f9fe38afd517828962fde29
2875,2019-08-28 19:00:00+00:00,0.0,,uppsala,5f9fe38afd517828962fde29
2876,2019-08-28 20:00:00+00:00,0.0,,uppsala,5f9fe38afd517828962fde29
2877,2019-08-28 21:00:00+00:00,0.0,,uppsala,5f9fe38afd517828962fde29
2878,2019-08-28 22:00:00+00:00,0.0,,uppsala,5f9fe38afd517828962fde29
2879,2019-08-28 23:00:00+00:00,0.0,,uppsala,5f9fe38afd517828962fde29
2880,2019-08-29 00:00:00+00:00,0.0,,uppsala,5f9fe38afd517828962fde29
2881,2019-08-29 01:00:00+00:00,0.0,,uppsala,5f9fe38afd517828962fde29
2882,2019-08-29 02:00:00+00:00,0.0,,uppsala,5f9fe38afd517828962fde29
2883,2019-08-29 03:00:00+00:00,0.0,,uppsala,5f9fe38afd517828962fde29
2884,2019-08-29 04:00:00+00:00,0.0,,uppsala,5f9fe38afd517828962fde29
2885,2019-08-29 05:00:00+00:00,0.6000000000000001,,uppsala,5f9fe38afd517828962fde29
2886,2019-08-29 06:00:00+00:00,198.4,,uppsala,5f9fe38afd517828962fde29
2887,2019-08-29 07:00:00+00:00,478.3,,uppsala,5f9fe38afd517828962fde29
2888,2019-08-29 08:00:00+00:00,555.9,,uppsala,5f9fe38afd517828962fde29
2889,2019-08-29 09:00:00+00:00,615.3,,uppsala,5f9fe38afd517828962fde29
2890,2019-08-29 10:00:00+00:00,625.9,,uppsala,5f9fe38afd517828962fde29
2891,2019-08-29 11:00:00+00:00,606.7,,uppsala,5f9fe38afd517828962fde29
2892,2019-08-29 12:00:00+00:00,286.6,,uppsala,5f9fe38afd517828962fde29
2893,2019-08-29 13:00:00+00:00,350.5,,uppsala,5f9fe38afd517828962fde29
2894,2019-08-29 14:00:00+00:00,344.9,,uppsala,5f9fe38afd517828962fde29
2895,2019-08-29 15:00:00+00:00,150.4,,uppsala,5f9fe38afd517828962fde29
2896,2019-08-29 16:00:00+00:00,4.2,,uppsala,5f9fe38afd517828962fde29
2897,2019-08-29 17:00:00+00:00,0.0,,uppsala,5f9fe38afd517828962fde29
2898,2019-08-29 18:00:00+00:00,0.0,,uppsala,5f9fe38afd517828962fde29
2899,2019-08-29 19:00:00+00:00,0.0,,uppsala,5f9fe38afd517828962fde29
2900,2019-08-29 20:00:00+00:00,0.0,,uppsala,5f9fe38afd517828962fde29
2901,2019-08-29 21:00:00+00:00,0.0,,uppsala,5f9fe38afd517828962fde29
2902,2019-08-29 22:00:00+00:00,0.0,,uppsala,5f9fe38afd517828962fde29
2903,2019-08-29 23:00:00+00:00,0.0,,uppsala,5f9fe38afd517828962fde29
2904,2019-08-30 00:00:00+00:00,0.0,,uppsala,5f9fe38afd517828962fde29
2905,2019-08-30 01:00:00+00:00,0.0,,uppsala,5f9fe38afd517828962fde29
2906,2019-08-30 02:00:00+00:00,0.0,,uppsala,5f9fe38afd517828962fde29
2907,2019-08-30 03:00:00+00:00,0.0,,uppsala,5f9fe38afd517828962fde29
2908,2019-08-30 04:00:00+00:00,38.4,,uppsala,5f9fe38afd517828962fde29
2909,2019-08-30 05:00:00+00:00,255.5,,uppsala,5f9fe38afd517828962fde29
2910,2019-08-30 06:00:00+00:00,4.8,,uppsala,5f9fe38afd517828962fde29
2911,2019-08-30 07:00:00+00:00,39.0,,uppsala,5f9fe38afd517828962fde29
2912,2019-08-30 08:00:00+00:00,725.1,,uppsala,5f9fe38afd517828962fde29
2913,2019-08-30 09:00:00+00:00,613.6,,uppsala,5f9fe38afd517828962fde29
2914,2019-08-30 10:00:00+00:00,740.0,,uppsala,5f9fe38afd517828962fde29
2915,2019-08-30 11:00:00+00:00,487.1,,uppsala,5f9fe38afd517828962fde29
2916,2019-08-30 12:00:00+00:00,257.2,,uppsala,5f9fe38afd517828962fde29
2917,2019-08-30 13:00:00+00:00,247.9,,uppsala,5f9fe38afd517828962fde29
2918,2019-08-30 14:00:00+00:00,103.4,,uppsala,5f9fe38afd517828962fde29
2919,2019-08-30 15:00:00+00:00,509.6,,uppsala,5f9fe38afd517828962fde29
2920,2019-08-30 16:00:00+00:00,188.1,,uppsala,5f9fe38afd517828962fde29
2921,2019-08-30 17:00:00+00:00,57.8,,uppsala,5f9fe38afd517828962fde29
2922,2019-08-30 18:00:00+00:00,0.0,,uppsala,5f9fe38afd517828962fde29
2923,2019-08-30 19:00:00+00:00,0.0,,uppsala,5f9fe38afd517828962fde29
2924,2019-08-30 20:00:00+00:00,0.0,,uppsala,5f9fe38afd517828962fde29
2925,2019-08-30 21:00:00+00:00,0.0,,uppsala,5f9fe38afd517828962fde29
2926,2019-08-30 22:00:00+00:00,0.0,,uppsala,5f9fe38afd517828962fde29
2927,2019-08-30 23:00:00+00:00,0.0,,uppsala,5f9fe38afd517828962fde29
2928,2019-08-31 00:00:00+00:00,0.0,,uppsala,5f9fe38afd517828962fde29
2929,2019-08-31 01:00:00+00:00,0.0,,uppsala,5f9fe38afd517828962fde29
2930,2019-08-31 02:00:00+00:00,0.0,,uppsala,5f9fe38afd517828962fde29
2931,2019-08-31 03:00:00+00:00,0.0,,uppsala,5f9fe38afd517828962fde29
2932,2019-08-31 04:00:00+00:00,0.4,,uppsala,5f9fe38afd517828962fde29
2933,2019-08-31 05:00:00+00:00,224.8,,uppsala,5f9fe38afd517828962fde29
2934,2019-08-31 06:00:00+00:00,426.6,,uppsala,5f9fe38afd517828962fde29
2935,2019-08-31 07:00:00+00:00,567.3,,uppsala,5f9fe38afd517828962fde29
2936,2019-08-31 08:00:00+00:00,630.1,,uppsala,5f9fe38afd517828962fde29
2937,2019-08-31 09:00:00+00:00,448.7,,uppsala,5f9fe38afd517828962fde29
2938,2019-08-31 10:00:00+00:00,581.7,,uppsala,5f9fe38afd517828962fde29
2939,2019-08-31 11:00:00+00:00,564.0,,uppsala,5f9fe38afd517828962fde29
2940,2019-08-31 12:00:00+00:00,747.3,,uppsala,5f9fe38afd517828962fde29
2941,2019-08-31 13:00:00+00:00,715.4,,uppsala,5f9fe38afd517828962fde29
2942,2019-08-31 14:00:00+00:00,662.2,,uppsala,5f9fe38afd517828962fde29
2943,2019-08-31 15:00:00+00:00,567.7,,uppsala,5f9fe38afd517828962fde29
2944,2019-08-31 16:00:00+00:00,457.2,,uppsala,5f9fe38afd517828962fde29
2945,2019-08-31 17:00:00+00:00,230.2,,uppsala,5f9fe38afd517828962fde29
2946,2019-08-31 18:00:00+00:00,0.0,,uppsala,5f9fe38afd517828962fde29
2947,2019-08-31 19:00:00+00:00,0.0,,uppsala,5f9fe38afd517828962fde29
2948,2019-08-31 20:00:00+00:00,0.0,,uppsala,5f9fe38afd517828962fde29
2949,2019-08-31 21:00:00+00:00,0.0,,uppsala,5f9fe38afd517828962fde29
2950,2019-08-31 22:00:00+00:00,0.0,,uppsala,5f9fe38afd517828962fde29
2951,2019-08-31 23:00:00+00:00,0.0,,uppsala,5f9fe38afd517828962fde29
2952,2019-09-01 00:00:00+00:00,0.0,,uppsala,5f9fe38afd517828962fde29
2953,2019-09-01 01:00:00+00:00,0.0,,uppsala,5f9fe38afd517828962fde29
2954,2019-09-01 02:00:00+00:00,0.0,,uppsala,5f9fe38afd517828962fde29
2955,2019-09-01 03:00:00+00:00,0.0,,uppsala,5f9fe38afd517828962fde29
2956,2019-09-01 04:00:00+00:00,2.4,,uppsala,5f9fe38afd517828962fde29
2957,2019-09-01 05:00:00+00:00,292.1,,uppsala,5f9fe38afd517828962fde29
2958,2019-09-01 06:00:00+00:00,403.9,,uppsala,5f9fe38afd517828962fde29
2959,2019-09-01 07:00:00+00:00,436.9,,uppsala,5f9fe38afd517828962fde29
2960,2019-09-01 08:00:00+00:00,640.9,,uppsala,5f9fe38afd517828962fde29
2961,2019-09-01 09:00:00+00:00,676.6,,uppsala,5f9fe38afd517828962fde29
2962,2019-09-01 10:00:00+00:00,665.6,,uppsala,5f9fe38afd517828962fde29
2963,2019-09-01 11:00:00+00:00,635.6,,uppsala,5f9fe38afd517828962fde29
2964,2019-09-01 12:00:00+00:00,596.4,,uppsala,5f9fe38afd517828962fde29
2965,2019-09-01 13:00:00+00:00,3.1,,uppsala,5f9fe38afd517828962fde29
2966,2019-09-01 14:00:00+00:00,126.6,,uppsala,5f9fe38afd517828962fde29
2967,2019-09-01 15:00:00+00:00,3.1,,uppsala,5f9fe38afd517828962fde29
2968,2019-09-01 16:00:00+00:00,23.6,,uppsala,5f9fe38afd517828962fde29
2969,2019-09-01 17:00:00+00:00,4.2,,uppsala,5f9fe38afd517828962fde29
2970,2019-09-01 18:00:00+00:00,0.0,,uppsala,5f9fe38afd517828962fde29
2971,2019-09-01 19:00:00+00:00,0.0,,uppsala,5f9fe38afd517828962fde29
2972,2019-09-01 20:00:00+00:00,0.0,,uppsala,5f9fe38afd517828962fde29
2973,2019-09-01 21:00:00+00:00,0.0,,uppsala,5f9fe38afd517828962fde29
2974,2019-09-01 22:00:00+00:00,0.0,,uppsala,5f9fe38afd517828962fde29
2975,2019-09-01 23:00:00+00:00,0.0,,uppsala,5f9fe38afd517828962fde29
2976,2019-09-02 00:00:00+00:00,0.0,,uppsala,5f9fe38afd517828962fde29
2977,2019-09-02 01:00:00+00:00,0.0,,uppsala,5f9fe38afd517828962fde29
2978,2019-09-02 02:00:00+00:00,0.0,,uppsala,5f9fe38afd517828962fde29
2979,2019-09-02 03:00:00+00:00,0.0,,uppsala,5f9fe38afd517828962fde29
2980,2019-09-02 04:00:00+00:00,0.0,,uppsala,5f9fe38afd517828962fde29
2981,2019-09-02 05:00:00+00:00,202.9,,uppsala,5f9fe38afd517828962fde29
2982,2019-09-02 06:00:00+00:00,100.0,,uppsala,5f9fe38afd517828962fde29
2983,2019-09-02 07:00:00+00:00,396.1,,uppsala,5f9fe38afd517828962fde29
2984,2019-09-02 08:00:00+00:00,272.4,,uppsala,5f9fe38afd517828962fde29
2985,2019-09-02 09:00:00+00:00,819.9,,uppsala,5f9fe38afd517828962fde29
2986,2019-09-02 10:00:00+00:00,832.3,,uppsala,5f9fe38afd517828962fde29
2987,2019-09-02 11:00:00+00:00,850.4,,uppsala,5f9fe38afd517828962fde29
2988,2019-09-02 12:00:00+00:00,825.9,,uppsala,5f9fe38afd517828962fde29
2989,2019-09-02 13:00:00+00:00,775.9,,uppsala,5f9fe38afd517828962fde29
2990,2019-09-02 14:00:00+00:00,752.5,,uppsala,5f9fe38afd517828962fde29
2991,2019-09-02 15:00:00+00:00,528.6,,uppsala,5f9fe38afd517828962fde29
2992,2019-09-02 16:00:00+00:00,323.8,,uppsala,5f9fe38afd517828962fde29
2993,2019-09-02 17:00:00+00:00,174.1,,uppsala,5f9fe38afd517828962fde29
2994,2019-09-02 18:00:00+00:00,0.0,,uppsala,5f9fe38afd517828962fde29
2995,2019-09-02 19:00:00+00:00,0.0,,uppsala,5f9fe38afd517828962fde29
2996,2019-09-02 20:00:00+00:00,0.0,,uppsala,5f9fe38afd517828962fde29
2997,2019-09-02 21:00:00+00:00,0.0,,uppsala,5f9fe38afd517828962fde29
2998,2019-09-02 22:00:00+00:00,0.0,,uppsala,5f9fe38afd517828962fde29
2999,2019-09-02 23:00:00+00:00,0.0,,uppsala,5f9fe38afd517828962fde29
3000,2019-09-03 00:00:00+00:00,0.0,,uppsala,5f9fe38afd517828962fde29
3001,2019-09-03 01:00:00+00:00,0.0,,uppsala,5f9fe38afd517828962fde29
3002,2019-09-03 02:00:00+00:00,0.0,,uppsala,5f9fe38afd517828962fde29
3003,2019-09-03 03:00:00+00:00,0.0,,uppsala,5f9fe38afd517828962fde29
3004,2019-09-03 04:00:00+00:00,20.2,,uppsala,5f9fe38afd517828962fde29
3005,2019-09-03 05:00:00+00:00,404.9,,uppsala,5f9fe38afd517828962fde29
3006,2019-09-03 06:00:00+00:00,612.8,,uppsala,5f9fe38afd517828962fde29
3007,2019-09-03 07:00:00+00:00,737.1,,uppsala,5f9fe38afd517828962fde29
3008,2019-09-03 08:00:00+00:00,807.6,,uppsala,5f9fe38afd517828962fde29
3009,2019-09-03 09:00:00+00:00,828.8,,uppsala,5f9fe38afd517828962fde29
3010,2019-09-03 10:00:00+00:00,834.7,,uppsala,5f9fe38afd517828962fde29
3011,2019-09-03 11:00:00+00:00,799.3,,uppsala,5f9fe38afd517828962fde29
3012,2019-09-03 12:00:00+00:00,807.2,,uppsala,5f9fe38afd517828962fde29
3013,2019-09-03 13:00:00+00:00,7.8,,uppsala,5f9fe38afd517828962fde29
3014,2019-09-03 14:00:00+00:00,6.4,,uppsala,5f9fe38afd517828962fde29
3015,2019-09-03 15:00:00+00:00,257.3,,uppsala,5f9fe38afd517828962fde29
3016,2019-09-03 16:00:00+00:00,0.0,,uppsala,5f9fe38afd517828962fde29
3017,2019-09-03 17:00:00+00:00,0.0,,uppsala,5f9fe38afd517828962fde29
3018,2019-09-03 18:00:00+00:00,0.0,,uppsala,5f9fe38afd517828962fde29
3019,2019-09-03 19:00:00+00:00,0.0,,uppsala,5f9fe38afd517828962fde29
3020,2019-09-03 20:00:00+00:00,0.0,,uppsala,5f9fe38afd517828962fde29
3021,2019-09-03 21:00:00+00:00,0.0,,uppsala,5f9fe38afd517828962fde29
3022,2019-09-03 22:00:00+00:00,0.0,,uppsala,5f9fe38afd517828962fde29
3023,2019-09-03 23:00:00+00:00,0.0,,uppsala,5f9fe38afd517828962fde29
3024,2019-09-04 00:00:00+00:00,0.0,,uppsala,5f9fe38afd517828962fde29
3025,2019-09-04 01:00:00+00:00,0.0,,uppsala,5f9fe38afd517828962fde29
3026,2019-09-04 02:00:00+00:00,0.0,,uppsala,5f9fe38afd517828962fde29
3027,2019-09-04 03:00:00+00:00,0.0,,uppsala,5f9fe38afd517828962fde29
3028,2019-09-04 04:00:00+00:00,0.0,,uppsala,5f9fe38afd517828962fde29
3029,2019-09-04 05:00:00+00:00,0.0,,uppsala,5f9fe38afd517828962fde29
3030,2019-09-04 06:00:00+00:00,1.4,,uppsala,5f9fe38afd517828962fde29
3031,2019-09-04 07:00:00+00:00,152.3,,uppsala,5f9fe38afd517828962fde29
3032,2019-09-04 08:00:00+00:00,795.6,,uppsala,5f9fe38afd517828962fde29
3033,2019-09-04 09:00:00+00:00,850.1,,uppsala,5f9fe38afd517828962fde29
3034,2019-09-04 10:00:00+00:00,867.8,,uppsala,5f9fe38afd517828962fde29
3035,2019-09-04 11:00:00+00:00,867.7,,uppsala,5f9fe38afd517828962fde29
3036,2019-09-04 12:00:00+00:00,840.1,,uppsala,5f9fe38afd517828962fde29
3037,2019-09-04 13:00:00+00:00,683.9,,uppsala,5f9fe38afd517828962fde29
3038,2019-09-04 14:00:00+00:00,765.9,,uppsala,5f9fe38afd517828962fde29
3039,2019-09-04 15:00:00+00:00,681.8,,uppsala,5f9fe38afd517828962fde29
3040,2019-09-04 16:00:00+00:00,431.8,,uppsala,5f9fe38afd517828962fde29
3041,2019-09-04 17:00:00+00:00,144.1,,uppsala,5f9fe38afd517828962fde29
3042,2019-09-04 18:00:00+00:00,0.0,,uppsala,5f9fe38afd517828962fde29
3043,2019-09-04 19:00:00+00:00,0.0,,uppsala,5f9fe38afd517828962fde29
3044,2019-09-04 20:00:00+00:00,0.0,,uppsala,5f9fe38afd517828962fde29
3045,2019-09-04 21:00:00+00:00,0.0,,uppsala,5f9fe38afd517828962fde29
3046,2019-09-04 22:00:00+00:00,0.0,,uppsala,5f9fe38afd517828962fde29
3047,2019-09-04 23:00:00+00:00,0.0,,uppsala,5f9fe38afd517828962fde29
3048,2019-09-05 00:00:00+00:00,0.0,,uppsala,5f9fe38afd517828962fde29
3049,2019-09-05 01:00:00+00:00,0.0,,uppsala,5f9fe38afd517828962fde29
3050,2019-09-05 02:00:00+00:00,0.0,,uppsala,5f9fe38afd517828962fde29
3051,2019-09-05 03:00:00+00:00,0.0,,uppsala,5f9fe38afd517828962fde29
3052,2019-09-05 04:00:00+00:00,0.0,,uppsala,5f9fe38afd517828962fde29
3053,2019-09-05 05:00:00+00:00,86.6,,uppsala,5f9fe38afd517828962fde29
3054,2019-09-05 06:00:00+00:00,0.2,,uppsala,5f9fe38afd517828962fde29
3055,2019-09-05 07:00:00+00:00,556.2,,uppsala,5f9fe38afd517828962fde29
3056,2019-09-05 08:00:00+00:00,195.5,,uppsala,5f9fe38afd517828962fde29
3057,2019-09-05 09:00:00+00:00,525.5,,uppsala,5f9fe38afd517828962fde29
3058,2019-09-05 10:00:00+00:00,778.4,,uppsala,5f9fe38afd517828962fde29
3059,2019-09-05 11:00:00+00:00,797.9,,uppsala,5f9fe38afd517828962fde29
3060,2019-09-05 12:00:00+00:00,730.2,,uppsala,5f9fe38afd517828962fde29
3061,2019-09-05 13:00:00+00:00,763.2,,uppsala,5f9fe38afd517828962fde29
3062,2019-09-05 14:00:00+00:00,697.5,,uppsala,5f9fe38afd517828962fde29
3063,2019-09-05 15:00:00+00:00,485.7,,uppsala,5f9fe38afd517828962fde29
3064,2019-09-05 16:00:00+00:00,261.4,,uppsala,5f9fe38afd517828962fde29
3065,2019-09-05 17:00:00+00:00,95.0,,uppsala,5f9fe38afd517828962fde29
3066,2019-09-05 18:00:00+00:00,0.0,,uppsala,5f9fe38afd517828962fde29
3067,2019-09-05 19:00:00+00:00,0.0,,uppsala,5f9fe38afd517828962fde29
3068,2019-09-05 20:00:00+00:00,0.0,,uppsala,5f9fe38afd517828962fde29
3069,2019-09-05 21:00:00+00:00,0.0,,uppsala,5f9fe38afd517828962fde29
3070,2019-09-05 22:00:00+00:00,0.0,,uppsala,5f9fe38afd517828962fde29
3071,2019-09-05 23:00:00+00:00,0.0,,uppsala,5f9fe38afd517828962fde29
3072,2019-09-06 00:00:00+00:00,0.0,,uppsala,5f9fe38afd517828962fde29
3073,2019-09-06 01:00:00+00:00,0.0,,uppsala,5f9fe38afd517828962fde29
3074,2019-09-06 02:00:00+00:00,0.0,,uppsala,5f9fe38afd517828962fde29
3075,2019-09-06 03:00:00+00:00,0.0,,uppsala,5f9fe38afd517828962fde29
3076,2019-09-06 04:00:00+00:00,0.0,,uppsala,5f9fe38afd517828962fde29
3077,2019-09-06 05:00:00+00:00,279.8,,uppsala,5f9fe38afd517828962fde29
3078,2019-09-06 06:00:00+00:00,553.6,,uppsala,5f9fe38afd517828962fde29
3079,2019-09-06 07:00:00+00:00,708.0,,uppsala,5f9fe38afd517828962fde29
3080,2019-09-06 08:00:00+00:00,789.7,,uppsala,5f9fe38afd517828962fde29
3081,2019-09-06 09:00:00+00:00,828.9,,uppsala,5f9fe38afd517828962fde29
3082,2019-09-06 10:00:00+00:00,823.3,,uppsala,5f9fe38afd517828962fde29
3083,2019-09-06 11:00:00+00:00,804.5,,uppsala,5f9fe38afd517828962fde29
3084,2019-09-06 12:00:00+00:00,747.1,,uppsala,5f9fe38afd517828962fde29
3085,2019-09-06 13:00:00+00:00,606.7,,uppsala,5f9fe38afd517828962fde29
3086,2019-09-06 14:00:00+00:00,644.5,,uppsala,5f9fe38afd517828962fde29
3087,2019-09-06 15:00:00+00:00,8.3,,uppsala,5f9fe38afd517828962fde29
3088,2019-09-06 16:00:00+00:00,16.4,,uppsala,5f9fe38afd517828962fde29
3089,2019-09-06 17:00:00+00:00,0.0,,uppsala,5f9fe38afd517828962fde29
3090,2019-09-06 18:00:00+00:00,0.0,,uppsala,5f9fe38afd517828962fde29
3091,2019-09-06 19:00:00+00:00,0.0,,uppsala,5f9fe38afd517828962fde29
3092,2019-09-06 20:00:00+00:00,0.0,,uppsala,5f9fe38afd517828962fde29
3093,2019-09-06 21:00:00+00:00,0.0,,uppsala,5f9fe38afd517828962fde29
3094,2019-09-06 22:00:00+00:00,0.0,,uppsala,5f9fe38afd517828962fde29
3095,2019-09-06 23:00:00+00:00,0.0,,uppsala,5f9fe38afd517828962fde29
3096,2019-09-07 00:00:00+00:00,0.0,,uppsala,5f9fe38afd517828962fde29
3097,2019-09-07 01:00:00+00:00,0.0,,uppsala,5f9fe38afd517828962fde29
3098,2019-09-07 02:00:00+00:00,0.0,,uppsala,5f9fe38afd517828962fde29
3099,2019-09-07 03:00:00+00:00,0.0,,uppsala,5f9fe38afd517828962fde29
3100,2019-09-07 04:00:00+00:00,0.0,,uppsala,5f9fe38afd517828962fde29
3101,2019-09-07 05:00:00+00:00,23.8,,uppsala,5f9fe38afd517828962fde29
3102,2019-09-07 06:00:00+00:00,54.9,,uppsala,5f9fe38afd517828962fde29
3103,2019-09-07 07:00:00+00:00,39.5,,uppsala,5f9fe38afd517828962fde29
3104,2019-09-07 08:00:00+00:00,31.7,,uppsala,5f9fe38afd517828962fde29
3105,2019-09-07 09:00:00+00:00,53.3,,uppsala,5f9fe38afd517828962fde29
3106,2019-09-07 10:00:00+00:00,7.6,,uppsala,5f9fe38afd517828962fde29
3107,2019-09-07 11:00:00+00:00,7.6,,uppsala,5f9fe38afd517828962fde29
3108,2019-09-07 12:00:00+00:00,82.6,,uppsala,5f9fe38afd517828962fde29
3109,2019-09-07 13:00:00+00:00,93.4,,uppsala,5f9fe38afd517828962fde29
3110,2019-09-07 14:00:00+00:00,431.7,,uppsala,5f9fe38afd517828962fde29
3111,2019-09-07 15:00:00+00:00,42.7,,uppsala,5f9fe38afd517828962fde29
3112,2019-09-07 16:00:00+00:00,15.7,,uppsala,5f9fe38afd517828962fde29
3113,2019-09-07 17:00:00+00:00,64.7,,uppsala,5f9fe38afd517828962fde29
3114,2019-09-07 18:00:00+00:00,0.0,,uppsala,5f9fe38afd517828962fde29
3115,2019-09-07 19:00:00+00:00,0.0,,uppsala,5f9fe38afd517828962fde29
3116,2019-09-07 20:00:00+00:00,0.0,,uppsala,5f9fe38afd517828962fde29
3117,2019-09-07 21:00:00+00:00,0.0,,uppsala,5f9fe38afd517828962fde29
3118,2019-09-07 22:00:00+00:00,0.0,,uppsala,5f9fe38afd517828962fde29
3119,2019-09-07 23:00:00+00:00,0.0,,uppsala,5f9fe38afd517828962fde29
3120,2019-09-08 00:00:00+00:00,0.0,,uppsala,5f9fe38afd517828962fde29
3121,2019-09-08 01:00:00+00:00,0.0,,uppsala,5f9fe38afd517828962fde29
3122,2019-09-08 02:00:00+00:00,0.0,,uppsala,5f9fe38afd517828962fde29
3123,2019-09-08 03:00:00+00:00,0.0,,uppsala,5f9fe38afd517828962fde29
3124,2019-09-08 04:00:00+00:00,0.0,,uppsala,5f9fe38afd517828962fde29
3125,2019-09-08 05:00:00+00:00,138.2,,uppsala,5f9fe38afd517828962fde29
3126,2019-09-08 06:00:00+00:00,448.9,,uppsala,5f9fe38afd517828962fde29
3127,2019-09-08 07:00:00+00:00,582.0,,uppsala,5f9fe38afd517828962fde29
3128,2019-09-08 08:00:00+00:00,250.9,,uppsala,5f9fe38afd517828962fde29
3129,2019-09-08 09:00:00+00:00,592.0,,uppsala,5f9fe38afd517828962fde29
3130,2019-09-08 10:00:00+00:00,462.1,,uppsala,5f9fe38afd517828962fde29
3131,2019-09-08 11:00:00+00:00,338.1,,uppsala,5f9fe38afd517828962fde29
3132,2019-09-08 12:00:00+00:00,352.7,,uppsala,5f9fe38afd517828962fde29
3133,2019-09-08 13:00:00+00:00,4.4,,uppsala,5f9fe38afd517828962fde29
3134,2019-09-08 14:00:00+00:00,12.4,,uppsala,5f9fe38afd517828962fde29
3135,2019-09-08 15:00:00+00:00,8.7,,uppsala,5f9fe38afd517828962fde29
3136,2019-09-08 16:00:00+00:00,30.5,,uppsala,5f9fe38afd517828962fde29
3137,2019-09-08 17:00:00+00:00,0.0,,uppsala,5f9fe38afd517828962fde29
3138,2019-09-08 18:00:00+00:00,0.0,,uppsala,5f9fe38afd517828962fde29
3139,2019-09-08 19:00:00+00:00,0.0,,uppsala,5f9fe38afd517828962fde29
3140,2019-09-08 20:00:00+00:00,0.0,,uppsala,5f9fe38afd517828962fde29
3141,2019-09-08 21:00:00+00:00,0.0,,uppsala,5f9fe38afd517828962fde29
3142,2019-09-08 22:00:00+00:00,0.0,,uppsala,5f9fe38afd517828962fde29
3143,2019-09-08 23:00:00+00:00,0.0,,uppsala,5f9fe38afd517828962fde29
3144,2019-09-09 00:00:00+00:00,0.0,,uppsala,5f9fe38afd517828962fde29
3145,2019-09-09 01:00:00+00:00,0.0,,uppsala,5f9fe38afd517828962fde29
3146,2019-09-09 02:00:00+00:00,0.0,,uppsala,5f9fe38afd517828962fde29
3147,2019-09-09 03:00:00+00:00,0.0,,uppsala,5f9fe38afd517828962fde29
3148,2019-09-09 04:00:00+00:00,0.0,,uppsala,5f9fe38afd517828962fde29
3149,2019-09-09 05:00:00+00:00,0.0,,uppsala,5f9fe38afd517828962fde29
3150,2019-09-09 06:00:00+00:00,0.0,,uppsala,5f9fe38afd517828962fde29
3151,2019-09-09 07:00:00+00:00,2.4,,uppsala,5f9fe38afd517828962fde29
3152,2019-09-09 08:00:00+00:00,4.9,,uppsala,5f9fe38afd517828962fde29
3153,2019-09-09 09:00:00+00:00,6.4,,uppsala,5f9fe38afd517828962fde29
3154,2019-09-09 10:00:00+00:00,7.6,,uppsala,5f9fe38afd517828962fde29
3155,2019-09-09 11:00:00+00:00,7.9,,uppsala,5f9fe38afd517828962fde29
3156,2019-09-09 12:00:00+00:00,7.6,,uppsala,5f9fe38afd517828962fde29
3157,2019-09-09 13:00:00+00:00,7.0,,uppsala,5f9fe38afd517828962fde29
3158,2019-09-09 14:00:00+00:00,9.1,,uppsala,5f9fe38afd517828962fde29
3159,2019-09-09 15:00:00+00:00,135.4,,uppsala,5f9fe38afd517828962fde29
3160,2019-09-09 16:00:00+00:00,300.3,,uppsala,5f9fe38afd517828962fde29
3161,2019-09-09 17:00:00+00:00,34.1,,uppsala,5f9fe38afd517828962fde29
3162,2019-09-09 18:00:00+00:00,0.0,,uppsala,5f9fe38afd517828962fde29
3163,2019-09-09 19:00:00+00:00,0.0,,uppsala,5f9fe38afd517828962fde29
3164,2019-09-09 20:00:00+00:00,0.0,,uppsala,5f9fe38afd517828962fde29
3165,2019-09-09 21:00:00+00:00,0.0,,uppsala,5f9fe38afd517828962fde29
3166,2019-09-09 22:00:00+00:00,0.0,,uppsala,5f9fe38afd517828962fde29
3167,2019-09-09 23:00:00+00:00,0.0,,uppsala,5f9fe38afd517828962fde29
3168,2019-09-10 00:00:00+00:00,0.0,,uppsala,5f9fe38afd517828962fde29
3169,2019-09-10 01:00:00+00:00,0.0,,uppsala,5f9fe38afd517828962fde29
3170,2019-09-10 02:00:00+00:00,0.0,,uppsala,5f9fe38afd517828962fde29
3171,2019-09-10 03:00:00+00:00,0.0,,uppsala,5f9fe38afd517828962fde29
3172,2019-09-10 04:00:00+00:00,0.0,,uppsala,5f9fe38afd517828962fde29
3173,2019-09-10 05:00:00+00:00,1.7000000000000002,,uppsala,5f9fe38afd517828962fde29
3174,2019-09-10 06:00:00+00:00,12.6,,uppsala,5f9fe38afd517828962fde29
3175,2019-09-10 07:00:00+00:00,398.8,,uppsala,5f9fe38afd517828962fde29
3176,2019-09-10 08:00:00+00:00,626.0,,uppsala,5f9fe38afd517828962fde29
3177,2019-09-10 09:00:00+00:00,697.2,,uppsala,5f9fe38afd517828962fde29
3178,2019-09-10 10:00:00+00:00,740.6,,uppsala,5f9fe38afd517828962fde29
3179,2019-09-10 11:00:00+00:00,768.7,,uppsala,5f9fe38afd517828962fde29
3180,2019-09-10 12:00:00+00:00,775.4,,uppsala,5f9fe38afd517828962fde29
3181,2019-09-10 13:00:00+00:00,736.4,,uppsala,5f9fe38afd517828962fde29
3182,2019-09-10 14:00:00+00:00,638.3,,uppsala,5f9fe38afd517828962fde29
3183,2019-09-10 15:00:00+00:00,234.0,,uppsala,5f9fe38afd517828962fde29
3184,2019-09-10 16:00:00+00:00,3.2,,uppsala,5f9fe38afd517828962fde29
3185,2019-09-10 17:00:00+00:00,0.0,,uppsala,5f9fe38afd517828962fde29
3186,2019-09-10 18:00:00+00:00,0.0,,uppsala,5f9fe38afd517828962fde29
3187,2019-09-10 19:00:00+00:00,0.0,,uppsala,5f9fe38afd517828962fde29
3188,2019-09-10 20:00:00+00:00,0.0,,uppsala,5f9fe38afd517828962fde29
3189,2019-09-10 21:00:00+00:00,0.0,,uppsala,5f9fe38afd517828962fde29
3190,2019-09-10 22:00:00+00:00,0.0,,uppsala,5f9fe38afd517828962fde29
3191,2019-09-10 23:00:00+00:00,0.0,,uppsala,5f9fe38afd517828962fde29
3192,2019-09-11 00:00:00+00:00,0.0,,uppsala,5f9fe38afd517828962fde29
3193,2019-09-11 01:00:00+00:00,0.0,,uppsala,5f9fe38afd517828962fde29
3194,2019-09-11 02:00:00+00:00,0.0,,uppsala,5f9fe38afd517828962fde29
3195,2019-09-11 03:00:00+00:00,0.0,,uppsala,5f9fe38afd517828962fde29
3196,2019-09-11 04:00:00+00:00,0.0,,uppsala,5f9fe38afd517828962fde29
3197,2019-09-11 05:00:00+00:00,0.0,,uppsala,5f9fe38afd517828962fde29
3198,2019-09-11 06:00:00+00:00,4.4,,uppsala,5f9fe38afd517828962fde29
3199,2019-09-11 07:00:00+00:00,7.6,,uppsala,5f9fe38afd517828962fde29
3200,2019-09-11 08:00:00+00:00,3.0,,uppsala,5f9fe38afd517828962fde29
3201,2019-09-11 09:00:00+00:00,5.1,,uppsala,5f9fe38afd517828962fde29
3202,2019-09-11 10:00:00+00:00,264.9,,uppsala,5f9fe38afd517828962fde29
3203,2019-09-11 11:00:00+00:00,24.2,,uppsala,5f9fe38afd517828962fde29
3204,2019-09-11 12:00:00+00:00,299.1,,uppsala,5f9fe38afd517828962fde29
3205,2019-09-11 13:00:00+00:00,647.6,,uppsala,5f9fe38afd517828962fde29
3206,2019-09-11 14:00:00+00:00,51.3,,uppsala,5f9fe38afd517828962fde29
3207,2019-09-11 15:00:00+00:00,260.4,,uppsala,5f9fe38afd517828962fde29
3208,2019-09-11 16:00:00+00:00,335.3,,uppsala,5f9fe38afd517828962fde29
3209,2019-09-11 17:00:00+00:00,69.6,,uppsala,5f9fe38afd517828962fde29
3210,2019-09-11 18:00:00+00:00,0.0,,uppsala,5f9fe38afd517828962fde29
3211,2019-09-11 19:00:00+00:00,0.0,,uppsala,5f9fe38afd517828962fde29
3212,2019-09-11 20:00:00+00:00,0.0,,uppsala,5f9fe38afd517828962fde29
3213,2019-09-11 21:00:00+00:00,0.0,,uppsala,5f9fe38afd517828962fde29
3214,2019-09-11 22:00:00+00:00,0.0,,uppsala,5f9fe38afd517828962fde29
3215,2019-09-11 23:00:00+00:00,0.0,,uppsala,5f9fe38afd517828962fde29
3216,2019-09-12 00:00:00+00:00,0.0,,uppsala,5f9fe38afd517828962fde29
3217,2019-09-12 01:00:00+00:00,0.0,,uppsala,5f9fe38afd517828962fde29
3218,2019-09-12 02:00:00+00:00,0.0,,uppsala,5f9fe38afd517828962fde29
3219,2019-09-12 03:00:00+00:00,0.0,,uppsala,5f9fe38afd517828962fde29
3220,2019-09-12 04:00:00+00:00,0.0,,uppsala,5f9fe38afd517828962fde29
3221,2019-09-12 05:00:00+00:00,0.0,,uppsala,5f9fe38afd517828962fde29
3222,2019-09-12 06:00:00+00:00,51.7,,uppsala,5f9fe38afd517828962fde29
3223,2019-09-12 07:00:00+00:00,59.7,,uppsala,5f9fe38afd517828962fde29
3224,2019-09-12 08:00:00+00:00,303.4,,uppsala,5f9fe38afd517828962fde29
3225,2019-09-12 09:00:00+00:00,822.5,,uppsala,5f9fe38afd517828962fde29
3226,2019-09-12 10:00:00+00:00,853.3,,uppsala,5f9fe38afd517828962fde29
3227,2019-09-12 11:00:00+00:00,859.9,,uppsala,5f9fe38afd517828962fde29
3228,2019-09-12 12:00:00+00:00,856.1,,uppsala,5f9fe38afd517828962fde29
3229,2019-09-12 13:00:00+00:00,821.5,,uppsala,5f9fe38afd517828962fde29
3230,2019-09-12 14:00:00+00:00,758.6,,uppsala,5f9fe38afd517828962fde29
3231,2019-09-12 15:00:00+00:00,577.7,,uppsala,5f9fe38afd517828962fde29
3232,2019-09-12 16:00:00+00:00,366.1,,uppsala,5f9fe38afd517828962fde29
3233,2019-09-12 17:00:00+00:00,21.9,,uppsala,5f9fe38afd517828962fde29
3234,2019-09-12 18:00:00+00:00,0.0,,uppsala,5f9fe38afd517828962fde29
3235,2019-09-12 19:00:00+00:00,0.0,,uppsala,5f9fe38afd517828962fde29
3236,2019-09-12 20:00:00+00:00,0.0,,uppsala,5f9fe38afd517828962fde29
3237,2019-09-12 21:00:00+00:00,0.0,,uppsala,5f9fe38afd517828962fde29
3238,2019-09-12 22:00:00+00:00,0.0,,uppsala,5f9fe38afd517828962fde29
3239,2019-09-12 23:00:00+00:00,0.0,,uppsala,5f9fe38afd517828962fde29
3240,2019-09-13 00:00:00+00:00,0.0,,uppsala,5f9fe38afd517828962fde29
3241,2019-09-13 01:00:00+00:00,0.0,,uppsala,5f9fe38afd517828962fde29
3242,2019-09-13 02:00:00+00:00,0.0,,uppsala,5f9fe38afd517828962fde29
3243,2019-09-13 03:00:00+00:00,0.0,,uppsala,5f9fe38afd517828962fde29
3244,2019-09-13 04:00:00+00:00,0.0,,uppsala,5f9fe38afd517828962fde29
3245,2019-09-13 05:00:00+00:00,42.5,,uppsala,5f9fe38afd517828962fde29
3246,2019-09-13 06:00:00+00:00,557.6,,uppsala,5f9fe38afd517828962fde29
3247,2019-09-13 07:00:00+00:00,703.2,,uppsala,5f9fe38afd517828962fde29
3248,2019-09-13 08:00:00+00:00,767.3,,uppsala,5f9fe38afd517828962fde29
3249,2019-09-13 09:00:00+00:00,794.4,,uppsala,5f9fe38afd517828962fde29
3250,2019-09-13 10:00:00+00:00,8.3,,uppsala,5f9fe38afd517828962fde29
3251,2019-09-13 11:00:00+00:00,427.1,,uppsala,5f9fe38afd517828962fde29
3252,2019-09-13 12:00:00+00:00,801.8,,uppsala,5f9fe38afd517828962fde29
3253,2019-09-13 13:00:00+00:00,752.0,,uppsala,5f9fe38afd517828962fde29
3254,2019-09-13 14:00:00+00:00,726.6,,uppsala,5f9fe38afd517828962fde29
3255,2019-09-13 15:00:00+00:00,593.5,,uppsala,5f9fe38afd517828962fde29
3256,2019-09-13 16:00:00+00:00,456.3,,uppsala,5f9fe38afd517828962fde29
3257,2019-09-13 17:00:00+00:00,66.9,,uppsala,5f9fe38afd517828962fde29
3258,2019-09-13 18:00:00+00:00,0.0,,uppsala,5f9fe38afd517828962fde29
3259,2019-09-13 19:00:00+00:00,0.0,,uppsala,5f9fe38afd517828962fde29
3260,2019-09-13 20:00:00+00:00,0.0,,uppsala,5f9fe38afd517828962fde29
3261,2019-09-13 21:00:00+00:00,0.0,,uppsala,5f9fe38afd517828962fde29
3262,2019-09-13 22:00:00+00:00,0.0,,uppsala,5f9fe38afd517828962fde29
3263,2019-09-13 23:00:00+00:00,0.0,,uppsala,5f9fe38afd517828962fde29
3264,2019-09-14 00:00:00+00:00,0.0,,uppsala,5f9fe38afd517828962fde29
3265,2019-09-14 01:00:00+00:00,0.0,,uppsala,5f9fe38afd517828962fde29
3266,2019-09-14 02:00:00+00:00,0.0,,uppsala,5f9fe38afd517828962fde29
3267,2019-09-14 03:00:00+00:00,0.0,,uppsala,5f9fe38afd517828962fde29
3268,2019-09-14 04:00:00+00:00,0.0,,uppsala,5f9fe38afd517828962fde29
3269,2019-09-14 05:00:00+00:00,285.0,,uppsala,5f9fe38afd517828962fde29
3270,2019-09-14 06:00:00+00:00,567.6,,uppsala,5f9fe38afd517828962fde29
3271,2019-09-14 07:00:00+00:00,718.5,,uppsala,5f9fe38afd517828962fde29
3272,2019-09-14 08:00:00+00:00,792.3,,uppsala,5f9fe38afd517828962fde29
3273,2019-09-14 09:00:00+00:00,830.4,,uppsala,5f9fe38afd517828962fde29
3274,2019-09-14 10:00:00+00:00,848.8,,uppsala,5f9fe38afd517828962fde29
3275,2019-09-14 11:00:00+00:00,837.2,,uppsala,5f9fe38afd517828962fde29
3276,2019-09-14 12:00:00+00:00,824.0,,uppsala,5f9fe38afd517828962fde29
3277,2019-09-14 13:00:00+00:00,809.2,,uppsala,5f9fe38afd517828962fde29
3278,2019-09-14 14:00:00+00:00,769.6,,uppsala,5f9fe38afd517828962fde29
3279,2019-09-14 15:00:00+00:00,612.0,,uppsala,5f9fe38afd517828962fde29
3280,2019-09-14 16:00:00+00:00,376.7,,uppsala,5f9fe38afd517828962fde29
3281,2019-09-14 17:00:00+00:00,21.4,,uppsala,5f9fe38afd517828962fde29
3282,2019-09-14 18:00:00+00:00,0.0,,uppsala,5f9fe38afd517828962fde29
3283,2019-09-14 19:00:00+00:00,0.0,,uppsala,5f9fe38afd517828962fde29
3284,2019-09-14 20:00:00+00:00,0.0,,uppsala,5f9fe38afd517828962fde29
3285,2019-09-14 21:00:00+00:00,0.0,,uppsala,5f9fe38afd517828962fde29
3286,2019-09-14 22:00:00+00:00,0.0,,uppsala,5f9fe38afd517828962fde29
3287,2019-09-14 23:00:00+00:00,0.0,,uppsala,5f9fe38afd517828962fde29
3288,2019-09-15 00:00:00+00:00,0.0,,uppsala,5f9fe38afd517828962fde29
3289,2019-09-15 01:00:00+00:00,0.0,,uppsala,5f9fe38afd517828962fde29
3290,2019-09-15 02:00:00+00:00,0.0,,uppsala,5f9fe38afd517828962fde29
3291,2019-09-15 03:00:00+00:00,0.0,,uppsala,5f9fe38afd517828962fde29
3292,2019-09-15 04:00:00+00:00,0.0,,uppsala,5f9fe38afd517828962fde29
3293,2019-09-15 05:00:00+00:00,0.0,,uppsala,5f9fe38afd517828962fde29
3294,2019-09-15 06:00:00+00:00,0.0,,uppsala,5f9fe38afd517828962fde29
3295,2019-09-15 07:00:00+00:00,3.9,,uppsala,5f9fe38afd517828962fde29
3296,2019-09-15 08:00:00+00:00,6.4,,uppsala,5f9fe38afd517828962fde29
3297,2019-09-15 09:00:00+00:00,708.8,,uppsala,5f9fe38afd517828962fde29
3298,2019-09-15 10:00:00+00:00,806.2,,uppsala,5f9fe38afd517828962fde29
3299,2019-09-15 11:00:00+00:00,809.6,,uppsala,5f9fe38afd517828962fde29
3300,2019-09-15 12:00:00+00:00,727.7,,uppsala,5f9fe38afd517828962fde29
3301,2019-09-15 13:00:00+00:00,745.6,,uppsala,5f9fe38afd517828962fde29
3302,2019-09-15 14:00:00+00:00,668.4,,uppsala,5f9fe38afd517828962fde29
3303,2019-09-15 15:00:00+00:00,614.1,,uppsala,5f9fe38afd517828962fde29
3304,2019-09-15 16:00:00+00:00,429.1,,uppsala,5f9fe38afd517828962fde29
3305,2019-09-15 17:00:00+00:00,25.2,,uppsala,5f9fe38afd517828962fde29
3306,2019-09-15 18:00:00+00:00,0.0,,uppsala,5f9fe38afd517828962fde29
3307,2019-09-15 19:00:00+00:00,0.0,,uppsala,5f9fe38afd517828962fde29
3308,2019-09-15 20:00:00+00:00,0.0,,uppsala,5f9fe38afd517828962fde29
3309,2019-09-15 21:00:00+00:00,0.0,,uppsala,5f9fe38afd517828962fde29
3310,2019-09-15 22:00:00+00:00,0.0,,uppsala,5f9fe38afd517828962fde29
3311,2019-09-15 23:00:00+00:00,0.0,,uppsala,5f9fe38afd517828962fde29
3312,2019-09-16 00:00:00+00:00,0.0,,uppsala,5f9fe38afd517828962fde29
3313,2019-09-16 01:00:00+00:00,0.0,,uppsala,5f9fe38afd517828962fde29
3314,2019-09-16 02:00:00+00:00,0.0,,uppsala,5f9fe38afd517828962fde29
3315,2019-09-16 03:00:00+00:00,0.0,,uppsala,5f9fe38afd517828962fde29
3316,2019-09-16 04:00:00+00:00,0.0,,uppsala,5f9fe38afd517828962fde29
3317,2019-09-16 05:00:00+00:00,236.0,,uppsala,5f9fe38afd517828962fde29
3318,2019-09-16 06:00:00+00:00,536.7,,uppsala,5f9fe38afd517828962fde29
3319,2019-09-16 07:00:00+00:00,634.6,,uppsala,5f9fe38afd517828962fde29
3320,2019-09-16 08:00:00+00:00,27.6,,uppsala,5f9fe38afd517828962fde29
3321,2019-09-16 09:00:00+00:00,8.1,,uppsala,5f9fe38afd517828962fde29
3322,2019-09-16 10:00:00+00:00,60.6,,uppsala,5f9fe38afd517828962fde29
3323,2019-09-16 11:00:00+00:00,12.7,,uppsala,5f9fe38afd517828962fde29
3324,2019-09-16 12:00:00+00:00,8.4,,uppsala,5f9fe38afd517828962fde29
3325,2019-09-16 13:00:00+00:00,11.6,,uppsala,5f9fe38afd517828962fde29
3326,2019-09-16 14:00:00+00:00,5.3,,uppsala,5f9fe38afd517828962fde29
3327,2019-09-16 15:00:00+00:00,4.4,,uppsala,5f9fe38afd517828962fde29
3328,2019-09-16 16:00:00+00:00,0.4,,uppsala,5f9fe38afd517828962fde29
3329,2019-09-16 17:00:00+00:00,0.0,,uppsala,5f9fe38afd517828962fde29
3330,2019-09-16 18:00:00+00:00,0.0,,uppsala,5f9fe38afd517828962fde29
3331,2019-09-16 19:00:00+00:00,0.0,,uppsala,5f9fe38afd517828962fde29
3332,2019-09-16 20:00:00+00:00,0.0,,uppsala,5f9fe38afd517828962fde29
3333,2019-09-16 21:00:00+00:00,0.0,,uppsala,5f9fe38afd517828962fde29
3334,2019-09-16 22:00:00+00:00,0.0,,uppsala,5f9fe38afd517828962fde29
3335,2019-09-16 23:00:00+00:00,0.0,,uppsala,5f9fe38afd517828962fde29
3336,2019-09-17 00:00:00+00:00,0.0,,uppsala,5f9fe38afd517828962fde29
3337,2019-09-17 01:00:00+00:00,0.0,,uppsala,5f9fe38afd517828962fde29
3338,2019-09-17 02:00:00+00:00,0.0,,uppsala,5f9fe38afd517828962fde29
3339,2019-09-17 03:00:00+00:00,0.0,,uppsala,5f9fe38afd517828962fde29
3340,2019-09-17 04:00:00+00:00,0.0,,uppsala,5f9fe38afd517828962fde29
3341,2019-09-17 05:00:00+00:00,177.9,,uppsala,5f9fe38afd517828962fde29
3342,2019-09-17 06:00:00+00:00,448.8,,uppsala,5f9fe38afd517828962fde29
3343,2019-09-17 07:00:00+00:00,600.5,,uppsala,5f9fe38afd517828962fde29
3344,2019-09-17 08:00:00+00:00,696.3,,uppsala,5f9fe38afd517828962fde29
3345,2019-09-17 09:00:00+00:00,750.0,,uppsala,5f9fe38afd517828962fde29
3346,2019-09-17 10:00:00+00:00,766.3,,uppsala,5f9fe38afd517828962fde29
3347,2019-09-17 11:00:00+00:00,770.3,,uppsala,5f9fe38afd517828962fde29
3348,2019-09-17 12:00:00+00:00,756.4,,uppsala,5f9fe38afd517828962fde29
3349,2019-09-17 13:00:00+00:00,720.9,,uppsala,5f9fe38afd517828962fde29
3350,2019-09-17 14:00:00+00:00,588.9,,uppsala,5f9fe38afd517828962fde29
3351,2019-09-17 15:00:00+00:00,503.2,,uppsala,5f9fe38afd517828962fde29
3352,2019-09-17 16:00:00+00:00,288.5,,uppsala,5f9fe38afd517828962fde29
3353,2019-09-17 17:00:00+00:00,0.0,,uppsala,5f9fe38afd517828962fde29
3354,2019-09-17 18:00:00+00:00,0.0,,uppsala,5f9fe38afd517828962fde29
3355,2019-09-17 19:00:00+00:00,0.0,,uppsala,5f9fe38afd517828962fde29
3356,2019-09-17 20:00:00+00:00,0.0,,uppsala,5f9fe38afd517828962fde29
3357,2019-09-17 21:00:00+00:00,0.0,,uppsala,5f9fe38afd517828962fde29
3358,2019-09-17 22:00:00+00:00,0.0,,uppsala,5f9fe38afd517828962fde29
3359,2019-09-17 23:00:00+00:00,0.0,,uppsala,5f9fe38afd517828962fde29
3360,2019-09-18 00:00:00+00:00,0.0,,uppsala,5f9fe38afd517828962fde29
3361,2019-09-18 01:00:00+00:00,0.0,,uppsala,5f9fe38afd517828962fde29
3362,2019-09-18 02:00:00+00:00,0.0,,uppsala,5f9fe38afd517828962fde29
3363,2019-09-18 03:00:00+00:00,0.0,,uppsala,5f9fe38afd517828962fde29
3364,2019-09-18 04:00:00+00:00,0.0,,uppsala,5f9fe38afd517828962fde29
3365,2019-09-18 05:00:00+00:00,143.6,,uppsala,5f9fe38afd517828962fde29
3366,2019-09-18 06:00:00+00:00,452.6,,uppsala,5f9fe38afd517828962fde29
3367,2019-09-18 07:00:00+00:00,619.9,,uppsala,5f9fe38afd517828962fde29
3368,2019-09-18 08:00:00+00:00,715.8,,uppsala,5f9fe38afd517828962fde29
3369,2019-09-18 09:00:00+00:00,768.3,,uppsala,5f9fe38afd517828962fde29
3370,2019-09-18 10:00:00+00:00,798.5,,uppsala,5f9fe38afd517828962fde29
3371,2019-09-18 11:00:00+00:00,116.3,,uppsala,5f9fe38afd517828962fde29
3372,2019-09-18 12:00:00+00:00,418.2,,uppsala,5f9fe38afd517828962fde29
3373,2019-09-18 13:00:00+00:00,759.7,,uppsala,5f9fe38afd517828962fde29
3374,2019-09-18 14:00:00+00:00,346.5,,uppsala,5f9fe38afd517828962fde29
3375,2019-09-18 15:00:00+00:00,98.9,,uppsala,5f9fe38afd517828962fde29
3376,2019-09-18 16:00:00+00:00,10.5,,uppsala,5f9fe38afd517828962fde29
3377,2019-09-18 17:00:00+00:00,0.0,,uppsala,5f9fe38afd517828962fde29
3378,2019-09-18 18:00:00+00:00,0.0,,uppsala,5f9fe38afd517828962fde29
3379,2019-09-18 19:00:00+00:00,0.0,,uppsala,5f9fe38afd517828962fde29
3380,2019-09-18 20:00:00+00:00,0.0,,uppsala,5f9fe38afd517828962fde29
3381,2019-09-18 21:00:00+00:00,0.0,,uppsala,5f9fe38afd517828962fde29
3382,2019-09-18 22:00:00+00:00,0.0,,uppsala,5f9fe38afd517828962fde29
3383,2019-09-18 23:00:00+00:00,0.0,,uppsala,5f9fe38afd517828962fde29
3384,2019-09-19 00:00:00+00:00,0.0,,uppsala,5f9fe38afd517828962fde29
3385,2019-09-19 01:00:00+00:00,0.0,,uppsala,5f9fe38afd517828962fde29
3386,2019-09-19 02:00:00+00:00,0.0,,uppsala,5f9fe38afd517828962fde29
3387,2019-09-19 03:00:00+00:00,0.0,,uppsala,5f9fe38afd517828962fde29
3388,2019-09-19 04:00:00+00:00,0.0,,uppsala,5f9fe38afd517828962fde29
3389,2019-09-19 05:00:00+00:00,141.8,,uppsala,5f9fe38afd517828962fde29
3390,2019-09-19 06:00:00+00:00,455.4,,uppsala,5f9fe38afd517828962fde29
3391,2019-09-19 07:00:00+00:00,288.9,,uppsala,5f9fe38afd517828962fde29
3392,2019-09-19 08:00:00+00:00,719.8,,uppsala,5f9fe38afd517828962fde29
3393,2019-09-19 09:00:00+00:00,781.0,,uppsala,5f9fe38afd517828962fde29
3394,2019-09-19 10:00:00+00:00,535.7,,uppsala,5f9fe38afd517828962fde29
3395,2019-09-19 11:00:00+00:00,760.4,,uppsala,5f9fe38afd517828962fde29
3396,2019-09-19 12:00:00+00:00,699.4,,uppsala,5f9fe38afd517828962fde29
3397,2019-09-19 13:00:00+00:00,770.7,,uppsala,5f9fe38afd517828962fde29
3398,2019-09-19 14:00:00+00:00,646.0,,uppsala,5f9fe38afd517828962fde29
3399,2019-09-19 15:00:00+00:00,629.0,,uppsala,5f9fe38afd517828962fde29
3400,2019-09-19 16:00:00+00:00,395.0,,uppsala,5f9fe38afd517828962fde29
3401,2019-09-19 17:00:00+00:00,0.0,,uppsala,5f9fe38afd517828962fde29
3402,2019-09-19 18:00:00+00:00,0.0,,uppsala,5f9fe38afd517828962fde29
3403,2019-09-19 19:00:00+00:00,0.0,,uppsala,5f9fe38afd517828962fde29
3404,2019-09-19 20:00:00+00:00,0.0,,uppsala,5f9fe38afd517828962fde29
3405,2019-09-19 21:00:00+00:00,0.0,,uppsala,5f9fe38afd517828962fde29
3406,2019-09-19 22:00:00+00:00,0.0,,uppsala,5f9fe38afd517828962fde29
3407,2019-09-19 23:00:00+00:00,0.0,,uppsala,5f9fe38afd517828962fde29
3408,2019-09-20 00:00:00+00:00,0.0,,uppsala,5f9fe38afd517828962fde29
3409,2019-09-20 01:00:00+00:00,0.0,,uppsala,5f9fe38afd517828962fde29
3410,2019-09-20 02:00:00+00:00,0.0,,uppsala,5f9fe38afd517828962fde29
3411,2019-09-20 03:00:00+00:00,0.0,,uppsala,5f9fe38afd517828962fde29
3412,2019-09-20 04:00:00+00:00,0.0,,uppsala,5f9fe38afd517828962fde29
3413,2019-09-20 05:00:00+00:00,196.8,,uppsala,5f9fe38afd517828962fde29
3414,2019-09-20 06:00:00+00:00,492.5,,uppsala,5f9fe38afd517828962fde29
3415,2019-09-20 07:00:00+00:00,578.6,,uppsala,5f9fe38afd517828962fde29
3416,2019-09-20 08:00:00+00:00,156.8,,uppsala,5f9fe38afd517828962fde29
3417,2019-09-20 09:00:00+00:00,69.7,,uppsala,5f9fe38afd517828962fde29
3418,2019-09-20 10:00:00+00:00,385.5,,uppsala,5f9fe38afd517828962fde29
3419,2019-09-20 11:00:00+00:00,182.2,,uppsala,5f9fe38afd517828962fde29
3420,2019-09-20 12:00:00+00:00,11.5,,uppsala,5f9fe38afd517828962fde29
3421,2019-09-20 13:00:00+00:00,5.8,,uppsala,5f9fe38afd517828962fde29
3422,2019-09-20 14:00:00+00:00,37.2,,uppsala,5f9fe38afd517828962fde29
3423,2019-09-20 15:00:00+00:00,0.8,,uppsala,5f9fe38afd517828962fde29
3424,2019-09-20 16:00:00+00:00,4.4,,uppsala,5f9fe38afd517828962fde29
3425,2019-09-20 17:00:00+00:00,0.0,,uppsala,5f9fe38afd517828962fde29
3426,2019-09-20 18:00:00+00:00,0.0,,uppsala,5f9fe38afd517828962fde29
3427,2019-09-20 19:00:00+00:00,0.0,,uppsala,5f9fe38afd517828962fde29
3428,2019-09-20 20:00:00+00:00,0.0,,uppsala,5f9fe38afd517828962fde29
3429,2019-09-20 21:00:00+00:00,0.0,,uppsala,5f9fe38afd517828962fde29
3430,2019-09-20 22:00:00+00:00,0.0,,uppsala,5f9fe38afd517828962fde29
3431,2019-09-20 23:00:00+00:00,0.0,,uppsala,5f9fe38afd517828962fde29
3432,2019-09-21 00:00:00+00:00,0.0,,uppsala,5f9fe38afd517828962fde29
3433,2019-09-21 01:00:00+00:00,0.0,,uppsala,5f9fe38afd517828962fde29
3434,2019-09-21 02:00:00+00:00,0.0,,uppsala,5f9fe38afd517828962fde29
3435,2019-09-21 03:00:00+00:00,0.0,,uppsala,5f9fe38afd517828962fde29
3436,2019-09-21 04:00:00+00:00,0.0,,uppsala,5f9fe38afd517828962fde29
3437,2019-09-21 05:00:00+00:00,9.5,,uppsala,5f9fe38afd517828962fde29
3438,2019-09-21 06:00:00+00:00,341.8,,uppsala,5f9fe38afd517828962fde29
3439,2019-09-21 07:00:00+00:00,483.6,,uppsala,5f9fe38afd517828962fde29
3440,2019-09-21 08:00:00+00:00,742.4,,uppsala,5f9fe38afd517828962fde29
3441,2019-09-21 09:00:00+00:00,792.3,,uppsala,5f9fe38afd517828962fde29
3442,2019-09-21 10:00:00+00:00,828.7,,uppsala,5f9fe38afd517828962fde29
3443,2019-09-21 11:00:00+00:00,823.5,,uppsala,5f9fe38afd517828962fde29
3444,2019-09-21 12:00:00+00:00,815.7,,uppsala,5f9fe38afd517828962fde29
3445,2019-09-21 13:00:00+00:00,544.4,,uppsala,5f9fe38afd517828962fde29
3446,2019-09-21 14:00:00+00:00,683.4,,uppsala,5f9fe38afd517828962fde29
3447,2019-09-21 15:00:00+00:00,555.1,,uppsala,5f9fe38afd517828962fde29
3448,2019-09-21 16:00:00+00:00,309.1,,uppsala,5f9fe38afd517828962fde29
3449,2019-09-21 17:00:00+00:00,0.0,,uppsala,5f9fe38afd517828962fde29
3450,2019-09-21 18:00:00+00:00,0.0,,uppsala,5f9fe38afd517828962fde29
3451,2019-09-21 19:00:00+00:00,0.0,,uppsala,5f9fe38afd517828962fde29
3452,2019-09-21 20:00:00+00:00,0.0,,uppsala,5f9fe38afd517828962fde29
3453,2019-09-21 21:00:00+00:00,0.0,,uppsala,5f9fe38afd517828962fde29
3454,2019-09-21 22:00:00+00:00,0.0,,uppsala,5f9fe38afd517828962fde29
3455,2019-09-21 23:00:00+00:00,0.0,,uppsala,5f9fe38afd517828962fde29
3456,2019-09-22 00:00:00+00:00,0.0,,uppsala,5f9fe38afd517828962fde29
3457,2019-09-22 01:00:00+00:00,0.0,,uppsala,5f9fe38afd517828962fde29
3458,2019-09-22 02:00:00+00:00,0.0,,uppsala,5f9fe38afd517828962fde29
3459,2019-09-22 03:00:00+00:00,0.0,,uppsala,5f9fe38afd517828962fde29
3460,2019-09-22 04:00:00+00:00,0.0,,uppsala,5f9fe38afd517828962fde29
3461,2019-09-22 05:00:00+00:00,23.3,,uppsala,5f9fe38afd517828962fde29
3462,2019-09-22 06:00:00+00:00,0.0,,uppsala,5f9fe38afd517828962fde29
3463,2019-09-22 07:00:00+00:00,3.3,,uppsala,5f9fe38afd517828962fde29
3464,2019-09-22 08:00:00+00:00,4.1,,uppsala,5f9fe38afd517828962fde29
3465,2019-09-22 09:00:00+00:00,8.8,,uppsala,5f9fe38afd517828962fde29
3466,2019-09-22 10:00:00+00:00,6.9,,uppsala,5f9fe38afd517828962fde29
3467,2019-09-22 11:00:00+00:00,44.8,,uppsala,5f9fe38afd517828962fde29
3468,2019-09-22 12:00:00+00:00,141.2,,uppsala,5f9fe38afd517828962fde29
3469,2019-09-22 13:00:00+00:00,9.6,,uppsala,5f9fe38afd517828962fde29
3470,2019-09-22 14:00:00+00:00,4.5,,uppsala,5f9fe38afd517828962fde29
3471,2019-09-22 15:00:00+00:00,106.2,,uppsala,5f9fe38afd517828962fde29
3472,2019-09-22 16:00:00+00:00,309.7,,uppsala,5f9fe38afd517828962fde29
3473,2019-09-22 17:00:00+00:00,0.0,,uppsala,5f9fe38afd517828962fde29
3474,2019-09-22 18:00:00+00:00,0.0,,uppsala,5f9fe38afd517828962fde29
3475,2019-09-22 19:00:00+00:00,0.0,,uppsala,5f9fe38afd517828962fde29
3476,2019-09-22 20:00:00+00:00,0.0,,uppsala,5f9fe38afd517828962fde29
3477,2019-09-22 21:00:00+00:00,0.0,,uppsala,5f9fe38afd517828962fde29
3478,2019-09-22 22:00:00+00:00,0.0,,uppsala,5f9fe38afd517828962fde29
3479,2019-09-22 23:00:00+00:00,0.0,,uppsala,5f9fe38afd517828962fde29
3480,2019-09-23 00:00:00+00:00,0.0,,uppsala,5f9fe38afd517828962fde29
3481,2019-09-23 01:00:00+00:00,0.0,,uppsala,5f9fe38afd517828962fde29
3482,2019-09-23 02:00:00+00:00,0.0,,uppsala,5f9fe38afd517828962fde29
3483,2019-09-23 03:00:00+00:00,0.0,,uppsala,5f9fe38afd517828962fde29
3484,2019-09-23 04:00:00+00:00,0.0,,uppsala,5f9fe38afd517828962fde29
3485,2019-09-23 05:00:00+00:00,107.9,,uppsala,5f9fe38afd517828962fde29
3486,2019-09-23 06:00:00+00:00,483.7,,uppsala,5f9fe38afd517828962fde29
3487,2019-09-23 07:00:00+00:00,663.0,,uppsala,5f9fe38afd517828962fde29
3488,2019-09-23 08:00:00+00:00,549.2,,uppsala,5f9fe38afd517828962fde29
3489,2019-09-23 09:00:00+00:00,746.5,,uppsala,5f9fe38afd517828962fde29
3490,2019-09-23 10:00:00+00:00,821.9,,uppsala,5f9fe38afd517828962fde29
3491,2019-09-23 11:00:00+00:00,9.1,,uppsala,5f9fe38afd517828962fde29
3492,2019-09-23 12:00:00+00:00,25.1,,uppsala,5f9fe38afd517828962fde29
3493,2019-09-23 13:00:00+00:00,12.0,,uppsala,5f9fe38afd517828962fde29
3494,2019-09-23 14:00:00+00:00,4.9,,uppsala,5f9fe38afd517828962fde29
3495,2019-09-23 15:00:00+00:00,14.4,,uppsala,5f9fe38afd517828962fde29
3496,2019-09-23 16:00:00+00:00,0.0,,uppsala,5f9fe38afd517828962fde29
3497,2019-09-23 17:00:00+00:00,0.0,,uppsala,5f9fe38afd517828962fde29
3498,2019-09-23 18:00:00+00:00,0.0,,uppsala,5f9fe38afd517828962fde29
3499,2019-09-23 19:00:00+00:00,0.0,,uppsala,5f9fe38afd517828962fde29
3500,2019-09-23 20:00:00+00:00,0.0,,uppsala,5f9fe38afd517828962fde29
3501,2019-09-23 21:00:00+00:00,0.0,,uppsala,5f9fe38afd517828962fde29
3502,2019-09-23 22:00:00+00:00,0.0,,uppsala,5f9fe38afd517828962fde29
3503,2019-09-23 23:00:00+00:00,0.0,,uppsala,5f9fe38afd517828962fde29
3504,2019-09-24 00:00:00+00:00,0.0,,uppsala,5f9fe38afd517828962fde29
3505,2019-09-24 01:00:00+00:00,0.0,,uppsala,5f9fe38afd517828962fde29
3506,2019-09-24 02:00:00+00:00,0.0,,uppsala,5f9fe38afd517828962fde29
3507,2019-09-24 03:00:00+00:00,0.0,,uppsala,5f9fe38afd517828962fde29
3508,2019-09-24 04:00:00+00:00,0.0,,uppsala,5f9fe38afd517828962fde29
3509,2019-09-24 05:00:00+00:00,0.0,,uppsala,5f9fe38afd517828962fde29
3510,2019-09-24 06:00:00+00:00,48.4,,uppsala,5f9fe38afd517828962fde29
3511,2019-09-24 07:00:00+00:00,12.3,,uppsala,5f9fe38afd517828962fde29
3512,2019-09-24 08:00:00+00:00,189.1,,uppsala,5f9fe38afd517828962fde29
3513,2019-09-24 09:00:00+00:00,76.0,,uppsala,5f9fe38afd517828962fde29
3514,2019-09-24 10:00:00+00:00,8.5,,uppsala,5f9fe38afd517828962fde29
3515,2019-09-24 11:00:00+00:00,23.7,,uppsala,5f9fe38afd517828962fde29
3516,2019-09-24 12:00:00+00:00,18.1,,uppsala,5f9fe38afd517828962fde29
3517,2019-09-24 13:00:00+00:00,31.9,,uppsala,5f9fe38afd517828962fde29
3518,2019-09-24 14:00:00+00:00,106.9,,uppsala,5f9fe38afd517828962fde29
3519,2019-09-24 15:00:00+00:00,31.3,,uppsala,5f9fe38afd517828962fde29
3520,2019-09-24 16:00:00+00:00,4.9,,uppsala,5f9fe38afd517828962fde29
3521,2019-09-24 17:00:00+00:00,0.0,,uppsala,5f9fe38afd517828962fde29
3522,2019-09-24 18:00:00+00:00,0.0,,uppsala,5f9fe38afd517828962fde29
3523,2019-09-24 19:00:00+00:00,0.0,,uppsala,5f9fe38afd517828962fde29
3524,2019-09-24 20:00:00+00:00,0.0,,uppsala,5f9fe38afd517828962fde29
3525,2019-09-24 21:00:00+00:00,0.0,,uppsala,5f9fe38afd517828962fde29
3526,2019-09-24 22:00:00+00:00,0.0,,uppsala,5f9fe38afd517828962fde29
3527,2019-09-24 23:00:00+00:00,0.0,,uppsala,5f9fe38afd517828962fde29
3528,2019-09-25 00:00:00+00:00,0.0,,uppsala,5f9fe38afd517828962fde29
3529,2019-09-25 01:00:00+00:00,0.0,,uppsala,5f9fe38afd517828962fde29
3530,2019-09-25 02:00:00+00:00,0.0,,uppsala,5f9fe38afd517828962fde29
3531,2019-09-25 03:00:00+00:00,0.0,,uppsala,5f9fe38afd517828962fde29
3532,2019-09-25 04:00:00+00:00,0.0,,uppsala,5f9fe38afd517828962fde29
3533,2019-09-25 05:00:00+00:00,82.5,,uppsala,5f9fe38afd517828962fde29
3534,2019-09-25 06:00:00+00:00,439.0,,uppsala,5f9fe38afd517828962fde29
3535,2019-09-25 07:00:00+00:00,602.6,,uppsala,5f9fe38afd517828962fde29
3536,2019-09-25 08:00:00+00:00,690.4,,uppsala,5f9fe38afd517828962fde29
3537,2019-09-25 09:00:00+00:00,714.4,,uppsala,5f9fe38afd517828962fde29
3538,2019-09-25 10:00:00+00:00,777.6,,uppsala,5f9fe38afd517828962fde29
3539,2019-09-25 11:00:00+00:00,45.3,,uppsala,5f9fe38afd517828962fde29
3540,2019-09-25 12:00:00+00:00,25.9,,uppsala,5f9fe38afd517828962fde29
3541,2019-09-25 13:00:00+00:00,6.2,,uppsala,5f9fe38afd517828962fde29
3542,2019-09-25 14:00:00+00:00,3.8,,uppsala,5f9fe38afd517828962fde29
3543,2019-09-25 15:00:00+00:00,0.0,,uppsala,5f9fe38afd517828962fde29
3544,2019-09-25 16:00:00+00:00,0.0,,uppsala,5f9fe38afd517828962fde29
3545,2019-09-25 17:00:00+00:00,0.0,,uppsala,5f9fe38afd517828962fde29
3546,2019-09-25 18:00:00+00:00,0.0,,uppsala,5f9fe38afd517828962fde29
3547,2019-09-25 19:00:00+00:00,0.0,,uppsala,5f9fe38afd517828962fde29
3548,2019-09-25 20:00:00+00:00,0.0,,uppsala,5f9fe38afd517828962fde29
3549,2019-09-25 21:00:00+00:00,0.0,,uppsala,5f9fe38afd517828962fde29
3550,2019-09-25 22:00:00+00:00,0.0,,uppsala,5f9fe38afd517828962fde29
3551,2019-09-25 23:00:00+00:00,0.0,,uppsala,5f9fe38afd517828962fde29
3552,2019-09-26 00:00:00+00:00,0.0,,uppsala,5f9fe38afd517828962fde29
3553,2019-09-26 01:00:00+00:00,0.0,,uppsala,5f9fe38afd517828962fde29
3554,2019-09-26 02:00:00+00:00,0.0,,uppsala,5f9fe38afd517828962fde29
3555,2019-09-26 03:00:00+00:00,0.0,,uppsala,5f9fe38afd517828962fde29
3556,2019-09-26 04:00:00+00:00,0.0,,uppsala,5f9fe38afd517828962fde29
3557,2019-09-26 05:00:00+00:00,0.0,,uppsala,5f9fe38afd517828962fde29
3558,2019-09-26 06:00:00+00:00,1.2,,uppsala,5f9fe38afd517828962fde29
3559,2019-09-26 07:00:00+00:00,2.1,,uppsala,5f9fe38afd517828962fde29
3560,2019-09-26 08:00:00+00:00,69.3,,uppsala,5f9fe38afd517828962fde29
3561,2019-09-26 09:00:00+00:00,49.1,,uppsala,5f9fe38afd517828962fde29
3562,2019-09-26 10:00:00+00:00,363.8,,uppsala,5f9fe38afd517828962fde29
3563,2019-09-26 11:00:00+00:00,233.8,,uppsala,5f9fe38afd517828962fde29
3564,2019-09-26 12:00:00+00:00,225.9,,uppsala,5f9fe38afd517828962fde29
3565,2019-09-26 13:00:00+00:00,580.1,,uppsala,5f9fe38afd517828962fde29
3566,2019-09-26 14:00:00+00:00,134.8,,uppsala,5f9fe38afd517828962fde29
3567,2019-09-26 15:00:00+00:00,34.5,,uppsala,5f9fe38afd517828962fde29
3568,2019-09-26 16:00:00+00:00,0.0,,uppsala,5f9fe38afd517828962fde29
3569,2019-09-26 17:00:00+00:00,0.0,,uppsala,5f9fe38afd517828962fde29
3570,2019-09-26 18:00:00+00:00,0.0,,uppsala,5f9fe38afd517828962fde29
3571,2019-09-26 19:00:00+00:00,0.0,,uppsala,5f9fe38afd517828962fde29
3572,2019-09-26 20:00:00+00:00,0.0,,uppsala,5f9fe38afd517828962fde29
3573,2019-09-26 21:00:00+00:00,0.0,,uppsala,5f9fe38afd517828962fde29
3574,2019-09-26 22:00:00+00:00,0.0,,uppsala,5f9fe38afd517828962fde29
3575,2019-09-26 23:00:00+00:00,0.0,,uppsala,5f9fe38afd517828962fde29
3576,2019-09-27 00:00:00+00:00,0.0,,uppsala,5f9fe38afd517828962fde29
3577,2019-09-27 01:00:00+00:00,0.0,,uppsala,5f9fe38afd517828962fde29
3578,2019-09-27 02:00:00+00:00,0.0,,uppsala,5f9fe38afd517828962fde29
3579,2019-09-27 03:00:00+00:00,0.0,,uppsala,5f9fe38afd517828962fde29
3580,2019-09-27 04:00:00+00:00,0.0,,uppsala,5f9fe38afd517828962fde29
3581,2019-09-27 05:00:00+00:00,41.9,,uppsala,5f9fe38afd517828962fde29
3582,2019-09-27 06:00:00+00:00,415.7,,uppsala,5f9fe38afd517828962fde29
3583,2019-09-27 07:00:00+00:00,598.3,,uppsala,5f9fe38afd517828962fde29
3584,2019-09-27 08:00:00+00:00,687.0,,uppsala,5f9fe38afd517828962fde29
3585,2019-09-27 09:00:00+00:00,729.9,,uppsala,5f9fe38afd517828962fde29
3586,2019-09-27 10:00:00+00:00,753.8,,uppsala,5f9fe38afd517828962fde29
3587,2019-09-27 11:00:00+00:00,765.5,,uppsala,5f9fe38afd517828962fde29
3588,2019-09-27 12:00:00+00:00,742.9,,uppsala,5f9fe38afd517828962fde29
3589,2019-09-27 13:00:00+00:00,704.5,,uppsala,5f9fe38afd517828962fde29
3590,2019-09-27 14:00:00+00:00,619.6,,uppsala,5f9fe38afd517828962fde29
3591,2019-09-27 15:00:00+00:00,224.3,,uppsala,5f9fe38afd517828962fde29
3592,2019-09-27 16:00:00+00:00,14.5,,uppsala,5f9fe38afd517828962fde29
3593,2019-09-27 17:00:00+00:00,0.0,,uppsala,5f9fe38afd517828962fde29
3594,2019-09-27 18:00:00+00:00,0.0,,uppsala,5f9fe38afd517828962fde29
3595,2019-09-27 19:00:00+00:00,0.0,,uppsala,5f9fe38afd517828962fde29
3596,2019-09-27 20:00:00+00:00,0.0,,uppsala,5f9fe38afd517828962fde29
3597,2019-09-27 21:00:00+00:00,0.0,,uppsala,5f9fe38afd517828962fde29
3598,2019-09-27 22:00:00+00:00,0.0,,uppsala,5f9fe38afd517828962fde29
3599,2019-09-27 23:00:00+00:00,0.0,,uppsala,5f9fe38afd517828962fde29
3600,2019-09-28 00:00:00+00:00,0.0,,uppsala,5f9fe38afd517828962fde29
3601,2019-09-28 01:00:00+00:00,0.0,,uppsala,5f9fe38afd517828962fde29
3602,2019-09-28 02:00:00+00:00,0.0,,uppsala,5f9fe38afd517828962fde29
3603,2019-09-28 03:00:00+00:00,0.0,,uppsala,5f9fe38afd517828962fde29
3604,2019-09-28 04:00:00+00:00,0.0,,uppsala,5f9fe38afd517828962fde29
3605,2019-09-28 05:00:00+00:00,0.0,,uppsala,5f9fe38afd517828962fde29
3606,2019-09-28 06:00:00+00:00,0.0,,uppsala,5f9fe38afd517828962fde29
3607,2019-09-28 07:00:00+00:00,1.9,,uppsala,5f9fe38afd517828962fde29
3608,2019-09-28 08:00:00+00:00,4.8,,uppsala,5f9fe38afd517828962fde29
3609,2019-09-28 09:00:00+00:00,4.3,,uppsala,5f9fe38afd517828962fde29
3610,2019-09-28 10:00:00+00:00,28.6,,uppsala,5f9fe38afd517828962fde29
3611,2019-09-28 11:00:00+00:00,33.5,,uppsala,5f9fe38afd517828962fde29
3612,2019-09-28 12:00:00+00:00,199.2,,uppsala,5f9fe38afd517828962fde29
3613,2019-09-28 13:00:00+00:00,11.6,,uppsala,5f9fe38afd517828962fde29
3614,2019-09-28 14:00:00+00:00,7.4,,uppsala,5f9fe38afd517828962fde29
3615,2019-09-28 15:00:00+00:00,0.0,,uppsala,5f9fe38afd517828962fde29
3616,2019-09-28 16:00:00+00:00,0.0,,uppsala,5f9fe38afd517828962fde29
3617,2019-09-28 17:00:00+00:00,0.0,,uppsala,5f9fe38afd517828962fde29
3618,2019-09-28 18:00:00+00:00,0.0,,uppsala,5f9fe38afd517828962fde29
3619,2019-09-28 19:00:00+00:00,0.0,,uppsala,5f9fe38afd517828962fde29
3620,2019-09-28 20:00:00+00:00,0.0,,uppsala,5f9fe38afd517828962fde29
3621,2019-09-28 21:00:00+00:00,0.0,,uppsala,5f9fe38afd517828962fde29
3622,2019-09-28 22:00:00+00:00,0.0,,uppsala,5f9fe38afd517828962fde29
3623,2019-09-28 23:00:00+00:00,0.0,,uppsala,5f9fe38afd517828962fde29
3624,2019-09-29 00:00:00+00:00,0.0,,uppsala,5f9fe38afd517828962fde29
3625,2019-09-29 01:00:00+00:00,0.0,,uppsala,5f9fe38afd517828962fde29
3626,2019-09-29 02:00:00+00:00,0.0,,uppsala,5f9fe38afd517828962fde29
3627,2019-09-29 03:00:00+00:00,0.0,,uppsala,5f9fe38afd517828962fde29
3628,2019-09-29 04:00:00+00:00,0.0,,uppsala,5f9fe38afd517828962fde29
3629,2019-09-29 05:00:00+00:00,0.0,,uppsala,5f9fe38afd517828962fde29
3630,2019-09-29 06:00:00+00:00,0.0,,uppsala,5f9fe38afd517828962fde29
3631,2019-09-29 07:00:00+00:00,7.9,,uppsala,5f9fe38afd517828962fde29
3632,2019-09-29 08:00:00+00:00,13.1,,uppsala,5f9fe38afd517828962fde29
3633,2019-09-29 09:00:00+00:00,6.3,,uppsala,5f9fe38afd517828962fde29
3634,2019-09-29 10:00:00+00:00,7.6,,uppsala,5f9fe38afd517828962fde29
3635,2019-09-29 11:00:00+00:00,11.8,,uppsala,5f9fe38afd517828962fde29
3636,2019-09-29 12:00:00+00:00,6.7,,uppsala,5f9fe38afd517828962fde29
3637,2019-09-29 13:00:00+00:00,7.7,,uppsala,5f9fe38afd517828962fde29
3638,2019-09-29 14:00:00+00:00,2.3,,uppsala,5f9fe38afd517828962fde29
3639,2019-09-29 15:00:00+00:00,0.8,,uppsala,5f9fe38afd517828962fde29
3640,2019-09-29 16:00:00+00:00,0.0,,uppsala,5f9fe38afd517828962fde29
3641,2019-09-29 17:00:00+00:00,0.0,,uppsala,5f9fe38afd517828962fde29
3642,2019-09-29 18:00:00+00:00,0.0,,uppsala,5f9fe38afd517828962fde29
3643,2019-09-29 19:00:00+00:00,0.0,,uppsala,5f9fe38afd517828962fde29
3644,2019-09-29 20:00:00+00:00,0.0,,uppsala,5f9fe38afd517828962fde29
3645,2019-09-29 21:00:00+00:00,0.0,,uppsala,5f9fe38afd517828962fde29
3646,2019-09-29 22:00:00+00:00,0.0,,uppsala,5f9fe38afd517828962fde29
3647,2019-09-29 23:00:00+00:00,0.0,,uppsala,5f9fe38afd517828962fde29
3648,2019-09-30 00:00:00+00:00,0.0,,uppsala,5f9fe38afd517828962fde29
3649,2019-09-30 01:00:00+00:00,0.0,,uppsala,5f9fe38afd517828962fde29
3650,2019-09-30 02:00:00+00:00,0.0,,uppsala,5f9fe38afd517828962fde29
3651,2019-09-30 03:00:00+00:00,0.0,,uppsala,5f9fe38afd517828962fde29
3652,2019-09-30 04:00:00+00:00,0.0,,uppsala,5f9fe38afd517828962fde29
3653,2019-09-30 05:00:00+00:00,0.0,,uppsala,5f9fe38afd517828962fde29
3654,2019-09-30 06:00:00+00:00,0.0,,uppsala,5f9fe38afd517828962fde29
3655,2019-09-30 07:00:00+00:00,0.30000000000000004,,uppsala,5f9fe38afd517828962fde29
3656,2019-09-30 08:00:00+00:00,3.8,,uppsala,5f9fe38afd517828962fde29
3657,2019-09-30 09:00:00+00:00,5.6,,uppsala,5f9fe38afd517828962fde29
3658,2019-09-30 10:00:00+00:00,6.4,,uppsala,5f9fe38afd517828962fde29
3659,2019-09-30 11:00:00+00:00,6.7,,uppsala,5f9fe38afd517828962fde29
3660,2019-09-30 12:00:00+00:00,6.1,,uppsala,5f9fe38afd517828962fde29
3661,2019-09-30 13:00:00+00:00,10.5,,uppsala,5f9fe38afd517828962fde29
3662,2019-09-30 14:00:00+00:00,18.3,,uppsala,5f9fe38afd517828962fde29
3663,2019-09-30 15:00:00+00:00,5.4,,uppsala,5f9fe38afd517828962fde29
3664,2019-09-30 16:00:00+00:00,0.0,,uppsala,5f9fe38afd517828962fde29
3665,2019-09-30 17:00:00+00:00,0.0,,uppsala,5f9fe38afd517828962fde29
3666,2019-09-30 18:00:00+00:00,0.0,,uppsala,5f9fe38afd517828962fde29
3667,2019-09-30 19:00:00+00:00,0.0,,uppsala,5f9fe38afd517828962fde29
3668,2019-09-30 20:00:00+00:00,0.0,,uppsala,5f9fe38afd517828962fde29
3669,2019-09-30 21:00:00+00:00,0.0,,uppsala,5f9fe38afd517828962fde29
3670,2019-09-30 22:00:00+00:00,0.0,,uppsala,5f9fe38afd517828962fde29
3671,2019-09-30 23:00:00+00:00,0.0,,uppsala,5f9fe38afd517828962fde29
3672,2019-10-01 00:00:00+00:00,0.0,,uppsala,5f9fe38afd517828962fde29
3673,2019-10-01 01:00:00+00:00,0.0,,uppsala,5f9fe38afd517828962fde29
3674,2019-10-01 02:00:00+00:00,0.0,,uppsala,5f9fe38afd517828962fde29
3675,2019-10-01 03:00:00+00:00,0.0,,uppsala,5f9fe38afd517828962fde29
3676,2019-10-01 04:00:00+00:00,0.0,,uppsala,5f9fe38afd517828962fde29
3677,2019-10-01 05:00:00+00:00,0.7000000000000001,,uppsala,5f9fe38afd517828962fde29
3678,2019-10-01 06:00:00+00:00,9.2,,uppsala,5f9fe38afd517828962fde29
3679,2019-10-01 07:00:00+00:00,639.9,,uppsala,5f9fe38afd517828962fde29
3680,2019-10-01 08:00:00+00:00,749.5,,uppsala,5f9fe38afd517828962fde29
3681,2019-10-01 09:00:00+00:00,807.2,,uppsala,5f9fe38afd517828962fde29
3682,2019-10-01 10:00:00+00:00,835.9,,uppsala,5f9fe38afd517828962fde29
3683,2019-10-01 11:00:00+00:00,846.6,,uppsala,5f9fe38afd517828962fde29
3684,2019-10-01 12:00:00+00:00,819.4,,uppsala,5f9fe38afd517828962fde29
3685,2019-10-01 13:00:00+00:00,773.1,,uppsala,5f9fe38afd517828962fde29
3686,2019-10-01 14:00:00+00:00,677.5,,uppsala,5f9fe38afd517828962fde29
3687,2019-10-01 15:00:00+00:00,484.8,,uppsala,5f9fe38afd517828962fde29
3688,2019-10-01 16:00:00+00:00,120.3,,uppsala,5f9fe38afd517828962fde29
3689,2019-10-01 17:00:00+00:00,0.0,,uppsala,5f9fe38afd517828962fde29
3690,2019-10-01 18:00:00+00:00,0.0,,uppsala,5f9fe38afd517828962fde29
3691,2019-10-01 19:00:00+00:00,0.0,,uppsala,5f9fe38afd517828962fde29
3692,2019-10-01 20:00:00+00:00,0.0,,uppsala,5f9fe38afd517828962fde29
3693,2019-10-01 21:00:00+00:00,0.0,,uppsala,5f9fe38afd517828962fde29
3694,2019-10-01 22:00:00+00:00,0.0,,uppsala,5f9fe38afd517828962fde29
3695,2019-10-01 23:00:00+00:00,0.0,,uppsala,5f9fe38afd517828962fde29
3696,2019-10-02 00:00:00+00:00,0.0,,uppsala,5f9fe38afd517828962fde29
3697,2019-10-02 01:00:00+00:00,0.0,,uppsala,5f9fe38afd517828962fde29
3698,2019-10-02 02:00:00+00:00,0.0,,uppsala,5f9fe38afd517828962fde29
3699,2019-10-02 03:00:00+00:00,0.0,,uppsala,5f9fe38afd517828962fde29
3700,2019-10-02 04:00:00+00:00,0.0,,uppsala,5f9fe38afd517828962fde29
3701,2019-10-02 05:00:00+00:00,0.0,,uppsala,5f9fe38afd517828962fde29
3702,2019-10-02 06:00:00+00:00,0.0,,uppsala,5f9fe38afd517828962fde29
3703,2019-10-02 07:00:00+00:00,3.0,,uppsala,5f9fe38afd517828962fde29
3704,2019-10-02 08:00:00+00:00,6.5,,uppsala,5f9fe38afd517828962fde29
3705,2019-10-02 09:00:00+00:00,5.5,,uppsala,5f9fe38afd517828962fde29
3706,2019-10-02 10:00:00+00:00,192.1,,uppsala,5f9fe38afd517828962fde29
3707,2019-10-02 11:00:00+00:00,12.9,,uppsala,5f9fe38afd517828962fde29
3708,2019-10-02 12:00:00+00:00,6.0,,uppsala,5f9fe38afd517828962fde29
3709,2019-10-02 13:00:00+00:00,59.8,,uppsala,5f9fe38afd517828962fde29
3710,2019-10-02 14:00:00+00:00,7.8,,uppsala,5f9fe38afd517828962fde29
3711,2019-10-02 15:00:00+00:00,0.0,,uppsala,5f9fe38afd517828962fde29
3712,2019-10-02 16:00:00+00:00,0.0,,uppsala,5f9fe38afd517828962fde29
3713,2019-10-02 17:00:00+00:00,0.0,,uppsala,5f9fe38afd517828962fde29
3714,2019-10-02 18:00:00+00:00,0.0,,uppsala,5f9fe38afd517828962fde29
3715,2019-10-02 19:00:00+00:00,0.0,,uppsala,5f9fe38afd517828962fde29
3716,2019-10-02 20:00:00+00:00,0.0,,uppsala,5f9fe38afd517828962fde29
3717,2019-10-02 21:00:00+00:00,0.0,,uppsala,5f9fe38afd517828962fde29
3718,2019-10-02 22:00:00+00:00,0.0,,uppsala,5f9fe38afd517828962fde29
3719,2019-10-02 23:00:00+00:00,0.0,,uppsala,5f9fe38afd517828962fde29
3720,2019-10-03 00:00:00+00:00,0.0,,uppsala,5f9fe38afd517828962fde29
3721,2019-10-03 01:00:00+00:00,0.0,,uppsala,5f9fe38afd517828962fde29
3722,2019-10-03 02:00:00+00:00,0.0,,uppsala,5f9fe38afd517828962fde29
3723,2019-10-03 03:00:00+00:00,0.0,,uppsala,5f9fe38afd517828962fde29
3724,2019-10-03 04:00:00+00:00,0.0,,uppsala,5f9fe38afd517828962fde29
3725,2019-10-03 05:00:00+00:00,0.0,,uppsala,5f9fe38afd517828962fde29
3726,2019-10-03 06:00:00+00:00,147.0,,uppsala,5f9fe38afd517828962fde29
3727,2019-10-03 07:00:00+00:00,451.2,,uppsala,5f9fe38afd517828962fde29
3728,2019-10-03 08:00:00+00:00,159.4,,uppsala,5f9fe38afd517828962fde29
3729,2019-10-03 09:00:00+00:00,364.3,,uppsala,5f9fe38afd517828962fde29
3730,2019-10-03 10:00:00+00:00,156.1,,uppsala,5f9fe38afd517828962fde29
3731,2019-10-03 11:00:00+00:00,29.3,,uppsala,5f9fe38afd517828962fde29
3732,2019-10-03 12:00:00+00:00,126.6,,uppsala,5f9fe38afd517828962fde29
3733,2019-10-03 13:00:00+00:00,425.5,,uppsala,5f9fe38afd517828962fde29
3734,2019-10-03 14:00:00+00:00,68.5,,uppsala,5f9fe38afd517828962fde29
3735,2019-10-03 15:00:00+00:00,222.5,,uppsala,5f9fe38afd517828962fde29
3736,2019-10-03 16:00:00+00:00,39.4,,uppsala,5f9fe38afd517828962fde29
3737,2019-10-03 17:00:00+00:00,0.0,,uppsala,5f9fe38afd517828962fde29
3738,2019-10-03 18:00:00+00:00,0.0,,uppsala,5f9fe38afd517828962fde29
3739,2019-10-03 19:00:00+00:00,0.0,,uppsala,5f9fe38afd517828962fde29
3740,2019-10-03 20:00:00+00:00,0.0,,uppsala,5f9fe38afd517828962fde29
3741,2019-10-03 21:00:00+00:00,0.0,,uppsala,5f9fe38afd517828962fde29
3742,2019-10-03 22:00:00+00:00,0.0,,uppsala,5f9fe38afd517828962fde29
3743,2019-10-03 23:00:00+00:00,0.0,,uppsala,5f9fe38afd517828962fde29
3744,2019-10-04 00:00:00+00:00,0.0,,uppsala,5f9fe38afd517828962fde29
3745,2019-10-04 01:00:00+00:00,0.0,,uppsala,5f9fe38afd517828962fde29
3746,2019-10-04 02:00:00+00:00,0.0,,uppsala,5f9fe38afd517828962fde29
3747,2019-10-04 03:00:00+00:00,0.0,,uppsala,5f9fe38afd517828962fde29
3748,2019-10-04 04:00:00+00:00,0.0,,uppsala,5f9fe38afd517828962fde29
3749,2019-10-04 05:00:00+00:00,0.0,,uppsala,5f9fe38afd517828962fde29
3750,2019-10-04 06:00:00+00:00,289.7,,uppsala,5f9fe38afd517828962fde29
3751,2019-10-04 07:00:00+00:00,511.5,,uppsala,5f9fe38afd517828962fde29
3752,2019-10-04 08:00:00+00:00,634.1,,uppsala,5f9fe38afd517828962fde29
3753,2019-10-04 09:00:00+00:00,703.9,,uppsala,5f9fe38afd517828962fde29
3754,2019-10-04 10:00:00+00:00,711.6,,uppsala,5f9fe38afd517828962fde29
3755,2019-10-04 11:00:00+00:00,572.1,,uppsala,5f9fe38afd517828962fde29
3756,2019-10-04 12:00:00+00:00,602.1,,uppsala,5f9fe38afd517828962fde29
3757,2019-10-04 13:00:00+00:00,190.2,,uppsala,5f9fe38afd517828962fde29
3758,2019-10-04 14:00:00+00:00,93.6,,uppsala,5f9fe38afd517828962fde29
3759,2019-10-04 15:00:00+00:00,269.4,,uppsala,5f9fe38afd517828962fde29
3760,2019-10-04 16:00:00+00:00,1.7000000000000002,,uppsala,5f9fe38afd517828962fde29
3761,2019-10-04 17:00:00+00:00,0.0,,uppsala,5f9fe38afd517828962fde29
3762,2019-10-04 18:00:00+00:00,0.0,,uppsala,5f9fe38afd517828962fde29
3763,2019-10-04 19:00:00+00:00,0.0,,uppsala,5f9fe38afd517828962fde29
3764,2019-10-04 20:00:00+00:00,0.0,,uppsala,5f9fe38afd517828962fde29
3765,2019-10-04 21:00:00+00:00,0.0,,uppsala,5f9fe38afd517828962fde29
3766,2019-10-04 22:00:00+00:00,0.0,,uppsala,5f9fe38afd517828962fde29
3767,2019-10-04 23:00:00+00:00,0.0,,uppsala,5f9fe38afd517828962fde29
3768,2019-10-05 00:00:00+00:00,0.0,,uppsala,5f9fe38afd517828962fde29
3769,2019-10-05 01:00:00+00:00,0.0,,uppsala,5f9fe38afd517828962fde29
3770,2019-10-05 02:00:00+00:00,0.0,,uppsala,5f9fe38afd517828962fde29
3771,2019-10-05 03:00:00+00:00,0.0,,uppsala,5f9fe38afd517828962fde29
3772,2019-10-05 04:00:00+00:00,0.0,,uppsala,5f9fe38afd517828962fde29
3773,2019-10-05 05:00:00+00:00,0.0,,uppsala,5f9fe38afd517828962fde29
3774,2019-10-05 06:00:00+00:00,267.0,,uppsala,5f9fe38afd517828962fde29
3775,2019-10-05 07:00:00+00:00,517.6,,uppsala,5f9fe38afd517828962fde29
3776,2019-10-05 08:00:00+00:00,642.7,,uppsala,5f9fe38afd517828962fde29
3777,2019-10-05 09:00:00+00:00,711.1,,uppsala,5f9fe38afd517828962fde29
3778,2019-10-05 10:00:00+00:00,756.2,,uppsala,5f9fe38afd517828962fde29
3779,2019-10-05 11:00:00+00:00,757.3,,uppsala,5f9fe38afd517828962fde29
3780,2019-10-05 12:00:00+00:00,737.5,,uppsala,5f9fe38afd517828962fde29
3781,2019-10-05 13:00:00+00:00,5.7,,uppsala,5f9fe38afd517828962fde29
3782,2019-10-05 14:00:00+00:00,2.5,,uppsala,5f9fe38afd517828962fde29
3783,2019-10-05 15:00:00+00:00,0.0,,uppsala,5f9fe38afd517828962fde29
3784,2019-10-05 16:00:00+00:00,1.0,,uppsala,5f9fe38afd517828962fde29
3785,2019-10-05 17:00:00+00:00,0.0,,uppsala,5f9fe38afd517828962fde29
3786,2019-10-05 18:00:00+00:00,0.0,,uppsala,5f9fe38afd517828962fde29
3787,2019-10-05 19:00:00+00:00,0.0,,uppsala,5f9fe38afd517828962fde29
3788,2019-10-05 20:00:00+00:00,0.0,,uppsala,5f9fe38afd517828962fde29
3789,2019-10-05 21:00:00+00:00,0.0,,uppsala,5f9fe38afd517828962fde29
3790,2019-10-05 22:00:00+00:00,0.0,,uppsala,5f9fe38afd517828962fde29
3791,2019-10-05 23:00:00+00:00,0.0,,uppsala,5f9fe38afd517828962fde29
3792,2019-10-06 00:00:00+00:00,0.0,,uppsala,5f9fe38afd517828962fde29
3793,2019-10-06 01:00:00+00:00,0.0,,uppsala,5f9fe38afd517828962fde29
3794,2019-10-06 02:00:00+00:00,0.0,,uppsala,5f9fe38afd517828962fde29
3795,2019-10-06 03:00:00+00:00,0.0,,uppsala,5f9fe38afd517828962fde29
3796,2019-10-06 04:00:00+00:00,0.0,,uppsala,5f9fe38afd517828962fde29
3797,2019-10-06 05:00:00+00:00,0.0,,uppsala,5f9fe38afd517828962fde29
3798,2019-10-06 06:00:00+00:00,0.0,,uppsala,5f9fe38afd517828962fde29
3799,2019-10-06 07:00:00+00:00,14.9,,uppsala,5f9fe38afd517828962fde29
3800,2019-10-06 08:00:00+00:00,18.2,,uppsala,5f9fe38afd517828962fde29
3801,2019-10-06 09:00:00+00:00,584.4,,uppsala,5f9fe38afd517828962fde29
3802,2019-10-06 10:00:00+00:00,698.4,,uppsala,5f9fe38afd517828962fde29
3803,2019-10-06 11:00:00+00:00,745.1,,uppsala,5f9fe38afd517828962fde29
3804,2019-10-06 12:00:00+00:00,743.5,,uppsala,5f9fe38afd517828962fde29
3805,2019-10-06 13:00:00+00:00,688.4,,uppsala,5f9fe38afd517828962fde29
3806,2019-10-06 14:00:00+00:00,528.7,,uppsala,5f9fe38afd517828962fde29
3807,2019-10-06 15:00:00+00:00,440.7,,uppsala,5f9fe38afd517828962fde29
3808,2019-10-06 16:00:00+00:00,22.3,,uppsala,5f9fe38afd517828962fde29
3809,2019-10-06 17:00:00+00:00,0.0,,uppsala,5f9fe38afd517828962fde29
3810,2019-10-06 18:00:00+00:00,0.0,,uppsala,5f9fe38afd517828962fde29
3811,2019-10-06 19:00:00+00:00,0.0,,uppsala,5f9fe38afd517828962fde29
3812,2019-10-06 20:00:00+00:00,0.0,,uppsala,5f9fe38afd517828962fde29
3813,2019-10-06 21:00:00+00:00,0.0,,uppsala,5f9fe38afd517828962fde29
3814,2019-10-06 22:00:00+00:00,0.0,,uppsala,5f9fe38afd517828962fde29
3815,2019-10-06 23:00:00+00:00,0.0,,uppsala,5f9fe38afd517828962fde29
3816,2019-10-07 00:00:00+00:00,0.0,,uppsala,5f9fe38afd517828962fde29
3817,2019-10-07 01:00:00+00:00,0.0,,uppsala,5f9fe38afd517828962fde29
3818,2019-10-07 02:00:00+00:00,0.0,,uppsala,5f9fe38afd517828962fde29
3819,2019-10-07 03:00:00+00:00,0.0,,uppsala,5f9fe38afd517828962fde29
3820,2019-10-07 04:00:00+00:00,0.0,,uppsala,5f9fe38afd517828962fde29
3821,2019-10-07 05:00:00+00:00,0.0,,uppsala,5f9fe38afd517828962fde29
3822,2019-10-07 06:00:00+00:00,39.6,,uppsala,5f9fe38afd517828962fde29
3823,2019-10-07 07:00:00+00:00,7.4,,uppsala,5f9fe38afd517828962fde29
3824,2019-10-07 08:00:00+00:00,99.7,,uppsala,5f9fe38afd517828962fde29
3825,2019-10-07 09:00:00+00:00,768.3,,uppsala,5f9fe38afd517828962fde29
3826,2019-10-07 10:00:00+00:00,749.5,,uppsala,5f9fe38afd517828962fde29
3827,2019-10-07 11:00:00+00:00,358.6,,uppsala,5f9fe38afd517828962fde29
3828,2019-10-07 12:00:00+00:00,8.4,,uppsala,5f9fe38afd517828962fde29
3829,2019-10-07 13:00:00+00:00,598.8,,uppsala,5f9fe38afd517828962fde29
3830,2019-10-07 14:00:00+00:00,197.7,,uppsala,5f9fe38afd517828962fde29
3831,2019-10-07 15:00:00+00:00,512.4,,uppsala,5f9fe38afd517828962fde29
3832,2019-10-07 16:00:00+00:00,4.4,,uppsala,5f9fe38afd517828962fde29
3833,2019-10-07 17:00:00+00:00,0.0,,uppsala,5f9fe38afd517828962fde29
3834,2019-10-07 18:00:00+00:00,0.0,,uppsala,5f9fe38afd517828962fde29
3835,2019-10-07 19:00:00+00:00,0.0,,uppsala,5f9fe38afd517828962fde29
3836,2019-10-07 20:00:00+00:00,0.0,,uppsala,5f9fe38afd517828962fde29
3837,2019-10-07 21:00:00+00:00,0.0,,uppsala,5f9fe38afd517828962fde29
3838,2019-10-07 22:00:00+00:00,0.0,,uppsala,5f9fe38afd517828962fde29
3839,2019-10-07 23:00:00+00:00,0.0,,uppsala,5f9fe38afd517828962fde29
3840,2019-10-08 00:00:00+00:00,0.0,,uppsala,5f9fe38afd517828962fde29
3841,2019-10-08 01:00:00+00:00,0.0,,uppsala,5f9fe38afd517828962fde29
3842,2019-10-08 02:00:00+00:00,0.0,,uppsala,5f9fe38afd517828962fde29
3843,2019-10-08 03:00:00+00:00,0.0,,uppsala,5f9fe38afd517828962fde29
3844,2019-10-08 04:00:00+00:00,0.0,,uppsala,5f9fe38afd517828962fde29
3845,2019-10-08 05:00:00+00:00,0.0,,uppsala,5f9fe38afd517828962fde29
3846,2019-10-08 06:00:00+00:00,0.0,,uppsala,5f9fe38afd517828962fde29
3847,2019-10-08 07:00:00+00:00,2.3,,uppsala,5f9fe38afd517828962fde29
3848,2019-10-08 08:00:00+00:00,5.8,,uppsala,5f9fe38afd517828962fde29
3849,2019-10-08 09:00:00+00:00,7.7,,uppsala,5f9fe38afd517828962fde29
3850,2019-10-08 10:00:00+00:00,8.6,,uppsala,5f9fe38afd517828962fde29
3851,2019-10-08 11:00:00+00:00,582.3,,uppsala,5f9fe38afd517828962fde29
3852,2019-10-08 12:00:00+00:00,337.9,,uppsala,5f9fe38afd517828962fde29
3853,2019-10-08 13:00:00+00:00,5.5,,uppsala,5f9fe38afd517828962fde29
3854,2019-10-08 14:00:00+00:00,12.9,,uppsala,5f9fe38afd517828962fde29
3855,2019-10-08 15:00:00+00:00,14.6,,uppsala,5f9fe38afd517828962fde29
3856,2019-10-08 16:00:00+00:00,0.0,,uppsala,5f9fe38afd517828962fde29
3857,2019-10-08 17:00:00+00:00,0.0,,uppsala,5f9fe38afd517828962fde29
3858,2019-10-08 18:00:00+00:00,0.0,,uppsala,5f9fe38afd517828962fde29
3859,2019-10-08 19:00:00+00:00,0.0,,uppsala,5f9fe38afd517828962fde29
3860,2019-10-08 20:00:00+00:00,0.0,,uppsala,5f9fe38afd517828962fde29
3861,2019-10-08 21:00:00+00:00,0.0,,uppsala,5f9fe38afd517828962fde29
3862,2019-10-08 22:00:00+00:00,0.0,,uppsala,5f9fe38afd517828962fde29
3863,2019-10-08 23:00:00+00:00,0.0,,uppsala,5f9fe38afd517828962fde29
3864,2019-10-09 00:00:00+00:00,0.0,,uppsala,5f9fe38afd517828962fde29
3865,2019-10-09 01:00:00+00:00,0.0,,uppsala,5f9fe38afd517828962fde29
3866,2019-10-09 02:00:00+00:00,0.0,,uppsala,5f9fe38afd517828962fde29
3867,2019-10-09 03:00:00+00:00,0.0,,uppsala,5f9fe38afd517828962fde29
3868,2019-10-09 04:00:00+00:00,0.0,,uppsala,5f9fe38afd517828962fde29
3869,2019-10-09 05:00:00+00:00,0.0,,uppsala,5f9fe38afd517828962fde29
3870,2019-10-09 06:00:00+00:00,0.0,,uppsala,5f9fe38afd517828962fde29
3871,2019-10-09 07:00:00+00:00,3.6,,uppsala,5f9fe38afd517828962fde29
3872,2019-10-09 08:00:00+00:00,5.7,,uppsala,5f9fe38afd517828962fde29
3873,2019-10-09 09:00:00+00:00,4.9,,uppsala,5f9fe38afd517828962fde29
3874,2019-10-09 10:00:00+00:00,6.1,,uppsala,5f9fe38afd517828962fde29
3875,2019-10-09 11:00:00+00:00,15.6,,uppsala,5f9fe38afd517828962fde29
3876,2019-10-09 12:00:00+00:00,8.9,,uppsala,5f9fe38afd517828962fde29
3877,2019-10-09 13:00:00+00:00,4.2,,uppsala,5f9fe38afd517828962fde29
3878,2019-10-09 14:00:00+00:00,0.7000000000000001,,uppsala,5f9fe38afd517828962fde29
3879,2019-10-09 15:00:00+00:00,0.0,,uppsala,5f9fe38afd517828962fde29
3880,2019-10-09 16:00:00+00:00,0.0,,uppsala,5f9fe38afd517828962fde29
3881,2019-10-09 17:00:00+00:00,0.0,,uppsala,5f9fe38afd517828962fde29
3882,2019-10-09 18:00:00+00:00,0.0,,uppsala,5f9fe38afd517828962fde29
3883,2019-10-09 19:00:00+00:00,0.0,,uppsala,5f9fe38afd517828962fde29
3884,2019-10-09 20:00:00+00:00,0.0,,uppsala,5f9fe38afd517828962fde29
3885,2019-10-09 21:00:00+00:00,0.0,,uppsala,5f9fe38afd517828962fde29
3886,2019-10-09 22:00:00+00:00,0.0,,uppsala,5f9fe38afd517828962fde29
3887,2019-10-09 23:00:00+00:00,0.0,,uppsala,5f9fe38afd517828962fde29
3888,2019-10-10 00:00:00+00:00,0.0,,uppsala,5f9fe38afd517828962fde29
3889,2019-10-10 01:00:00+00:00,0.0,,uppsala,5f9fe38afd517828962fde29
3890,2019-10-10 02:00:00+00:00,0.0,,uppsala,5f9fe38afd517828962fde29
3891,2019-10-10 03:00:00+00:00,0.0,,uppsala,5f9fe38afd517828962fde29
3892,2019-10-10 04:00:00+00:00,0.0,,uppsala,5f9fe38afd517828962fde29
3893,2019-10-10 05:00:00+00:00,0.0,,uppsala,5f9fe38afd517828962fde29
3894,2019-10-10 06:00:00+00:00,0.0,,uppsala,5f9fe38afd517828962fde29
3895,2019-10-10 07:00:00+00:00,0.0,,uppsala,5f9fe38afd517828962fde29
3896,2019-10-10 08:00:00+00:00,2.8,,uppsala,5f9fe38afd517828962fde29
3897,2019-10-10 09:00:00+00:00,5.4,,uppsala,5f9fe38afd517828962fde29
3898,2019-10-10 10:00:00+00:00,6.9,,uppsala,5f9fe38afd517828962fde29
3899,2019-10-10 11:00:00+00:00,6.9,,uppsala,5f9fe38afd517828962fde29
3900,2019-10-10 12:00:00+00:00,26.7,,uppsala,5f9fe38afd517828962fde29
3901,2019-10-10 13:00:00+00:00,4.4,,uppsala,5f9fe38afd517828962fde29
3902,2019-10-10 14:00:00+00:00,0.4,,uppsala,5f9fe38afd517828962fde29
3903,2019-10-10 15:00:00+00:00,0.0,,uppsala,5f9fe38afd517828962fde29
3904,2019-10-10 16:00:00+00:00,0.0,,uppsala,5f9fe38afd517828962fde29
3905,2019-10-10 17:00:00+00:00,0.0,,uppsala,5f9fe38afd517828962fde29
3906,2019-10-10 18:00:00+00:00,0.0,,uppsala,5f9fe38afd517828962fde29
3907,2019-10-10 19:00:00+00:00,0.0,,uppsala,5f9fe38afd517828962fde29
3908,2019-10-10 20:00:00+00:00,0.0,,uppsala,5f9fe38afd517828962fde29
3909,2019-10-10 21:00:00+00:00,0.0,,uppsala,5f9fe38afd517828962fde29
3910,2019-10-10 22:00:00+00:00,0.0,,uppsala,5f9fe38afd517828962fde29
3911,2019-10-10 23:00:00+00:00,0.0,,uppsala,5f9fe38afd517828962fde29
3912,2019-10-11 00:00:00+00:00,0.0,,uppsala,5f9fe38afd517828962fde29
3913,2019-10-11 01:00:00+00:00,0.0,,uppsala,5f9fe38afd517828962fde29
3914,2019-10-11 02:00:00+00:00,0.0,,uppsala,5f9fe38afd517828962fde29
3915,2019-10-11 03:00:00+00:00,0.0,,uppsala,5f9fe38afd517828962fde29
3916,2019-10-11 04:00:00+00:00,0.0,,uppsala,5f9fe38afd517828962fde29
3917,2019-10-11 05:00:00+00:00,0.0,,uppsala,5f9fe38afd517828962fde29
3918,2019-10-11 06:00:00+00:00,15.5,,uppsala,5f9fe38afd517828962fde29
3919,2019-10-11 07:00:00+00:00,0.8,,uppsala,5f9fe38afd517828962fde29
3920,2019-10-11 08:00:00+00:00,98.9,,uppsala,5f9fe38afd517828962fde29
3921,2019-10-11 09:00:00+00:00,5.9,,uppsala,5f9fe38afd517828962fde29
3922,2019-10-11 10:00:00+00:00,109.1,,uppsala,5f9fe38afd517828962fde29
3923,2019-10-11 11:00:00+00:00,6.6,,uppsala,5f9fe38afd517828962fde29
3924,2019-10-11 12:00:00+00:00,163.7,,uppsala,5f9fe38afd517828962fde29
3925,2019-10-11 13:00:00+00:00,72.6,,uppsala,5f9fe38afd517828962fde29
3926,2019-10-11 14:00:00+00:00,0.7000000000000001,,uppsala,5f9fe38afd517828962fde29
3927,2019-10-11 15:00:00+00:00,3.5,,uppsala,5f9fe38afd517828962fde29
3928,2019-10-11 16:00:00+00:00,0.0,,uppsala,5f9fe38afd517828962fde29
3929,2019-10-11 17:00:00+00:00,0.0,,uppsala,5f9fe38afd517828962fde29
3930,2019-10-11 18:00:00+00:00,0.0,,uppsala,5f9fe38afd517828962fde29
3931,2019-10-11 19:00:00+00:00,0.0,,uppsala,5f9fe38afd517828962fde29
3932,2019-10-11 20:00:00+00:00,0.0,,uppsala,5f9fe38afd517828962fde29
3933,2019-10-11 21:00:00+00:00,0.0,,uppsala,5f9fe38afd517828962fde29
3934,2019-10-11 22:00:00+00:00,0.0,,uppsala,5f9fe38afd517828962fde29
3935,2019-10-11 23:00:00+00:00,0.0,,uppsala,5f9fe38afd517828962fde29
3936,2019-10-12 00:00:00+00:00,0.0,,uppsala,5f9fe38afd517828962fde29
3937,2019-10-12 01:00:00+00:00,0.0,,uppsala,5f9fe38afd517828962fde29
3938,2019-10-12 02:00:00+00:00,0.0,,uppsala,5f9fe38afd517828962fde29
3939,2019-10-12 03:00:00+00:00,0.0,,uppsala,5f9fe38afd517828962fde29
3940,2019-10-12 04:00:00+00:00,0.0,,uppsala,5f9fe38afd517828962fde29
3941,2019-10-12 05:00:00+00:00,0.0,,uppsala,5f9fe38afd517828962fde29
3942,2019-10-12 06:00:00+00:00,0.0,,uppsala,5f9fe38afd517828962fde29
3943,2019-10-12 07:00:00+00:00,0.0,,uppsala,5f9fe38afd517828962fde29
3944,2019-10-12 08:00:00+00:00,2.6,,uppsala,5f9fe38afd517828962fde29
3945,2019-10-12 09:00:00+00:00,4.6,,uppsala,5f9fe38afd517828962fde29
3946,2019-10-12 10:00:00+00:00,5.7,,uppsala,5f9fe38afd517828962fde29
3947,2019-10-12 11:00:00+00:00,9.1,,uppsala,5f9fe38afd517828962fde29
3948,2019-10-12 12:00:00+00:00,15.0,,uppsala,5f9fe38afd517828962fde29
3949,2019-10-12 13:00:00+00:00,6.2,,uppsala,5f9fe38afd517828962fde29
3950,2019-10-12 14:00:00+00:00,7.9,,uppsala,5f9fe38afd517828962fde29
3951,2019-10-12 15:00:00+00:00,6.6,,uppsala,5f9fe38afd517828962fde29
3952,2019-10-12 16:00:00+00:00,0.0,,uppsala,5f9fe38afd517828962fde29
3953,2019-10-12 17:00:00+00:00,0.0,,uppsala,5f9fe38afd517828962fde29
3954,2019-10-12 18:00:00+00:00,0.0,,uppsala,5f9fe38afd517828962fde29
3955,2019-10-12 19:00:00+00:00,0.0,,uppsala,5f9fe38afd517828962fde29
3956,2019-10-12 20:00:00+00:00,0.0,,uppsala,5f9fe38afd517828962fde29
3957,2019-10-12 21:00:00+00:00,0.0,,uppsala,5f9fe38afd517828962fde29
3958,2019-10-12 22:00:00+00:00,0.0,,uppsala,5f9fe38afd517828962fde29
3959,2019-10-12 23:00:00+00:00,0.0,,uppsala,5f9fe38afd517828962fde29
3960,2019-10-13 00:00:00+00:00,0.0,,uppsala,5f9fe38afd517828962fde29
3961,2019-10-13 01:00:00+00:00,0.0,,uppsala,5f9fe38afd517828962fde29
3962,2019-10-13 02:00:00+00:00,0.0,,uppsala,5f9fe38afd517828962fde29
3963,2019-10-13 03:00:00+00:00,0.0,,uppsala,5f9fe38afd517828962fde29
3964,2019-10-13 04:00:00+00:00,0.0,,uppsala,5f9fe38afd517828962fde29
3965,2019-10-13 05:00:00+00:00,0.0,,uppsala,5f9fe38afd517828962fde29
3966,2019-10-13 06:00:00+00:00,92.7,,uppsala,5f9fe38afd517828962fde29
3967,2019-10-13 07:00:00+00:00,409.6,,uppsala,5f9fe38afd517828962fde29
3968,2019-10-13 08:00:00+00:00,541.3,,uppsala,5f9fe38afd517828962fde29
3969,2019-10-13 09:00:00+00:00,615.2,,uppsala,5f9fe38afd517828962fde29
3970,2019-10-13 10:00:00+00:00,647.5,,uppsala,5f9fe38afd517828962fde29
3971,2019-10-13 11:00:00+00:00,650.2,,uppsala,5f9fe38afd517828962fde29
3972,2019-10-13 12:00:00+00:00,486.3,,uppsala,5f9fe38afd517828962fde29
3973,2019-10-13 13:00:00+00:00,544.3,,uppsala,5f9fe38afd517828962fde29
3974,2019-10-13 14:00:00+00:00,437.9,,uppsala,5f9fe38afd517828962fde29
3975,2019-10-13 15:00:00+00:00,266.8,,uppsala,5f9fe38afd517828962fde29
3976,2019-10-13 16:00:00+00:00,0.0,,uppsala,5f9fe38afd517828962fde29
3977,2019-10-13 17:00:00+00:00,0.0,,uppsala,5f9fe38afd517828962fde29
3978,2019-10-13 18:00:00+00:00,0.0,,uppsala,5f9fe38afd517828962fde29
3979,2019-10-13 19:00:00+00:00,0.0,,uppsala,5f9fe38afd517828962fde29
3980,2019-10-13 20:00:00+00:00,0.0,,uppsala,5f9fe38afd517828962fde29
3981,2019-10-13 21:00:00+00:00,0.0,,uppsala,5f9fe38afd517828962fde29
3982,2019-10-13 22:00:00+00:00,0.0,,uppsala,5f9fe38afd517828962fde29
3983,2019-10-13 23:00:00+00:00,0.0,,uppsala,5f9fe38afd517828962fde29
3984,2019-10-14 00:00:00+00:00,0.0,,uppsala,5f9fe38afd517828962fde29
3985,2019-10-14 01:00:00+00:00,0.0,,uppsala,5f9fe38afd517828962fde29
3986,2019-10-14 02:00:00+00:00,0.0,,uppsala,5f9fe38afd517828962fde29
3987,2019-10-14 03:00:00+00:00,0.0,,uppsala,5f9fe38afd517828962fde29
3988,2019-10-14 04:00:00+00:00,0.0,,uppsala,5f9fe38afd517828962fde29
3989,2019-10-14 05:00:00+00:00,0.0,,uppsala,5f9fe38afd517828962fde29
3990,2019-10-14 06:00:00+00:00,0.0,,uppsala,5f9fe38afd517828962fde29
3991,2019-10-14 07:00:00+00:00,1.7000000000000002,,uppsala,5f9fe38afd517828962fde29
3992,2019-10-14 08:00:00+00:00,1.7000000000000002,,uppsala,5f9fe38afd517828962fde29
3993,2019-10-14 09:00:00+00:00,12.6,,uppsala,5f9fe38afd517828962fde29
3994,2019-10-14 10:00:00+00:00,9.5,,uppsala,5f9fe38afd517828962fde29
3995,2019-10-14 11:00:00+00:00,8.5,,uppsala,5f9fe38afd517828962fde29
3996,2019-10-14 12:00:00+00:00,4.6,,uppsala,5f9fe38afd517828962fde29
3997,2019-10-14 13:00:00+00:00,3.0,,uppsala,5f9fe38afd517828962fde29
3998,2019-10-14 14:00:00+00:00,25.0,,uppsala,5f9fe38afd517828962fde29
3999,2019-10-14 15:00:00+00:00,55.4,,uppsala,5f9fe38afd517828962fde29
4000,2019-10-14 16:00:00+00:00,0.0,,uppsala,5f9fe38afd517828962fde29
4001,2019-10-14 17:00:00+00:00,0.0,,uppsala,5f9fe38afd517828962fde29
4002,2019-10-14 18:00:00+00:00,0.0,,uppsala,5f9fe38afd517828962fde29
4003,2019-10-14 19:00:00+00:00,0.0,,uppsala,5f9fe38afd517828962fde29
4004,2019-10-14 20:00:00+00:00,0.0,,uppsala,5f9fe38afd517828962fde29
4005,2019-10-14 21:00:00+00:00,0.0,,uppsala,5f9fe38afd517828962fde29
4006,2019-10-14 22:00:00+00:00,0.0,,uppsala,5f9fe38afd517828962fde29
4007,2019-10-14 23:00:00+00:00,0.0,,uppsala,5f9fe38afd517828962fde29
4008,2019-10-15 00:00:00+00:00,0.0,,uppsala,5f9fe38afd517828962fde29
4009,2019-10-15 01:00:00+00:00,0.0,,uppsala,5f9fe38afd517828962fde29
4010,2019-10-15 02:00:00+00:00,0.0,,uppsala,5f9fe38afd517828962fde29
4011,2019-10-15 03:00:00+00:00,0.0,,uppsala,5f9fe38afd517828962fde29
4012,2019-10-15 04:00:00+00:00,0.0,,uppsala,5f9fe38afd517828962fde29
4013,2019-10-15 05:00:00+00:00,0.0,,uppsala,5f9fe38afd517828962fde29
4014,2019-10-15 06:00:00+00:00,0.0,,uppsala,5f9fe38afd517828962fde29
4015,2019-10-15 07:00:00+00:00,1.5,,uppsala,5f9fe38afd517828962fde29
4016,2019-10-15 08:00:00+00:00,1.5,,uppsala,5f9fe38afd517828962fde29
4017,2019-10-15 09:00:00+00:00,7.2,,uppsala,5f9fe38afd517828962fde29
4018,2019-10-15 10:00:00+00:00,12.5,,uppsala,5f9fe38afd517828962fde29
4019,2019-10-15 11:00:00+00:00,8.0,,uppsala,5f9fe38afd517828962fde29
4020,2019-10-15 12:00:00+00:00,3.4,,uppsala,5f9fe38afd517828962fde29
4021,2019-10-15 13:00:00+00:00,4.5,,uppsala,5f9fe38afd517828962fde29
4022,2019-10-15 14:00:00+00:00,0.0,,uppsala,5f9fe38afd517828962fde29
4023,2019-10-15 15:00:00+00:00,0.0,,uppsala,5f9fe38afd517828962fde29
4024,2019-10-15 16:00:00+00:00,0.0,,uppsala,5f9fe38afd517828962fde29
4025,2019-10-15 17:00:00+00:00,0.0,,uppsala,5f9fe38afd517828962fde29
4026,2019-10-15 18:00:00+00:00,0.0,,uppsala,5f9fe38afd517828962fde29
4027,2019-10-15 19:00:00+00:00,0.0,,uppsala,5f9fe38afd517828962fde29
4028,2019-10-15 20:00:00+00:00,0.0,,uppsala,5f9fe38afd517828962fde29
4029,2019-10-15 21:00:00+00:00,0.0,,uppsala,5f9fe38afd517828962fde29
4030,2019-10-15 22:00:00+00:00,0.0,,uppsala,5f9fe38afd517828962fde29
4031,2019-10-15 23:00:00+00:00,0.0,,uppsala,5f9fe38afd517828962fde29
4032,2019-10-16 00:00:00+00:00,0.0,,uppsala,5f9fe38afd517828962fde29
4033,2019-10-16 01:00:00+00:00,0.0,,uppsala,5f9fe38afd517828962fde29
4034,2019-10-16 02:00:00+00:00,0.0,,uppsala,5f9fe38afd517828962fde29
4035,2019-10-16 03:00:00+00:00,0.0,,uppsala,5f9fe38afd517828962fde29
4036,2019-10-16 04:00:00+00:00,0.0,,uppsala,5f9fe38afd517828962fde29
4037,2019-10-16 05:00:00+00:00,0.0,,uppsala,5f9fe38afd517828962fde29
4038,2019-10-16 06:00:00+00:00,0.0,,uppsala,5f9fe38afd517828962fde29
4039,2019-10-16 07:00:00+00:00,0.0,,uppsala,5f9fe38afd517828962fde29
4040,2019-10-16 08:00:00+00:00,0.5,,uppsala,5f9fe38afd517828962fde29
4041,2019-10-16 09:00:00+00:00,9.7,,uppsala,5f9fe38afd517828962fde29
4042,2019-10-16 10:00:00+00:00,22.9,,uppsala,5f9fe38afd517828962fde29
4043,2019-10-16 11:00:00+00:00,109.5,,uppsala,5f9fe38afd517828962fde29
4044,2019-10-16 12:00:00+00:00,3.2,,uppsala,5f9fe38afd517828962fde29
4045,2019-10-16 13:00:00+00:00,1.1,,uppsala,5f9fe38afd517828962fde29
4046,2019-10-16 14:00:00+00:00,0.0,,uppsala,5f9fe38afd517828962fde29
4047,2019-10-16 15:00:00+00:00,0.0,,uppsala,5f9fe38afd517828962fde29
4048,2019-10-16 16:00:00+00:00,0.0,,uppsala,5f9fe38afd517828962fde29
4049,2019-10-16 17:00:00+00:00,0.0,,uppsala,5f9fe38afd517828962fde29
4050,2019-10-16 18:00:00+00:00,0.0,,uppsala,5f9fe38afd517828962fde29
4051,2019-10-16 19:00:00+00:00,0.0,,uppsala,5f9fe38afd517828962fde29
4052,2019-10-16 20:00:00+00:00,0.0,,uppsala,5f9fe38afd517828962fde29
4053,2019-10-16 21:00:00+00:00,0.0,,uppsala,5f9fe38afd517828962fde29
4054,2019-10-16 22:00:00+00:00,0.0,,uppsala,5f9fe38afd517828962fde29
4055,2019-10-16 23:00:00+00:00,0.0,,uppsala,5f9fe38afd517828962fde29
4056,2019-10-17 00:00:00+00:00,0.0,,uppsala,5f9fe38afd517828962fde29
4057,2019-10-17 01:00:00+00:00,0.0,,uppsala,5f9fe38afd517828962fde29
4058,2019-10-17 02:00:00+00:00,0.0,,uppsala,5f9fe38afd517828962fde29
4059,2019-10-17 03:00:00+00:00,0.0,,uppsala,5f9fe38afd517828962fde29
4060,2019-10-17 04:00:00+00:00,0.0,,uppsala,5f9fe38afd517828962fde29
4061,2019-10-17 05:00:00+00:00,0.0,,uppsala,5f9fe38afd517828962fde29
4062,2019-10-17 06:00:00+00:00,0.0,,uppsala,5f9fe38afd517828962fde29
4063,2019-10-17 07:00:00+00:00,0.0,,uppsala,5f9fe38afd517828962fde29
4064,2019-10-17 08:00:00+00:00,0.5,,uppsala,5f9fe38afd517828962fde29
4065,2019-10-17 09:00:00+00:00,3.2,,uppsala,5f9fe38afd517828962fde29
4066,2019-10-17 10:00:00+00:00,4.6,,uppsala,5f9fe38afd517828962fde29
4067,2019-10-17 11:00:00+00:00,102.1,,uppsala,5f9fe38afd517828962fde29
4068,2019-10-17 12:00:00+00:00,3.8,,uppsala,5f9fe38afd517828962fde29
4069,2019-10-17 13:00:00+00:00,1.7000000000000002,,uppsala,5f9fe38afd517828962fde29
4070,2019-10-17 14:00:00+00:00,0.0,,uppsala,5f9fe38afd517828962fde29
4071,2019-10-17 15:00:00+00:00,0.0,,uppsala,5f9fe38afd517828962fde29
4072,2019-10-17 16:00:00+00:00,0.0,,uppsala,5f9fe38afd517828962fde29
4073,2019-10-17 17:00:00+00:00,0.0,,uppsala,5f9fe38afd517828962fde29
4074,2019-10-17 18:00:00+00:00,0.0,,uppsala,5f9fe38afd517828962fde29
4075,2019-10-17 19:00:00+00:00,0.0,,uppsala,5f9fe38afd517828962fde29
4076,2019-10-17 20:00:00+00:00,0.0,,uppsala,5f9fe38afd517828962fde29
4077,2019-10-17 21:00:00+00:00,0.0,,uppsala,5f9fe38afd517828962fde29
4078,2019-10-17 22:00:00+00:00,0.0,,uppsala,5f9fe38afd517828962fde29
4079,2019-10-17 23:00:00+00:00,0.0,,uppsala,5f9fe38afd517828962fde29
4080,2019-10-18 00:00:00+00:00,0.0,,uppsala,5f9fe38afd517828962fde29
4081,2019-10-18 01:00:00+00:00,0.0,,uppsala,5f9fe38afd517828962fde29
4082,2019-10-18 02:00:00+00:00,0.0,,uppsala,5f9fe38afd517828962fde29
4083,2019-10-18 03:00:00+00:00,0.0,,uppsala,5f9fe38afd517828962fde29
4084,2019-10-18 04:00:00+00:00,0.0,,uppsala,5f9fe38afd517828962fde29
4085,2019-10-18 05:00:00+00:00,0.0,,uppsala,5f9fe38afd517828962fde29
4086,2019-10-18 06:00:00+00:00,0.0,,uppsala,5f9fe38afd517828962fde29
4087,2019-10-18 07:00:00+00:00,0.9,,uppsala,5f9fe38afd517828962fde29
4088,2019-10-18 08:00:00+00:00,1.7000000000000002,,uppsala,5f9fe38afd517828962fde29
4089,2019-10-18 09:00:00+00:00,4.7,,uppsala,5f9fe38afd517828962fde29
4090,2019-10-18 10:00:00+00:00,5.8,,uppsala,5f9fe38afd517828962fde29
4091,2019-10-18 11:00:00+00:00,5.8,,uppsala,5f9fe38afd517828962fde29
4092,2019-10-18 12:00:00+00:00,19.8,,uppsala,5f9fe38afd517828962fde29
4093,2019-10-18 13:00:00+00:00,5.3,,uppsala,5f9fe38afd517828962fde29
4094,2019-10-18 14:00:00+00:00,82.0,,uppsala,5f9fe38afd517828962fde29
4095,2019-10-18 15:00:00+00:00,32.9,,uppsala,5f9fe38afd517828962fde29
4096,2019-10-18 16:00:00+00:00,0.0,,uppsala,5f9fe38afd517828962fde29
4097,2019-10-18 17:00:00+00:00,0.0,,uppsala,5f9fe38afd517828962fde29
4098,2019-10-18 18:00:00+00:00,0.0,,uppsala,5f9fe38afd517828962fde29
4099,2019-10-18 19:00:00+00:00,0.0,,uppsala,5f9fe38afd517828962fde29
4100,2019-10-18 20:00:00+00:00,0.0,,uppsala,5f9fe38afd517828962fde29
4101,2019-10-18 21:00:00+00:00,0.0,,uppsala,5f9fe38afd517828962fde29
4102,2019-10-18 22:00:00+00:00,0.0,,uppsala,5f9fe38afd517828962fde29
4103,2019-10-18 23:00:00+00:00,0.0,,uppsala,5f9fe38afd517828962fde29
4104,2019-10-19 00:00:00+00:00,0.0,,uppsala,5f9fe38afd517828962fde29
4105,2019-10-19 01:00:00+00:00,0.0,,uppsala,5f9fe38afd517828962fde29
4106,2019-10-19 02:00:00+00:00,0.0,,uppsala,5f9fe38afd517828962fde29
4107,2019-10-19 03:00:00+00:00,0.0,,uppsala,5f9fe38afd517828962fde29
4108,2019-10-19 04:00:00+00:00,0.0,,uppsala,5f9fe38afd517828962fde29
4109,2019-10-19 05:00:00+00:00,0.0,,uppsala,5f9fe38afd517828962fde29
4110,2019-10-19 06:00:00+00:00,31.7,,uppsala,5f9fe38afd517828962fde29
4111,2019-10-19 07:00:00+00:00,38.0,,uppsala,5f9fe38afd517828962fde29
4112,2019-10-19 08:00:00+00:00,10.0,,uppsala,5f9fe38afd517828962fde29
4113,2019-10-19 09:00:00+00:00,11.1,,uppsala,5f9fe38afd517828962fde29
4114,2019-10-19 10:00:00+00:00,6.4,,uppsala,5f9fe38afd517828962fde29
4115,2019-10-19 11:00:00+00:00,75.4,,uppsala,5f9fe38afd517828962fde29
4116,2019-10-19 12:00:00+00:00,570.0,,uppsala,5f9fe38afd517828962fde29
4117,2019-10-19 13:00:00+00:00,574.5,,uppsala,5f9fe38afd517828962fde29
4118,2019-10-19 14:00:00+00:00,232.5,,uppsala,5f9fe38afd517828962fde29
4119,2019-10-19 15:00:00+00:00,141.0,,uppsala,5f9fe38afd517828962fde29
4120,2019-10-19 16:00:00+00:00,0.0,,uppsala,5f9fe38afd517828962fde29
4121,2019-10-19 17:00:00+00:00,0.0,,uppsala,5f9fe38afd517828962fde29
4122,2019-10-19 18:00:00+00:00,0.0,,uppsala,5f9fe38afd517828962fde29
4123,2019-10-19 19:00:00+00:00,0.0,,uppsala,5f9fe38afd517828962fde29
4124,2019-10-19 20:00:00+00:00,0.0,,uppsala,5f9fe38afd517828962fde29
4125,2019-10-19 21:00:00+00:00,0.0,,uppsala,5f9fe38afd517828962fde29
4126,2019-10-19 22:00:00+00:00,0.0,,uppsala,5f9fe38afd517828962fde29
4127,2019-10-19 23:00:00+00:00,0.0,,uppsala,5f9fe38afd517828962fde29
4128,2019-10-20 00:00:00+00:00,0.0,,uppsala,5f9fe38afd517828962fde29
4129,2019-10-20 01:00:00+00:00,0.0,,uppsala,5f9fe38afd517828962fde29
4130,2019-10-20 02:00:00+00:00,0.0,,uppsala,5f9fe38afd517828962fde29
4131,2019-10-20 03:00:00+00:00,0.0,,uppsala,5f9fe38afd517828962fde29
4132,2019-10-20 04:00:00+00:00,0.0,,uppsala,5f9fe38afd517828962fde29
4133,2019-10-20 05:00:00+00:00,0.0,,uppsala,5f9fe38afd517828962fde29
4134,2019-10-20 06:00:00+00:00,0.0,,uppsala,5f9fe38afd517828962fde29
4135,2019-10-20 07:00:00+00:00,1.2,,uppsala,5f9fe38afd517828962fde29
4136,2019-10-20 08:00:00+00:00,52.9,,uppsala,5f9fe38afd517828962fde29
4137,2019-10-20 09:00:00+00:00,7.2,,uppsala,5f9fe38afd517828962fde29
4138,2019-10-20 10:00:00+00:00,5.5,,uppsala,5f9fe38afd517828962fde29
4139,2019-10-20 11:00:00+00:00,3.5,,uppsala,5f9fe38afd517828962fde29
4140,2019-10-20 12:00:00+00:00,23.5,,uppsala,5f9fe38afd517828962fde29
4141,2019-10-20 13:00:00+00:00,28.3,,uppsala,5f9fe38afd517828962fde29
4142,2019-10-20 14:00:00+00:00,0.0,,uppsala,5f9fe38afd517828962fde29
4143,2019-10-20 15:00:00+00:00,0.0,,uppsala,5f9fe38afd517828962fde29
4144,2019-10-20 16:00:00+00:00,0.0,,uppsala,5f9fe38afd517828962fde29
4145,2019-10-20 17:00:00+00:00,0.0,,uppsala,5f9fe38afd517828962fde29
4146,2019-10-20 18:00:00+00:00,0.0,,uppsala,5f9fe38afd517828962fde29
4147,2019-10-20 19:00:00+00:00,0.0,,uppsala,5f9fe38afd517828962fde29
4148,2019-10-20 20:00:00+00:00,0.0,,uppsala,5f9fe38afd517828962fde29
4149,2019-10-20 21:00:00+00:00,0.0,,uppsala,5f9fe38afd517828962fde29
4150,2019-10-20 22:00:00+00:00,0.0,,uppsala,5f9fe38afd517828962fde29
4151,2019-10-20 23:00:00+00:00,0.0,,uppsala,5f9fe38afd517828962fde29
4152,2019-10-21 00:00:00+00:00,0.0,,uppsala,5f9fe38afd517828962fde29
4153,2019-10-21 01:00:00+00:00,0.0,,uppsala,5f9fe38afd517828962fde29
4154,2019-10-21 02:00:00+00:00,0.0,,uppsala,5f9fe38afd517828962fde29
4155,2019-10-21 03:00:00+00:00,0.0,,uppsala,5f9fe38afd517828962fde29
4156,2019-10-21 04:00:00+00:00,0.0,,uppsala,5f9fe38afd517828962fde29
4157,2019-10-21 05:00:00+00:00,0.0,,uppsala,5f9fe38afd517828962fde29
4158,2019-10-21 06:00:00+00:00,0.0,,uppsala,5f9fe38afd517828962fde29
4159,2019-10-21 07:00:00+00:00,12.8,,uppsala,5f9fe38afd517828962fde29
4160,2019-10-21 08:00:00+00:00,2.7,,uppsala,5f9fe38afd517828962fde29
4161,2019-10-21 09:00:00+00:00,5.8,,uppsala,5f9fe38afd517828962fde29
4162,2019-10-21 10:00:00+00:00,7.9,,uppsala,5f9fe38afd517828962fde29
4163,2019-10-21 11:00:00+00:00,7.4,,uppsala,5f9fe38afd517828962fde29
4164,2019-10-21 12:00:00+00:00,7.3,,uppsala,5f9fe38afd517828962fde29
4165,2019-10-21 13:00:00+00:00,3.4,,uppsala,5f9fe38afd517828962fde29
4166,2019-10-21 14:00:00+00:00,0.0,,uppsala,5f9fe38afd517828962fde29
4167,2019-10-21 15:00:00+00:00,0.0,,uppsala,5f9fe38afd517828962fde29
4168,2019-10-21 16:00:00+00:00,0.0,,uppsala,5f9fe38afd517828962fde29
4169,2019-10-21 17:00:00+00:00,0.0,,uppsala,5f9fe38afd517828962fde29
4170,2019-10-21 18:00:00+00:00,0.0,,uppsala,5f9fe38afd517828962fde29
4171,2019-10-21 19:00:00+00:00,0.0,,uppsala,5f9fe38afd517828962fde29
4172,2019-10-21 20:00:00+00:00,0.0,,uppsala,5f9fe38afd517828962fde29
4173,2019-10-21 21:00:00+00:00,0.0,,uppsala,5f9fe38afd517828962fde29
4174,2019-10-21 22:00:00+00:00,0.0,,uppsala,5f9fe38afd517828962fde29
4175,2019-10-21 23:00:00+00:00,0.0,,uppsala,5f9fe38afd517828962fde29
4176,2019-10-22 00:00:00+00:00,0.0,,uppsala,5f9fe38afd517828962fde29
4177,2019-10-22 01:00:00+00:00,0.0,,uppsala,5f9fe38afd517828962fde29
4178,2019-10-22 02:00:00+00:00,0.0,,uppsala,5f9fe38afd517828962fde29
4179,2019-10-22 03:00:00+00:00,0.0,,uppsala,5f9fe38afd517828962fde29
4180,2019-10-22 04:00:00+00:00,0.0,,uppsala,5f9fe38afd517828962fde29
4181,2019-10-22 05:00:00+00:00,0.0,,uppsala,5f9fe38afd517828962fde29
4182,2019-10-22 06:00:00+00:00,76.0,,uppsala,5f9fe38afd517828962fde29
4183,2019-10-22 07:00:00+00:00,493.7,,uppsala,5f9fe38afd517828962fde29
4184,2019-10-22 08:00:00+00:00,3.5,,uppsala,5f9fe38afd517828962fde29
4185,2019-10-22 09:00:00+00:00,5.3,,uppsala,5f9fe38afd517828962fde29
4186,2019-10-22 10:00:00+00:00,76.8,,uppsala,5f9fe38afd517828962fde29
4187,2019-10-22 11:00:00+00:00,364.7,,uppsala,5f9fe38afd517828962fde29
4188,2019-10-22 12:00:00+00:00,419.3,,uppsala,5f9fe38afd517828962fde29
4189,2019-10-22 13:00:00+00:00,3.5,,uppsala,5f9fe38afd517828962fde29
4190,2019-10-22 14:00:00+00:00,0.0,,uppsala,5f9fe38afd517828962fde29
4191,2019-10-22 15:00:00+00:00,5.1,,uppsala,5f9fe38afd517828962fde29
4192,2019-10-22 16:00:00+00:00,0.0,,uppsala,5f9fe38afd517828962fde29
4193,2019-10-22 17:00:00+00:00,0.0,,uppsala,5f9fe38afd517828962fde29
4194,2019-10-22 18:00:00+00:00,0.0,,uppsala,5f9fe38afd517828962fde29
4195,2019-10-22 19:00:00+00:00,0.0,,uppsala,5f9fe38afd517828962fde29
4196,2019-10-22 20:00:00+00:00,0.0,,uppsala,5f9fe38afd517828962fde29
4197,2019-10-22 21:00:00+00:00,0.0,,uppsala,5f9fe38afd517828962fde29
4198,2019-10-22 22:00:00+00:00,0.0,,uppsala,5f9fe38afd517828962fde29
4199,2019-10-22 23:00:00+00:00,0.0,,uppsala,5f9fe38afd517828962fde29
4200,2019-10-23 00:00:00+00:00,0.0,,uppsala,5f9fe38afd517828962fde29
4201,2019-10-23 01:00:00+00:00,0.0,,uppsala,5f9fe38afd517828962fde29
4202,2019-10-23 02:00:00+00:00,0.0,,uppsala,5f9fe38afd517828962fde29
4203,2019-10-23 03:00:00+00:00,0.0,,uppsala,5f9fe38afd517828962fde29
4204,2019-10-23 04:00:00+00:00,0.0,,uppsala,5f9fe38afd517828962fde29
4205,2019-10-23 05:00:00+00:00,0.0,,uppsala,5f9fe38afd517828962fde29
4206,2019-10-23 06:00:00+00:00,73.0,,uppsala,5f9fe38afd517828962fde29
4207,2019-10-23 07:00:00+00:00,493.4,,uppsala,5f9fe38afd517828962fde29
4208,2019-10-23 08:00:00+00:00,6.0,,uppsala,5f9fe38afd517828962fde29
4209,2019-10-23 09:00:00+00:00,13.1,,uppsala,5f9fe38afd517828962fde29
4210,2019-10-23 10:00:00+00:00,9.6,,uppsala,5f9fe38afd517828962fde29
4211,2019-10-23 11:00:00+00:00,5.6,,uppsala,5f9fe38afd517828962fde29
4212,2019-10-23 12:00:00+00:00,5.1,,uppsala,5f9fe38afd517828962fde29
4213,2019-10-23 13:00:00+00:00,2.5,,uppsala,5f9fe38afd517828962fde29
4214,2019-10-23 14:00:00+00:00,23.2,,uppsala,5f9fe38afd517828962fde29
4215,2019-10-23 15:00:00+00:00,0.0,,uppsala,5f9fe38afd517828962fde29
4216,2019-10-23 16:00:00+00:00,0.0,,uppsala,5f9fe38afd517828962fde29
4217,2019-10-23 17:00:00+00:00,0.0,,uppsala,5f9fe38afd517828962fde29
4218,2019-10-23 18:00:00+00:00,0.0,,uppsala,5f9fe38afd517828962fde29
4219,2019-10-23 19:00:00+00:00,0.0,,uppsala,5f9fe38afd517828962fde29
4220,2019-10-23 20:00:00+00:00,0.0,,uppsala,5f9fe38afd517828962fde29
4221,2019-10-23 21:00:00+00:00,0.0,,uppsala,5f9fe38afd517828962fde29
4222,2019-10-23 22:00:00+00:00,0.0,,uppsala,5f9fe38afd517828962fde29
4223,2019-10-23 23:00:00+00:00,0.0,,uppsala,5f9fe38afd517828962fde29
4224,2019-10-24 00:00:00+00:00,0.0,,uppsala,5f9fe38afd517828962fde29
4225,2019-10-24 01:00:00+00:00,0.0,,uppsala,5f9fe38afd517828962fde29
4226,2019-10-24 02:00:00+00:00,0.0,,uppsala,5f9fe38afd517828962fde29
4227,2019-10-24 03:00:00+00:00,0.0,,uppsala,5f9fe38afd517828962fde29
4228,2019-10-24 04:00:00+00:00,0.0,,uppsala,5f9fe38afd517828962fde29
4229,2019-10-24 05:00:00+00:00,0.0,,uppsala,5f9fe38afd517828962fde29
4230,2019-10-24 06:00:00+00:00,55.6,,uppsala,5f9fe38afd517828962fde29
4231,2019-10-24 07:00:00+00:00,68.2,,uppsala,5f9fe38afd517828962fde29
4232,2019-10-24 08:00:00+00:00,377.5,,uppsala,5f9fe38afd517828962fde29
4233,2019-10-24 09:00:00+00:00,33.3,,uppsala,5f9fe38afd517828962fde29
4234,2019-10-24 10:00:00+00:00,58.9,,uppsala,5f9fe38afd517828962fde29
4235,2019-10-24 11:00:00+00:00,36.7,,uppsala,5f9fe38afd517828962fde29
4236,2019-10-24 12:00:00+00:00,1.3,,uppsala,5f9fe38afd517828962fde29
4237,2019-10-24 13:00:00+00:00,11.8,,uppsala,5f9fe38afd517828962fde29
4238,2019-10-24 14:00:00+00:00,11.0,,uppsala,5f9fe38afd517828962fde29
4239,2019-10-24 15:00:00+00:00,0.0,,uppsala,5f9fe38afd517828962fde29
4240,2019-10-24 16:00:00+00:00,0.0,,uppsala,5f9fe38afd517828962fde29
4241,2019-10-24 17:00:00+00:00,0.0,,uppsala,5f9fe38afd517828962fde29
4242,2019-10-24 18:00:00+00:00,0.0,,uppsala,5f9fe38afd517828962fde29
4243,2019-10-24 19:00:00+00:00,0.0,,uppsala,5f9fe38afd517828962fde29
4244,2019-10-24 20:00:00+00:00,0.0,,uppsala,5f9fe38afd517828962fde29
4245,2019-10-24 21:00:00+00:00,0.0,,uppsala,5f9fe38afd517828962fde29
4246,2019-10-24 22:00:00+00:00,0.0,,uppsala,5f9fe38afd517828962fde29
4247,2019-10-24 23:00:00+00:00,0.0,,uppsala,5f9fe38afd517828962fde29
4248,2019-10-25 00:00:00+00:00,0.0,,uppsala,5f9fe38afd517828962fde29
4249,2019-10-25 01:00:00+00:00,0.0,,uppsala,5f9fe38afd517828962fde29
4250,2019-10-25 02:00:00+00:00,0.0,,uppsala,5f9fe38afd517828962fde29
4251,2019-10-25 03:00:00+00:00,0.0,,uppsala,5f9fe38afd517828962fde29
4252,2019-10-25 04:00:00+00:00,0.0,,uppsala,5f9fe38afd517828962fde29
4253,2019-10-25 05:00:00+00:00,0.0,,uppsala,5f9fe38afd517828962fde29
4254,2019-10-25 06:00:00+00:00,0.0,,uppsala,5f9fe38afd517828962fde29
4255,2019-10-25 07:00:00+00:00,0.0,,uppsala,5f9fe38afd517828962fde29
4256,2019-10-25 08:00:00+00:00,34.9,,uppsala,5f9fe38afd517828962fde29
4257,2019-10-25 09:00:00+00:00,41.7,,uppsala,5f9fe38afd517828962fde29
4258,2019-10-25 10:00:00+00:00,3.3,,uppsala,5f9fe38afd517828962fde29
4259,2019-10-25 11:00:00+00:00,212.9,,uppsala,5f9fe38afd517828962fde29
4260,2019-10-25 12:00:00+00:00,576.6,,uppsala,5f9fe38afd517828962fde29
4261,2019-10-25 13:00:00+00:00,550.4,,uppsala,5f9fe38afd517828962fde29
4262,2019-10-25 14:00:00+00:00,412.2,,uppsala,5f9fe38afd517828962fde29
4263,2019-10-25 15:00:00+00:00,55.4,,uppsala,5f9fe38afd517828962fde29
4264,2019-10-25 16:00:00+00:00,0.0,,uppsala,5f9fe38afd517828962fde29
4265,2019-10-25 17:00:00+00:00,0.0,,uppsala,5f9fe38afd517828962fde29
4266,2019-10-25 18:00:00+00:00,0.0,,uppsala,5f9fe38afd517828962fde29
4267,2019-10-25 19:00:00+00:00,0.0,,uppsala,5f9fe38afd517828962fde29
4268,2019-10-25 20:00:00+00:00,0.0,,uppsala,5f9fe38afd517828962fde29
4269,2019-10-25 21:00:00+00:00,0.0,,uppsala,5f9fe38afd517828962fde29
4270,2019-10-25 22:00:00+00:00,0.0,,uppsala,5f9fe38afd517828962fde29
4271,2019-10-25 23:00:00+00:00,0.0,,uppsala,5f9fe38afd517828962fde29
4272,2019-10-26 00:00:00+00:00,0.0,,uppsala,5f9fe38afd517828962fde29
4273,2019-10-26 01:00:00+00:00,0.0,,uppsala,5f9fe38afd517828962fde29
4274,2019-10-26 02:00:00+00:00,0.0,,uppsala,5f9fe38afd517828962fde29
4275,2019-10-26 03:00:00+00:00,0.0,,uppsala,5f9fe38afd517828962fde29
4276,2019-10-26 04:00:00+00:00,0.0,,uppsala,5f9fe38afd517828962fde29
4277,2019-10-26 05:00:00+00:00,0.0,,uppsala,5f9fe38afd517828962fde29
4278,2019-10-26 06:00:00+00:00,0.0,,uppsala,5f9fe38afd517828962fde29
4279,2019-10-26 07:00:00+00:00,0.0,,uppsala,5f9fe38afd517828962fde29
4280,2019-10-26 08:00:00+00:00,7.7,,uppsala,5f9fe38afd517828962fde29
4281,2019-10-26 09:00:00+00:00,3.5,,uppsala,5f9fe38afd517828962fde29
4282,2019-10-26 10:00:00+00:00,9.6,,uppsala,5f9fe38afd517828962fde29
4283,2019-10-26 11:00:00+00:00,5.7,,uppsala,5f9fe38afd517828962fde29
4284,2019-10-26 12:00:00+00:00,9.7,,uppsala,5f9fe38afd517828962fde29
4285,2019-10-26 13:00:00+00:00,2.5,,uppsala,5f9fe38afd517828962fde29
4286,2019-10-26 14:00:00+00:00,23.2,,uppsala,5f9fe38afd517828962fde29
4287,2019-10-26 15:00:00+00:00,0.0,,uppsala,5f9fe38afd517828962fde29
4288,2019-10-26 16:00:00+00:00,0.0,,uppsala,5f9fe38afd517828962fde29
4289,2019-10-26 17:00:00+00:00,0.0,,uppsala,5f9fe38afd517828962fde29
4290,2019-10-26 18:00:00+00:00,0.0,,uppsala,5f9fe38afd517828962fde29
4291,2019-10-26 19:00:00+00:00,0.0,,uppsala,5f9fe38afd517828962fde29
4292,2019-10-26 20:00:00+00:00,0.0,,uppsala,5f9fe38afd517828962fde29
4293,2019-10-26 21:00:00+00:00,0.0,,uppsala,5f9fe38afd517828962fde29
4294,2019-10-26 22:00:00+00:00,0.0,,uppsala,5f9fe38afd517828962fde29
4295,2019-10-26 23:00:00+00:00,0.0,,uppsala,5f9fe38afd517828962fde29
4296,2019-10-27 00:00:00+00:00,0.0,,uppsala,5f9fe38afd517828962fde29
4297,2019-10-27 01:00:00+00:00,0.0,,uppsala,5f9fe38afd517828962fde29
4298,2019-10-27 02:00:00+00:00,0.0,,uppsala,5f9fe38afd517828962fde29
4299,2019-10-27 03:00:00+00:00,0.0,,uppsala,5f9fe38afd517828962fde29
4300,2019-10-27 04:00:00+00:00,0.0,,uppsala,5f9fe38afd517828962fde29
4301,2019-10-27 05:00:00+00:00,0.0,,uppsala,5f9fe38afd517828962fde29
4302,2019-10-27 06:00:00+00:00,0.0,,uppsala,5f9fe38afd517828962fde29
4303,2019-10-27 07:00:00+00:00,42.9,,uppsala,5f9fe38afd517828962fde29
4304,2019-10-27 08:00:00+00:00,54.2,,uppsala,5f9fe38afd517828962fde29
4305,2019-10-27 09:00:00+00:00,4.2,,uppsala,5f9fe38afd517828962fde29
4306,2019-10-27 10:00:00+00:00,10.1,,uppsala,5f9fe38afd517828962fde29
4307,2019-10-27 11:00:00+00:00,23.0,,uppsala,5f9fe38afd517828962fde29
4308,2019-10-27 12:00:00+00:00,5.1,,uppsala,5f9fe38afd517828962fde29
4309,2019-10-27 13:00:00+00:00,13.5,,uppsala,5f9fe38afd517828962fde29
4310,2019-10-27 14:00:00+00:00,0.0,,uppsala,5f9fe38afd517828962fde29
4311,2019-10-27 15:00:00+00:00,2.2,,uppsala,5f9fe38afd517828962fde29
4312,2019-10-27 16:00:00+00:00,0.0,,uppsala,5f9fe38afd517828962fde29
4313,2019-10-27 17:00:00+00:00,0.0,,uppsala,5f9fe38afd517828962fde29
4314,2019-10-27 18:00:00+00:00,0.0,,uppsala,5f9fe38afd517828962fde29
4315,2019-10-27 19:00:00+00:00,0.0,,uppsala,5f9fe38afd517828962fde29
4316,2019-10-27 20:00:00+00:00,0.0,,uppsala,5f9fe38afd517828962fde29
4317,2019-10-27 21:00:00+00:00,0.0,,uppsala,5f9fe38afd517828962fde29
4318,2019-10-27 22:00:00+00:00,0.0,,uppsala,5f9fe38afd517828962fde29
4319,2019-10-27 23:00:00+00:00,0.0,,uppsala,5f9fe38afd517828962fde29
4320,2019-10-28 00:00:00+00:00,0.0,,uppsala,5f9fe38afd517828962fde29
4321,2019-10-28 01:00:00+00:00,0.0,,uppsala,5f9fe38afd517828962fde29
4322,2019-10-28 02:00:00+00:00,0.0,,uppsala,5f9fe38afd517828962fde29
4323,2019-10-28 03:00:00+00:00,0.0,,uppsala,5f9fe38afd517828962fde29
4324,2019-10-28 04:00:00+00:00,0.0,,uppsala,5f9fe38afd517828962fde29
4325,2019-10-28 05:00:00+00:00,0.0,,uppsala,5f9fe38afd517828962fde29
4326,2019-10-28 06:00:00+00:00,0.0,,uppsala,5f9fe38afd517828962fde29
4327,2019-10-28 07:00:00+00:00,388.3,,uppsala,5f9fe38afd517828962fde29
4328,2019-10-28 08:00:00+00:00,595.2,,uppsala,5f9fe38afd517828962fde29
4329,2019-10-28 09:00:00+00:00,684.2,,uppsala,5f9fe38afd517828962fde29
4330,2019-10-28 10:00:00+00:00,722.1,,uppsala,5f9fe38afd517828962fde29
4331,2019-10-28 11:00:00+00:00,734.4,,uppsala,5f9fe38afd517828962fde29
4332,2019-10-28 12:00:00+00:00,552.6,,uppsala,5f9fe38afd517828962fde29
4333,2019-10-28 13:00:00+00:00,454.4,,uppsala,5f9fe38afd517828962fde29
4334,2019-10-28 14:00:00+00:00,437.0,,uppsala,5f9fe38afd517828962fde29
4335,2019-10-28 15:00:00+00:00,0.2,,uppsala,5f9fe38afd517828962fde29
4336,2019-10-28 16:00:00+00:00,0.0,,uppsala,5f9fe38afd517828962fde29
4337,2019-10-28 17:00:00+00:00,0.0,,uppsala,5f9fe38afd517828962fde29
4338,2019-10-28 18:00:00+00:00,0.0,,uppsala,5f9fe38afd517828962fde29
4339,2019-10-28 19:00:00+00:00,0.0,,uppsala,5f9fe38afd517828962fde29
4340,2019-10-28 20:00:00+00:00,0.0,,uppsala,5f9fe38afd517828962fde29
4341,2019-10-28 21:00:00+00:00,0.0,,uppsala,5f9fe38afd517828962fde29
4342,2019-10-28 22:00:00+00:00,0.0,,uppsala,5f9fe38afd517828962fde29
4343,2019-10-28 23:00:00+00:00,0.0,,uppsala,5f9fe38afd517828962fde29
4344,2019-10-29 00:00:00+00:00,0.0,,uppsala,5f9fe38afd517828962fde29
4345,2019-10-29 01:00:00+00:00,0.0,,uppsala,5f9fe38afd517828962fde29
4346,2019-10-29 02:00:00+00:00,0.0,,uppsala,5f9fe38afd517828962fde29
4347,2019-10-29 03:00:00+00:00,0.0,,uppsala,5f9fe38afd517828962fde29
4348,2019-10-29 04:00:00+00:00,0.0,,uppsala,5f9fe38afd517828962fde29
4349,2019-10-29 05:00:00+00:00,0.0,,uppsala,5f9fe38afd517828962fde29
4350,2019-10-29 06:00:00+00:00,0.0,,uppsala,5f9fe38afd517828962fde29
4351,2019-10-29 07:00:00+00:00,453.9,,uppsala,5f9fe38afd517828962fde29
4352,2019-10-29 08:00:00+00:00,648.9,,uppsala,5f9fe38afd517828962fde29
4353,2019-10-29 09:00:00+00:00,732.0,,uppsala,5f9fe38afd517828962fde29
4354,2019-10-29 10:00:00+00:00,785.3,,uppsala,5f9fe38afd517828962fde29
4355,2019-10-29 11:00:00+00:00,784.2,,uppsala,5f9fe38afd517828962fde29
4356,2019-10-29 12:00:00+00:00,774.0,,uppsala,5f9fe38afd517828962fde29
4357,2019-10-29 13:00:00+00:00,696.1,,uppsala,5f9fe38afd517828962fde29
4358,2019-10-29 14:00:00+00:00,78.4,,uppsala,5f9fe38afd517828962fde29
4359,2019-10-29 15:00:00+00:00,0.0,,uppsala,5f9fe38afd517828962fde29
4360,2019-10-29 16:00:00+00:00,0.0,,uppsala,5f9fe38afd517828962fde29
4361,2019-10-29 17:00:00+00:00,0.0,,uppsala,5f9fe38afd517828962fde29
4362,2019-10-29 18:00:00+00:00,0.0,,uppsala,5f9fe38afd517828962fde29
4363,2019-10-29 19:00:00+00:00,0.0,,uppsala,5f9fe38afd517828962fde29
4364,2019-10-29 20:00:00+00:00,0.0,,uppsala,5f9fe38afd517828962fde29
4365,2019-10-29 21:00:00+00:00,0.0,,uppsala,5f9fe38afd517828962fde29
4366,2019-10-29 22:00:00+00:00,0.0,,uppsala,5f9fe38afd517828962fde29
4367,2019-10-29 23:00:00+00:00,0.0,,uppsala,5f9fe38afd517828962fde29
4368,2019-10-30 00:00:00+00:00,0.0,,uppsala,5f9fe38afd517828962fde29
4369,2019-10-30 01:00:00+00:00,0.0,,uppsala,5f9fe38afd517828962fde29
4370,2019-10-30 02:00:00+00:00,0.0,,uppsala,5f9fe38afd517828962fde29
4371,2019-10-30 03:00:00+00:00,0.0,,uppsala,5f9fe38afd517828962fde29
4372,2019-10-30 04:00:00+00:00,0.0,,uppsala,5f9fe38afd517828962fde29
4373,2019-10-30 05:00:00+00:00,0.0,,uppsala,5f9fe38afd517828962fde29
4374,2019-10-30 06:00:00+00:00,0.0,,uppsala,5f9fe38afd517828962fde29
4375,2019-10-30 07:00:00+00:00,0.0,,uppsala,5f9fe38afd517828962fde29
4376,2019-10-30 08:00:00+00:00,78.4,,uppsala,5f9fe38afd517828962fde29
4377,2019-10-30 09:00:00+00:00,294.7,,uppsala,5f9fe38afd517828962fde29
4378,2019-10-30 10:00:00+00:00,685.7,,uppsala,5f9fe38afd517828962fde29
4379,2019-10-30 11:00:00+00:00,724.2,,uppsala,5f9fe38afd517828962fde29
4380,2019-10-30 12:00:00+00:00,685.8,,uppsala,5f9fe38afd517828962fde29
4381,2019-10-30 13:00:00+00:00,575.0,,uppsala,5f9fe38afd517828962fde29
4382,2019-10-30 14:00:00+00:00,117.2,,uppsala,5f9fe38afd517828962fde29
4383,2019-10-30 15:00:00+00:00,0.0,,uppsala,5f9fe38afd517828962fde29
4384,2019-10-30 16:00:00+00:00,0.0,,uppsala,5f9fe38afd517828962fde29
4385,2019-10-30 17:00:00+00:00,0.0,,uppsala,5f9fe38afd517828962fde29
4386,2019-10-30 18:00:00+00:00,0.0,,uppsala,5f9fe38afd517828962fde29
4387,2019-10-30 19:00:00+00:00,0.0,,uppsala,5f9fe38afd517828962fde29
4388,2019-10-30 20:00:00+00:00,0.0,,uppsala,5f9fe38afd517828962fde29
4389,2019-10-30 21:00:00+00:00,0.0,,uppsala,5f9fe38afd517828962fde29
4390,2019-10-30 22:00:00+00:00,0.0,,uppsala,5f9fe38afd517828962fde29
4391,2019-10-30 23:00:00+00:00,0.0,,uppsala,5f9fe38afd517828962fde29
4392,2019-10-31 00:00:00+00:00,0.0,,uppsala,5f9fe38afd517828962fde29
4393,2019-10-31 01:00:00+00:00,0.0,,uppsala,5f9fe38afd517828962fde29
4394,2019-10-31 02:00:00+00:00,0.0,,uppsala,5f9fe38afd517828962fde29
4395,2019-10-31 03:00:00+00:00,0.0,,uppsala,5f9fe38afd517828962fde29
4396,2019-10-31 04:00:00+00:00,0.0,,uppsala,5f9fe38afd517828962fde29
4397,2019-10-31 05:00:00+00:00,0.0,,uppsala,5f9fe38afd517828962fde29
4398,2019-10-31 06:00:00+00:00,0.0,,uppsala,5f9fe38afd517828962fde29
4399,2019-10-31 07:00:00+00:00,257.4,,uppsala,5f9fe38afd517828962fde29
4400,2019-10-31 08:00:00+00:00,408.5,,uppsala,5f9fe38afd517828962fde29
4401,2019-10-31 09:00:00+00:00,654.5,,uppsala,5f9fe38afd517828962fde29
4402,2019-10-31 10:00:00+00:00,713.6,,uppsala,5f9fe38afd517828962fde29
4403,2019-10-31 11:00:00+00:00,721.7,,uppsala,5f9fe38afd517828962fde29
4404,2019-10-31 12:00:00+00:00,706.1,,uppsala,5f9fe38afd517828962fde29
4405,2019-10-31 13:00:00+00:00,610.9,,uppsala,5f9fe38afd517828962fde29
4406,2019-10-31 14:00:00+00:00,404.4,,uppsala,5f9fe38afd517828962fde29
4407,2019-10-31 15:00:00+00:00,0.0,,uppsala,5f9fe38afd517828962fde29
4408,2019-10-31 16:00:00+00:00,0.0,,uppsala,5f9fe38afd517828962fde29
4409,2019-10-31 17:00:00+00:00,0.0,,uppsala,5f9fe38afd517828962fde29
4410,2019-10-31 18:00:00+00:00,0.0,,uppsala,5f9fe38afd517828962fde29
4411,2019-10-31 19:00:00+00:00,0.0,,uppsala,5f9fe38afd517828962fde29
4412,2019-10-31 20:00:00+00:00,0.0,,uppsala,5f9fe38afd517828962fde29
4413,2019-10-31 21:00:00+00:00,0.0,,uppsala,5f9fe38afd517828962fde29
4414,2019-10-31 22:00:00+00:00,0.0,,uppsala,5f9fe38afd517828962fde29
4415,2019-10-31 23:00:00+00:00,0.0,,uppsala,5f9fe38afd517828962fde29
4416,2019-11-01 00:00:00+00:00,0.0,,uppsala,5f9fe38afd517828962fde29
4417,2019-11-01 01:00:00+00:00,0.0,,uppsala,5f9fe38afd517828962fde29
4418,2019-11-01 02:00:00+00:00,0.0,,uppsala,5f9fe38afd517828962fde29
4419,2019-11-01 03:00:00+00:00,0.0,,uppsala,5f9fe38afd517828962fde29
4420,2019-11-01 04:00:00+00:00,0.0,,uppsala,5f9fe38afd517828962fde29
4421,2019-11-01 05:00:00+00:00,0.0,,uppsala,5f9fe38afd517828962fde29
4422,2019-11-01 06:00:00+00:00,0.0,,uppsala,5f9fe38afd517828962fde29
4423,2019-11-01 07:00:00+00:00,0.0,,uppsala,5f9fe38afd517828962fde29
4424,2019-11-01 08:00:00+00:00,6.1,,uppsala,5f9fe38afd517828962fde29
4425,2019-11-01 09:00:00+00:00,34.6,,uppsala,5f9fe38afd517828962fde29
4426,2019-11-01 10:00:00+00:00,669.9,,uppsala,5f9fe38afd517828962fde29
4427,2019-11-01 11:00:00+00:00,26.0,,uppsala,5f9fe38afd517828962fde29
4428,2019-11-01 12:00:00+00:00,160.3,,uppsala,5f9fe38afd517828962fde29
4429,2019-11-01 13:00:00+00:00,5.1,,uppsala,5f9fe38afd517828962fde29
4430,2019-11-01 14:00:00+00:00,0.0,,uppsala,5f9fe38afd517828962fde29
4431,2019-11-01 15:00:00+00:00,0.0,,uppsala,5f9fe38afd517828962fde29
4432,2019-11-01 16:00:00+00:00,0.0,,uppsala,5f9fe38afd517828962fde29
4433,2019-11-01 17:00:00+00:00,0.0,,uppsala,5f9fe38afd517828962fde29
4434,2019-11-01 18:00:00+00:00,0.0,,uppsala,5f9fe38afd517828962fde29
4435,2019-11-01 19:00:00+00:00,0.0,,uppsala,5f9fe38afd517828962fde29
4436,2019-11-01 20:00:00+00:00,0.0,,uppsala,5f9fe38afd517828962fde29
4437,2019-11-01 21:00:00+00:00,0.0,,uppsala,5f9fe38afd517828962fde29
4438,2019-11-01 22:00:00+00:00,0.0,,uppsala,5f9fe38afd517828962fde29
4439,2019-11-01 23:00:00+00:00,0.0,,uppsala,5f9fe38afd517828962fde29
4440,2019-11-02 00:00:00+00:00,0.0,,uppsala,5f9fe38afd517828962fde29
4441,2019-11-02 01:00:00+00:00,0.0,,uppsala,5f9fe38afd517828962fde29
4442,2019-11-02 02:00:00+00:00,0.0,,uppsala,5f9fe38afd517828962fde29
4443,2019-11-02 03:00:00+00:00,0.0,,uppsala,5f9fe38afd517828962fde29
4444,2019-11-02 04:00:00+00:00,0.0,,uppsala,5f9fe38afd517828962fde29
4445,2019-11-02 05:00:00+00:00,0.0,,uppsala,5f9fe38afd517828962fde29
4446,2019-11-02 06:00:00+00:00,0.0,,uppsala,5f9fe38afd517828962fde29
4447,2019-11-02 07:00:00+00:00,0.0,,uppsala,5f9fe38afd517828962fde29
4448,2019-11-02 08:00:00+00:00,9.8,,uppsala,5f9fe38afd517828962fde29
4449,2019-11-02 09:00:00+00:00,362.0,,uppsala,5f9fe38afd517828962fde29
4450,2019-11-02 10:00:00+00:00,16.9,,uppsala,5f9fe38afd517828962fde29
4451,2019-11-02 11:00:00+00:00,2.1,,uppsala,5f9fe38afd517828962fde29
4452,2019-11-02 12:00:00+00:00,376.4,,uppsala,5f9fe38afd517828962fde29
4453,2019-11-02 13:00:00+00:00,158.8,,uppsala,5f9fe38afd517828962fde29
4454,2019-11-02 14:00:00+00:00,3.1,,uppsala,5f9fe38afd517828962fde29
4455,2019-11-02 15:00:00+00:00,0.0,,uppsala,5f9fe38afd517828962fde29
4456,2019-11-02 16:00:00+00:00,0.0,,uppsala,5f9fe38afd517828962fde29
4457,2019-11-02 17:00:00+00:00,0.0,,uppsala,5f9fe38afd517828962fde29
4458,2019-11-02 18:00:00+00:00,0.0,,uppsala,5f9fe38afd517828962fde29
4459,2019-11-02 19:00:00+00:00,0.0,,uppsala,5f9fe38afd517828962fde29
4460,2019-11-02 20:00:00+00:00,0.0,,uppsala,5f9fe38afd517828962fde29
4461,2019-11-02 21:00:00+00:00,0.0,,uppsala,5f9fe38afd517828962fde29
4462,2019-11-02 22:00:00+00:00,0.0,,uppsala,5f9fe38afd517828962fde29
4463,2019-11-02 23:00:00+00:00,0.0,,uppsala,5f9fe38afd517828962fde29
4464,2019-11-03 00:00:00+00:00,0.0,,uppsala,5f9fe38afd517828962fde29
4465,2019-11-03 01:00:00+00:00,0.0,,uppsala,5f9fe38afd517828962fde29
4466,2019-11-03 02:00:00+00:00,0.0,,uppsala,5f9fe38afd517828962fde29
4467,2019-11-03 03:00:00+00:00,0.0,,uppsala,5f9fe38afd517828962fde29
4468,2019-11-03 04:00:00+00:00,0.0,,uppsala,5f9fe38afd517828962fde29
4469,2019-11-03 05:00:00+00:00,0.0,,uppsala,5f9fe38afd517828962fde29
4470,2019-11-03 06:00:00+00:00,0.0,,uppsala,5f9fe38afd517828962fde29
4471,2019-11-03 07:00:00+00:00,207.1,,uppsala,5f9fe38afd517828962fde29
4472,2019-11-03 08:00:00+00:00,547.6,,uppsala,5f9fe38afd517828962fde29
4473,2019-11-03 09:00:00+00:00,675.7,,uppsala,5f9fe38afd517828962fde29
4474,2019-11-03 10:00:00+00:00,719.8,,uppsala,5f9fe38afd517828962fde29
4475,2019-11-03 11:00:00+00:00,305.1,,uppsala,5f9fe38afd517828962fde29
4476,2019-11-03 12:00:00+00:00,24.8,,uppsala,5f9fe38afd517828962fde29
4477,2019-11-03 13:00:00+00:00,5.5,,uppsala,5f9fe38afd517828962fde29
4478,2019-11-03 14:00:00+00:00,154.8,,uppsala,5f9fe38afd517828962fde29
4479,2019-11-03 15:00:00+00:00,0.0,,uppsala,5f9fe38afd517828962fde29
4480,2019-11-03 16:00:00+00:00,0.0,,uppsala,5f9fe38afd517828962fde29
4481,2019-11-03 17:00:00+00:00,0.0,,uppsala,5f9fe38afd517828962fde29
4482,2019-11-03 18:00:00+00:00,0.0,,uppsala,5f9fe38afd517828962fde29
4483,2019-11-03 19:00:00+00:00,0.0,,uppsala,5f9fe38afd517828962fde29
4484,2019-11-03 20:00:00+00:00,0.0,,uppsala,5f9fe38afd517828962fde29
4485,2019-11-03 21:00:00+00:00,0.0,,uppsala,5f9fe38afd517828962fde29
4486,2019-11-03 22:00:00+00:00,0.0,,uppsala,5f9fe38afd517828962fde29
4487,2019-11-03 23:00:00+00:00,0.0,,uppsala,5f9fe38afd517828962fde29
4488,2019-11-04 00:00:00+00:00,0.0,,uppsala,5f9fe38afd517828962fde29
4489,2019-11-04 01:00:00+00:00,0.0,,uppsala,5f9fe38afd517828962fde29
4490,2019-11-04 02:00:00+00:00,0.0,,uppsala,5f9fe38afd517828962fde29
4491,2019-11-04 03:00:00+00:00,0.0,,uppsala,5f9fe38afd517828962fde29
4492,2019-11-04 04:00:00+00:00,0.0,,uppsala,5f9fe38afd517828962fde29
4493,2019-11-04 05:00:00+00:00,0.0,,uppsala,5f9fe38afd517828962fde29
4494,2019-11-04 06:00:00+00:00,0.0,,uppsala,5f9fe38afd517828962fde29
4495,2019-11-04 07:00:00+00:00,335.0,,uppsala,5f9fe38afd517828962fde29
4496,2019-11-04 08:00:00+00:00,591.0,,uppsala,5f9fe38afd517828962fde29
4497,2019-11-04 09:00:00+00:00,696.8,,uppsala,5f9fe38afd517828962fde29
4498,2019-11-04 10:00:00+00:00,745.6,,uppsala,5f9fe38afd517828962fde29
4499,2019-11-04 11:00:00+00:00,749.6,,uppsala,5f9fe38afd517828962fde29
4500,2019-11-04 12:00:00+00:00,734.9,,uppsala,5f9fe38afd517828962fde29
4501,2019-11-04 13:00:00+00:00,642.2,,uppsala,5f9fe38afd517828962fde29
4502,2019-11-04 14:00:00+00:00,414.3,,uppsala,5f9fe38afd517828962fde29
4503,2019-11-04 15:00:00+00:00,0.0,,uppsala,5f9fe38afd517828962fde29
4504,2019-11-04 16:00:00+00:00,0.0,,uppsala,5f9fe38afd517828962fde29
4505,2019-11-04 17:00:00+00:00,0.0,,uppsala,5f9fe38afd517828962fde29
4506,2019-11-04 18:00:00+00:00,0.0,,uppsala,5f9fe38afd517828962fde29
4507,2019-11-04 19:00:00+00:00,0.0,,uppsala,5f9fe38afd517828962fde29
4508,2019-11-04 20:00:00+00:00,0.0,,uppsala,5f9fe38afd517828962fde29
4509,2019-11-04 21:00:00+00:00,0.0,,uppsala,5f9fe38afd517828962fde29
4510,2019-11-04 22:00:00+00:00,0.0,,uppsala,5f9fe38afd517828962fde29
4511,2019-11-04 23:00:00+00:00,0.0,,uppsala,5f9fe38afd517828962fde29
4512,2019-11-05 00:00:00+00:00,0.0,,uppsala,5f9fe38afd517828962fde29
4513,2019-11-05 01:00:00+00:00,0.0,,uppsala,5f9fe38afd517828962fde29
4514,2019-11-05 02:00:00+00:00,0.0,,uppsala,5f9fe38afd517828962fde29
4515,2019-11-05 03:00:00+00:00,0.0,,uppsala,5f9fe38afd517828962fde29
4516,2019-11-05 04:00:00+00:00,0.0,,uppsala,5f9fe38afd517828962fde29
4517,2019-11-05 05:00:00+00:00,0.0,,uppsala,5f9fe38afd517828962fde29
4518,2019-11-05 06:00:00+00:00,0.0,,uppsala,5f9fe38afd517828962fde29
4519,2019-11-05 07:00:00+00:00,330.4,,uppsala,5f9fe38afd517828962fde29
4520,2019-11-05 08:00:00+00:00,600.7,,uppsala,5f9fe38afd517828962fde29
4521,2019-11-05 09:00:00+00:00,709.2,,uppsala,5f9fe38afd517828962fde29
4522,2019-11-05 10:00:00+00:00,776.6,,uppsala,5f9fe38afd517828962fde29
4523,2019-11-05 11:00:00+00:00,778.0,,uppsala,5f9fe38afd517828962fde29
4524,2019-11-05 12:00:00+00:00,737.9,,uppsala,5f9fe38afd517828962fde29
4525,2019-11-05 13:00:00+00:00,635.5,,uppsala,5f9fe38afd517828962fde29
4526,2019-11-05 14:00:00+00:00,397.0,,uppsala,5f9fe38afd517828962fde29
4527,2019-11-05 15:00:00+00:00,0.0,,uppsala,5f9fe38afd517828962fde29
4528,2019-11-05 16:00:00+00:00,0.0,,uppsala,5f9fe38afd517828962fde29
4529,2019-11-05 17:00:00+00:00,0.0,,uppsala,5f9fe38afd517828962fde29
4530,2019-11-05 18:00:00+00:00,0.0,,uppsala,5f9fe38afd517828962fde29
4531,2019-11-05 19:00:00+00:00,0.0,,uppsala,5f9fe38afd517828962fde29
4532,2019-11-05 20:00:00+00:00,0.0,,uppsala,5f9fe38afd517828962fde29
4533,2019-11-05 21:00:00+00:00,0.0,,uppsala,5f9fe38afd517828962fde29
4534,2019-11-05 22:00:00+00:00,0.0,,uppsala,5f9fe38afd517828962fde29
4535,2019-11-05 23:00:00+00:00,0.0,,uppsala,5f9fe38afd517828962fde29
4536,2019-11-06 00:00:00+00:00,0.0,,uppsala,5f9fe38afd517828962fde29
4537,2019-11-06 01:00:00+00:00,0.0,,uppsala,5f9fe38afd517828962fde29
4538,2019-11-06 02:00:00+00:00,0.0,,uppsala,5f9fe38afd517828962fde29
4539,2019-11-06 03:00:00+00:00,0.0,,uppsala,5f9fe38afd517828962fde29
4540,2019-11-06 04:00:00+00:00,0.0,,uppsala,5f9fe38afd517828962fde29
4541,2019-11-06 05:00:00+00:00,0.0,,uppsala,5f9fe38afd517828962fde29
4542,2019-11-06 06:00:00+00:00,0.0,,uppsala,5f9fe38afd517828962fde29
4543,2019-11-06 07:00:00+00:00,310.5,,uppsala,5f9fe38afd517828962fde29
4544,2019-11-06 08:00:00+00:00,599.1,,uppsala,5f9fe38afd517828962fde29
4545,2019-11-06 09:00:00+00:00,730.3,,uppsala,5f9fe38afd517828962fde29
4546,2019-11-06 10:00:00+00:00,774.0,,uppsala,5f9fe38afd517828962fde29
4547,2019-11-06 11:00:00+00:00,773.2,,uppsala,5f9fe38afd517828962fde29
4548,2019-11-06 12:00:00+00:00,729.9,,uppsala,5f9fe38afd517828962fde29
4549,2019-11-06 13:00:00+00:00,274.8,,uppsala,5f9fe38afd517828962fde29
4550,2019-11-06 14:00:00+00:00,10.6,,uppsala,5f9fe38afd517828962fde29
4551,2019-11-06 15:00:00+00:00,0.0,,uppsala,5f9fe38afd517828962fde29
4552,2019-11-06 16:00:00+00:00,0.0,,uppsala,5f9fe38afd517828962fde29
4553,2019-11-06 17:00:00+00:00,0.0,,uppsala,5f9fe38afd517828962fde29
4554,2019-11-06 18:00:00+00:00,0.0,,uppsala,5f9fe38afd517828962fde29
4555,2019-11-06 19:00:00+00:00,0.0,,uppsala,5f9fe38afd517828962fde29
4556,2019-11-06 20:00:00+00:00,0.0,,uppsala,5f9fe38afd517828962fde29
4557,2019-11-06 21:00:00+00:00,0.0,,uppsala,5f9fe38afd517828962fde29
4558,2019-11-06 22:00:00+00:00,0.0,,uppsala,5f9fe38afd517828962fde29
4559,2019-11-06 23:00:00+00:00,0.0,,uppsala,5f9fe38afd517828962fde29
4560,2019-11-07 00:00:00+00:00,0.0,,uppsala,5f9fe38afd517828962fde29
4561,2019-11-07 01:00:00+00:00,0.0,,uppsala,5f9fe38afd517828962fde29
4562,2019-11-07 02:00:00+00:00,0.0,,uppsala,5f9fe38afd517828962fde29
4563,2019-11-07 03:00:00+00:00,0.0,,uppsala,5f9fe38afd517828962fde29
4564,2019-11-07 04:00:00+00:00,0.0,,uppsala,5f9fe38afd517828962fde29
4565,2019-11-07 05:00:00+00:00,0.0,,uppsala,5f9fe38afd517828962fde29
4566,2019-11-07 06:00:00+00:00,0.0,,uppsala,5f9fe38afd517828962fde29
4567,2019-11-07 07:00:00+00:00,213.2,,uppsala,5f9fe38afd517828962fde29
4568,2019-11-07 08:00:00+00:00,1.8,,uppsala,5f9fe38afd517828962fde29
4569,2019-11-07 09:00:00+00:00,2.9,,uppsala,5f9fe38afd517828962fde29
4570,2019-11-07 10:00:00+00:00,8.9,,uppsala,5f9fe38afd517828962fde29
4571,2019-11-07 11:00:00+00:00,7.7,,uppsala,5f9fe38afd517828962fde29
4572,2019-11-07 12:00:00+00:00,7.7,,uppsala,5f9fe38afd517828962fde29
4573,2019-11-07 13:00:00+00:00,2.6,,uppsala,5f9fe38afd517828962fde29
4574,2019-11-07 14:00:00+00:00,0.0,,uppsala,5f9fe38afd517828962fde29
4575,2019-11-07 15:00:00+00:00,0.0,,uppsala,5f9fe38afd517828962fde29
4576,2019-11-07 16:00:00+00:00,0.0,,uppsala,5f9fe38afd517828962fde29
4577,2019-11-07 17:00:00+00:00,0.0,,uppsala,5f9fe38afd517828962fde29
4578,2019-11-07 18:00:00+00:00,0.0,,uppsala,5f9fe38afd517828962fde29
4579,2019-11-07 19:00:00+00:00,0.0,,uppsala,5f9fe38afd517828962fde29
4580,2019-11-07 20:00:00+00:00,0.0,,uppsala,5f9fe38afd517828962fde29
4581,2019-11-07 21:00:00+00:00,0.0,,uppsala,5f9fe38afd517828962fde29
4582,2019-11-07 22:00:00+00:00,0.0,,uppsala,5f9fe38afd517828962fde29
4583,2019-11-07 23:00:00+00:00,0.0,,uppsala,5f9fe38afd517828962fde29
4584,2019-11-08 00:00:00+00:00,0.0,,uppsala,5f9fe38afd517828962fde29
4585,2019-11-08 01:00:00+00:00,0.0,,uppsala,5f9fe38afd517828962fde29
4586,2019-11-08 02:00:00+00:00,0.0,,uppsala,5f9fe38afd517828962fde29
4587,2019-11-08 03:00:00+00:00,0.0,,uppsala,5f9fe38afd517828962fde29
4588,2019-11-08 04:00:00+00:00,0.0,,uppsala,5f9fe38afd517828962fde29
4589,2019-11-08 05:00:00+00:00,0.0,,uppsala,5f9fe38afd517828962fde29
4590,2019-11-08 06:00:00+00:00,0.0,,uppsala,5f9fe38afd517828962fde29
4591,2019-11-08 07:00:00+00:00,13.7,,uppsala,5f9fe38afd517828962fde29
4592,2019-11-08 08:00:00+00:00,0.0,,uppsala,5f9fe38afd517828962fde29
4593,2019-11-08 09:00:00+00:00,15.8,,uppsala,5f9fe38afd517828962fde29
4594,2019-11-08 10:00:00+00:00,5.0,,uppsala,5f9fe38afd517828962fde29
4595,2019-11-08 11:00:00+00:00,75.5,,uppsala,5f9fe38afd517828962fde29
4596,2019-11-08 12:00:00+00:00,11.5,,uppsala,5f9fe38afd517828962fde29
4597,2019-11-08 13:00:00+00:00,0.0,,uppsala,5f9fe38afd517828962fde29
4598,2019-11-08 14:00:00+00:00,0.0,,uppsala,5f9fe38afd517828962fde29
4599,2019-11-08 15:00:00+00:00,0.0,,uppsala,5f9fe38afd517828962fde29
4600,2019-11-08 16:00:00+00:00,0.0,,uppsala,5f9fe38afd517828962fde29
4601,2019-11-08 17:00:00+00:00,0.0,,uppsala,5f9fe38afd517828962fde29
4602,2019-11-08 18:00:00+00:00,0.0,,uppsala,5f9fe38afd517828962fde29
4603,2019-11-08 19:00:00+00:00,0.0,,uppsala,5f9fe38afd517828962fde29
4604,2019-11-08 20:00:00+00:00,0.0,,uppsala,5f9fe38afd517828962fde29
4605,2019-11-08 21:00:00+00:00,0.0,,uppsala,5f9fe38afd517828962fde29
4606,2019-11-08 22:00:00+00:00,0.0,,uppsala,5f9fe38afd517828962fde29
4607,2019-11-08 23:00:00+00:00,0.0,,uppsala,5f9fe38afd517828962fde29
4608,2019-11-09 00:00:00+00:00,0.0,,uppsala,5f9fe38afd517828962fde29
4609,2019-11-09 01:00:00+00:00,0.0,,uppsala,5f9fe38afd517828962fde29
4610,2019-11-09 02:00:00+00:00,0.0,,uppsala,5f9fe38afd517828962fde29
4611,2019-11-09 03:00:00+00:00,0.0,,uppsala,5f9fe38afd517828962fde29
4612,2019-11-09 04:00:00+00:00,0.0,,uppsala,5f9fe38afd517828962fde29
4613,2019-11-09 05:00:00+00:00,0.0,,uppsala,5f9fe38afd517828962fde29
4614,2019-11-09 06:00:00+00:00,0.0,,uppsala,5f9fe38afd517828962fde29
4615,2019-11-09 07:00:00+00:00,0.0,,uppsala,5f9fe38afd517828962fde29
4616,2019-11-09 08:00:00+00:00,0.0,,uppsala,5f9fe38afd517828962fde29
4617,2019-11-09 09:00:00+00:00,0.5,,uppsala,5f9fe38afd517828962fde29
4618,2019-11-09 10:00:00+00:00,2.4,,uppsala,5f9fe38afd517828962fde29
4619,2019-11-09 11:00:00+00:00,2.5,,uppsala,5f9fe38afd517828962fde29
4620,2019-11-09 12:00:00+00:00,1.0,,uppsala,5f9fe38afd517828962fde29
4621,2019-11-09 13:00:00+00:00,6.2,,uppsala,5f9fe38afd517828962fde29
4622,2019-11-09 14:00:00+00:00,0.0,,uppsala,5f9fe38afd517828962fde29
4623,2019-11-09 15:00:00+00:00,0.0,,uppsala,5f9fe38afd517828962fde29
4624,2019-11-09 16:00:00+00:00,0.0,,uppsala,5f9fe38afd517828962fde29
4625,2019-11-09 17:00:00+00:00,0.0,,uppsala,5f9fe38afd517828962fde29
4626,2019-11-09 18:00:00+00:00,0.0,,uppsala,5f9fe38afd517828962fde29
4627,2019-11-09 19:00:00+00:00,0.0,,uppsala,5f9fe38afd517828962fde29
4628,2019-11-09 20:00:00+00:00,0.0,,uppsala,5f9fe38afd517828962fde29
4629,2019-11-09 21:00:00+00:00,0.0,,uppsala,5f9fe38afd517828962fde29
4630,2019-11-09 22:00:00+00:00,0.0,,uppsala,5f9fe38afd517828962fde29
4631,2019-11-09 23:00:00+00:00,0.0,,uppsala,5f9fe38afd517828962fde29
4632,2019-11-10 00:00:00+00:00,0.0,,uppsala,5f9fe38afd517828962fde29
4633,2019-11-10 01:00:00+00:00,0.0,,uppsala,5f9fe38afd517828962fde29
4634,2019-11-10 02:00:00+00:00,0.0,,uppsala,5f9fe38afd517828962fde29
4635,2019-11-10 03:00:00+00:00,0.0,,uppsala,5f9fe38afd517828962fde29
4636,2019-11-10 04:00:00+00:00,0.0,,uppsala,5f9fe38afd517828962fde29
4637,2019-11-10 05:00:00+00:00,0.0,,uppsala,5f9fe38afd517828962fde29
4638,2019-11-10 06:00:00+00:00,0.0,,uppsala,5f9fe38afd517828962fde29
4639,2019-11-10 07:00:00+00:00,0.0,,uppsala,5f9fe38afd517828962fde29
4640,2019-11-10 08:00:00+00:00,0.0,,uppsala,5f9fe38afd517828962fde29
4641,2019-11-10 09:00:00+00:00,11.9,,uppsala,5f9fe38afd517828962fde29
4642,2019-11-10 10:00:00+00:00,25.7,,uppsala,5f9fe38afd517828962fde29
4643,2019-11-10 11:00:00+00:00,3.7,,uppsala,5f9fe38afd517828962fde29
4644,2019-11-10 12:00:00+00:00,2.1,,uppsala,5f9fe38afd517828962fde29
4645,2019-11-10 13:00:00+00:00,0.0,,uppsala,5f9fe38afd517828962fde29
4646,2019-11-10 14:00:00+00:00,0.0,,uppsala,5f9fe38afd517828962fde29
4647,2019-11-10 15:00:00+00:00,0.0,,uppsala,5f9fe38afd517828962fde29
4648,2019-11-10 16:00:00+00:00,0.0,,uppsala,5f9fe38afd517828962fde29
4649,2019-11-10 17:00:00+00:00,0.0,,uppsala,5f9fe38afd517828962fde29
4650,2019-11-10 18:00:00+00:00,0.0,,uppsala,5f9fe38afd517828962fde29
4651,2019-11-10 19:00:00+00:00,0.0,,uppsala,5f9fe38afd517828962fde29
4652,2019-11-10 20:00:00+00:00,0.0,,uppsala,5f9fe38afd517828962fde29
4653,2019-11-10 21:00:00+00:00,0.0,,uppsala,5f9fe38afd517828962fde29
4654,2019-11-10 22:00:00+00:00,0.0,,uppsala,5f9fe38afd517828962fde29
4655,2019-11-10 23:00:00+00:00,0.0,,uppsala,5f9fe38afd517828962fde29
4656,2019-11-11 00:00:00+00:00,0.0,,uppsala,5f9fe38afd517828962fde29
4657,2019-11-11 01:00:00+00:00,0.0,,uppsala,5f9fe38afd517828962fde29
4658,2019-11-11 02:00:00+00:00,0.0,,uppsala,5f9fe38afd517828962fde29
4659,2019-11-11 03:00:00+00:00,0.0,,uppsala,5f9fe38afd517828962fde29
4660,2019-11-11 04:00:00+00:00,0.0,,uppsala,5f9fe38afd517828962fde29
4661,2019-11-11 05:00:00+00:00,0.0,,uppsala,5f9fe38afd517828962fde29
4662,2019-11-11 06:00:00+00:00,0.0,,uppsala,5f9fe38afd517828962fde29
4663,2019-11-11 07:00:00+00:00,105.2,,uppsala,5f9fe38afd517828962fde29
4664,2019-11-11 08:00:00+00:00,215.7,,uppsala,5f9fe38afd517828962fde29
4665,2019-11-11 09:00:00+00:00,41.6,,uppsala,5f9fe38afd517828962fde29
4666,2019-11-11 10:00:00+00:00,4.5,,uppsala,5f9fe38afd517828962fde29
4667,2019-11-11 11:00:00+00:00,21.3,,uppsala,5f9fe38afd517828962fde29
4668,2019-11-11 12:00:00+00:00,397.6,,uppsala,5f9fe38afd517828962fde29
4669,2019-11-11 13:00:00+00:00,0.0,,uppsala,5f9fe38afd517828962fde29
4670,2019-11-11 14:00:00+00:00,0.0,,uppsala,5f9fe38afd517828962fde29
4671,2019-11-11 15:00:00+00:00,0.0,,uppsala,5f9fe38afd517828962fde29
4672,2019-11-11 16:00:00+00:00,0.0,,uppsala,5f9fe38afd517828962fde29
4673,2019-11-11 17:00:00+00:00,0.0,,uppsala,5f9fe38afd517828962fde29
4674,2019-11-11 18:00:00+00:00,0.0,,uppsala,5f9fe38afd517828962fde29
4675,2019-11-11 19:00:00+00:00,0.0,,uppsala,5f9fe38afd517828962fde29
4676,2019-11-11 20:00:00+00:00,0.0,,uppsala,5f9fe38afd517828962fde29
4677,2019-11-11 21:00:00+00:00,0.0,,uppsala,5f9fe38afd517828962fde29
4678,2019-11-11 22:00:00+00:00,0.0,,uppsala,5f9fe38afd517828962fde29
4679,2019-11-11 23:00:00+00:00,0.0,,uppsala,5f9fe38afd517828962fde29
4680,2019-11-12 00:00:00+00:00,0.0,,uppsala,5f9fe38afd517828962fde29
4681,2019-11-12 01:00:00+00:00,0.0,,uppsala,5f9fe38afd517828962fde29
4682,2019-11-12 02:00:00+00:00,0.0,,uppsala,5f9fe38afd517828962fde29
4683,2019-11-12 03:00:00+00:00,0.0,,uppsala,5f9fe38afd517828962fde29
4684,2019-11-12 04:00:00+00:00,0.0,,uppsala,5f9fe38afd517828962fde29
4685,2019-11-12 05:00:00+00:00,0.0,,uppsala,5f9fe38afd517828962fde29
4686,2019-11-12 06:00:00+00:00,0.0,,uppsala,5f9fe38afd517828962fde29
4687,2019-11-12 07:00:00+00:00,0.0,,uppsala,5f9fe38afd517828962fde29
4688,2019-11-12 08:00:00+00:00,53.5,,uppsala,5f9fe38afd517828962fde29
4689,2019-11-12 09:00:00+00:00,0.0,,uppsala,5f9fe38afd517828962fde29
4690,2019-11-12 10:00:00+00:00,3.5,,uppsala,5f9fe38afd517828962fde29
4691,2019-11-12 11:00:00+00:00,0.30000000000000004,,uppsala,5f9fe38afd517828962fde29
4692,2019-11-12 12:00:00+00:00,2.6,,uppsala,5f9fe38afd517828962fde29
4693,2019-11-12 13:00:00+00:00,10.4,,uppsala,5f9fe38afd517828962fde29
4694,2019-11-12 14:00:00+00:00,0.0,,uppsala,5f9fe38afd517828962fde29
4695,2019-11-12 15:00:00+00:00,0.0,,uppsala,5f9fe38afd517828962fde29
4696,2019-11-12 16:00:00+00:00,0.0,,uppsala,5f9fe38afd517828962fde29
4697,2019-11-12 17:00:00+00:00,0.0,,uppsala,5f9fe38afd517828962fde29
4698,2019-11-12 18:00:00+00:00,0.0,,uppsala,5f9fe38afd517828962fde29
4699,2019-11-12 19:00:00+00:00,0.0,,uppsala,5f9fe38afd517828962fde29
4700,2019-11-12 20:00:00+00:00,0.0,,uppsala,5f9fe38afd517828962fde29
4701,2019-11-12 21:00:00+00:00,0.0,,uppsala,5f9fe38afd517828962fde29
4702,2019-11-12 22:00:00+00:00,0.0,,uppsala,5f9fe38afd517828962fde29
4703,2019-11-12 23:00:00+00:00,0.0,,uppsala,5f9fe38afd517828962fde29
4704,2019-11-13 00:00:00+00:00,0.0,,uppsala,5f9fe38afd517828962fde29
4705,2019-11-13 01:00:00+00:00,0.0,,uppsala,5f9fe38afd517828962fde29
4706,2019-11-13 02:00:00+00:00,0.0,,uppsala,5f9fe38afd517828962fde29
4707,2019-11-13 03:00:00+00:00,0.0,,uppsala,5f9fe38afd517828962fde29
4708,2019-11-13 04:00:00+00:00,0.0,,uppsala,5f9fe38afd517828962fde29
4709,2019-11-13 05:00:00+00:00,0.0,,uppsala,5f9fe38afd517828962fde29
4710,2019-11-13 06:00:00+00:00,0.0,,uppsala,5f9fe38afd517828962fde29
4711,2019-11-13 07:00:00+00:00,0.0,,uppsala,5f9fe38afd517828962fde29
4712,2019-11-13 08:00:00+00:00,137.2,,uppsala,5f9fe38afd517828962fde29
4713,2019-11-13 09:00:00+00:00,1.6,,uppsala,5f9fe38afd517828962fde29
4714,2019-11-13 10:00:00+00:00,10.3,,uppsala,5f9fe38afd517828962fde29
4715,2019-11-13 11:00:00+00:00,1.0,,uppsala,5f9fe38afd517828962fde29
4716,2019-11-13 12:00:00+00:00,0.0,,uppsala,5f9fe38afd517828962fde29
4717,2019-11-13 13:00:00+00:00,0.0,,uppsala,5f9fe38afd517828962fde29
4718,2019-11-13 14:00:00+00:00,0.0,,uppsala,5f9fe38afd517828962fde29
4719,2019-11-13 15:00:00+00:00,0.0,,uppsala,5f9fe38afd517828962fde29
4720,2019-11-13 16:00:00+00:00,0.0,,uppsala,5f9fe38afd517828962fde29
4721,2019-11-13 17:00:00+00:00,0.0,,uppsala,5f9fe38afd517828962fde29
4722,2019-11-13 18:00:00+00:00,0.0,,uppsala,5f9fe38afd517828962fde29
4723,2019-11-13 19:00:00+00:00,0.0,,uppsala,5f9fe38afd517828962fde29
4724,2019-11-13 20:00:00+00:00,0.0,,uppsala,5f9fe38afd517828962fde29
4725,2019-11-13 21:00:00+00:00,0.0,,uppsala,5f9fe38afd517828962fde29
4726,2019-11-13 22:00:00+00:00,0.0,,uppsala,5f9fe38afd517828962fde29
4727,2019-11-13 23:00:00+00:00,0.0,,uppsala,5f9fe38afd517828962fde29
4728,2019-11-14 00:00:00+00:00,0.0,,uppsala,5f9fe38afd517828962fde29
4729,2019-11-14 01:00:00+00:00,0.0,,uppsala,5f9fe38afd517828962fde29
4730,2019-11-14 02:00:00+00:00,0.0,,uppsala,5f9fe38afd517828962fde29
4731,2019-11-14 03:00:00+00:00,0.0,,uppsala,5f9fe38afd517828962fde29
4732,2019-11-14 04:00:00+00:00,0.0,,uppsala,5f9fe38afd517828962fde29
4733,2019-11-14 05:00:00+00:00,0.0,,uppsala,5f9fe38afd517828962fde29
4734,2019-11-14 06:00:00+00:00,0.0,,uppsala,5f9fe38afd517828962fde29
4735,2019-11-14 07:00:00+00:00,0.0,,uppsala,5f9fe38afd517828962fde29
4736,2019-11-14 08:00:00+00:00,0.30000000000000004,,uppsala,5f9fe38afd517828962fde29
4737,2019-11-14 09:00:00+00:00,3.7,,uppsala,5f9fe38afd517828962fde29
4738,2019-11-14 10:00:00+00:00,9.9,,uppsala,5f9fe38afd517828962fde29
4739,2019-11-14 11:00:00+00:00,10.7,,uppsala,5f9fe38afd517828962fde29
4740,2019-11-14 12:00:00+00:00,7.7,,uppsala,5f9fe38afd517828962fde29
4741,2019-11-14 13:00:00+00:00,1.3,,uppsala,5f9fe38afd517828962fde29
4742,2019-11-14 14:00:00+00:00,0.0,,uppsala,5f9fe38afd517828962fde29
4743,2019-11-14 15:00:00+00:00,0.0,,uppsala,5f9fe38afd517828962fde29
4744,2019-11-14 16:00:00+00:00,0.0,,uppsala,5f9fe38afd517828962fde29
4745,2019-11-14 17:00:00+00:00,0.0,,uppsala,5f9fe38afd517828962fde29
4746,2019-11-14 18:00:00+00:00,0.0,,uppsala,5f9fe38afd517828962fde29
4747,2019-11-14 19:00:00+00:00,0.0,,uppsala,5f9fe38afd517828962fde29
4748,2019-11-14 20:00:00+00:00,0.0,,uppsala,5f9fe38afd517828962fde29
4749,2019-11-14 21:00:00+00:00,0.0,,uppsala,5f9fe38afd517828962fde29
4750,2019-11-14 22:00:00+00:00,0.0,,uppsala,5f9fe38afd517828962fde29
4751,2019-11-14 23:00:00+00:00,0.0,,uppsala,5f9fe38afd517828962fde29
4752,2019-11-15 00:00:00+00:00,0.0,,uppsala,5f9fe38afd517828962fde29
4753,2019-11-15 01:00:00+00:00,0.0,,uppsala,5f9fe38afd517828962fde29
4754,2019-11-15 02:00:00+00:00,0.0,,uppsala,5f9fe38afd517828962fde29
4755,2019-11-15 03:00:00+00:00,0.0,,uppsala,5f9fe38afd517828962fde29
4756,2019-11-15 04:00:00+00:00,0.0,,uppsala,5f9fe38afd517828962fde29
4757,2019-11-15 05:00:00+00:00,0.0,,uppsala,5f9fe38afd517828962fde29
4758,2019-11-15 06:00:00+00:00,0.0,,uppsala,5f9fe38afd517828962fde29
4759,2019-11-15 07:00:00+00:00,0.0,,uppsala,5f9fe38afd517828962fde29
4760,2019-11-15 08:00:00+00:00,0.0,,uppsala,5f9fe38afd517828962fde29
4761,2019-11-15 09:00:00+00:00,3.3,,uppsala,5f9fe38afd517828962fde29
4762,2019-11-15 10:00:00+00:00,2.5,,uppsala,5f9fe38afd517828962fde29
4763,2019-11-15 11:00:00+00:00,2.6,,uppsala,5f9fe38afd517828962fde29
4764,2019-11-15 12:00:00+00:00,0.7000000000000001,,uppsala,5f9fe38afd517828962fde29
4765,2019-11-15 13:00:00+00:00,0.0,,uppsala,5f9fe38afd517828962fde29
4766,2019-11-15 14:00:00+00:00,0.0,,uppsala,5f9fe38afd517828962fde29
4767,2019-11-15 15:00:00+00:00,0.0,,uppsala,5f9fe38afd517828962fde29
4768,2019-11-15 16:00:00+00:00,0.0,,uppsala,5f9fe38afd517828962fde29
4769,2019-11-15 17:00:00+00:00,0.0,,uppsala,5f9fe38afd517828962fde29
4770,2019-11-15 18:00:00+00:00,0.0,,uppsala,5f9fe38afd517828962fde29
4771,2019-11-15 19:00:00+00:00,0.0,,uppsala,5f9fe38afd517828962fde29
4772,2019-11-15 20:00:00+00:00,0.0,,uppsala,5f9fe38afd517828962fde29
4773,2019-11-15 21:00:00+00:00,0.0,,uppsala,5f9fe38afd517828962fde29
4774,2019-11-15 22:00:00+00:00,0.0,,uppsala,5f9fe38afd517828962fde29
4775,2019-11-15 23:00:00+00:00,0.0,,uppsala,5f9fe38afd517828962fde29
4776,2019-11-16 00:00:00+00:00,0.0,,uppsala,5f9fe38afd517828962fde29
4777,2019-11-16 01:00:00+00:00,0.0,,uppsala,5f9fe38afd517828962fde29
4778,2019-11-16 02:00:00+00:00,0.0,,uppsala,5f9fe38afd517828962fde29
4779,2019-11-16 03:00:00+00:00,0.0,,uppsala,5f9fe38afd517828962fde29
4780,2019-11-16 04:00:00+00:00,0.0,,uppsala,5f9fe38afd517828962fde29
4781,2019-11-16 05:00:00+00:00,0.0,,uppsala,5f9fe38afd517828962fde29
4782,2019-11-16 06:00:00+00:00,0.0,,uppsala,5f9fe38afd517828962fde29
4783,2019-11-16 07:00:00+00:00,0.0,,uppsala,5f9fe38afd517828962fde29
4784,2019-11-16 08:00:00+00:00,0.0,,uppsala,5f9fe38afd517828962fde29
4785,2019-11-16 09:00:00+00:00,0.0,,uppsala,5f9fe38afd517828962fde29
4786,2019-11-16 10:00:00+00:00,0.5,,uppsala,5f9fe38afd517828962fde29
4787,2019-11-16 11:00:00+00:00,0.5,,uppsala,5f9fe38afd517828962fde29
4788,2019-11-16 12:00:00+00:00,0.0,,uppsala,5f9fe38afd517828962fde29
4789,2019-11-16 13:00:00+00:00,0.0,,uppsala,5f9fe38afd517828962fde29
4790,2019-11-16 14:00:00+00:00,0.0,,uppsala,5f9fe38afd517828962fde29
4791,2019-11-16 15:00:00+00:00,0.0,,uppsala,5f9fe38afd517828962fde29
4792,2019-11-16 16:00:00+00:00,0.0,,uppsala,5f9fe38afd517828962fde29
4793,2019-11-16 17:00:00+00:00,0.0,,uppsala,5f9fe38afd517828962fde29
4794,2019-11-16 18:00:00+00:00,0.0,,uppsala,5f9fe38afd517828962fde29
4795,2019-11-16 19:00:00+00:00,0.0,,uppsala,5f9fe38afd517828962fde29
4796,2019-11-16 20:00:00+00:00,0.0,,uppsala,5f9fe38afd517828962fde29
4797,2019-11-16 21:00:00+00:00,0.0,,uppsala,5f9fe38afd517828962fde29
4798,2019-11-16 22:00:00+00:00,0.0,,uppsala,5f9fe38afd517828962fde29
4799,2019-11-16 23:00:00+00:00,0.0,,uppsala,5f9fe38afd517828962fde29
4800,2019-11-17 00:00:00+00:00,0.0,,uppsala,5f9fe38afd517828962fde29
4801,2019-11-17 01:00:00+00:00,0.0,,uppsala,5f9fe38afd517828962fde29
4802,2019-11-17 02:00:00+00:00,0.0,,uppsala,5f9fe38afd517828962fde29
4803,2019-11-17 03:00:00+00:00,0.0,,uppsala,5f9fe38afd517828962fde29
4804,2019-11-17 04:00:00+00:00,0.0,,uppsala,5f9fe38afd517828962fde29
4805,2019-11-17 05:00:00+00:00,0.0,,uppsala,5f9fe38afd517828962fde29
4806,2019-11-17 06:00:00+00:00,0.0,,uppsala,5f9fe38afd517828962fde29
4807,2019-11-17 07:00:00+00:00,0.0,,uppsala,5f9fe38afd517828962fde29
4808,2019-11-17 08:00:00+00:00,0.0,,uppsala,5f9fe38afd517828962fde29
4809,2019-11-17 09:00:00+00:00,0.0,,uppsala,5f9fe38afd517828962fde29
4810,2019-11-17 10:00:00+00:00,11.9,,uppsala,5f9fe38afd517828962fde29
4811,2019-11-17 11:00:00+00:00,18.6,,uppsala,5f9fe38afd517828962fde29
4812,2019-11-17 12:00:00+00:00,0.0,,uppsala,5f9fe38afd517828962fde29
4813,2019-11-17 13:00:00+00:00,5.5,,uppsala,5f9fe38afd517828962fde29
4814,2019-11-17 14:00:00+00:00,0.0,,uppsala,5f9fe38afd517828962fde29
4815,2019-11-17 15:00:00+00:00,0.0,,uppsala,5f9fe38afd517828962fde29
4816,2019-11-17 16:00:00+00:00,0.0,,uppsala,5f9fe38afd517828962fde29
4817,2019-11-17 17:00:00+00:00,0.0,,uppsala,5f9fe38afd517828962fde29
4818,2019-11-17 18:00:00+00:00,0.0,,uppsala,5f9fe38afd517828962fde29
4819,2019-11-17 19:00:00+00:00,0.0,,uppsala,5f9fe38afd517828962fde29
4820,2019-11-17 20:00:00+00:00,0.0,,uppsala,5f9fe38afd517828962fde29
4821,2019-11-17 21:00:00+00:00,0.0,,uppsala,5f9fe38afd517828962fde29
4822,2019-11-17 22:00:00+00:00,0.0,,uppsala,5f9fe38afd517828962fde29
4823,2019-11-17 23:00:00+00:00,0.0,,uppsala,5f9fe38afd517828962fde29
4824,2019-11-18 00:00:00+00:00,0.0,,uppsala,5f9fe38afd517828962fde29
4825,2019-11-18 01:00:00+00:00,0.0,,uppsala,5f9fe38afd517828962fde29
4826,2019-11-18 02:00:00+00:00,0.0,,uppsala,5f9fe38afd517828962fde29
4827,2019-11-18 03:00:00+00:00,0.0,,uppsala,5f9fe38afd517828962fde29
4828,2019-11-18 04:00:00+00:00,0.0,,uppsala,5f9fe38afd517828962fde29
4829,2019-11-18 05:00:00+00:00,0.0,,uppsala,5f9fe38afd517828962fde29
4830,2019-11-18 06:00:00+00:00,0.0,,uppsala,5f9fe38afd517828962fde29
4831,2019-11-18 07:00:00+00:00,0.0,,uppsala,5f9fe38afd517828962fde29
4832,2019-11-18 08:00:00+00:00,0.0,,uppsala,5f9fe38afd517828962fde29
4833,2019-11-18 09:00:00+00:00,0.0,,uppsala,5f9fe38afd517828962fde29
4834,2019-11-18 10:00:00+00:00,0.0,,uppsala,5f9fe38afd517828962fde29
4835,2019-11-18 11:00:00+00:00,0.0,,uppsala,5f9fe38afd517828962fde29
4836,2019-11-18 12:00:00+00:00,0.0,,uppsala,5f9fe38afd517828962fde29
4837,2019-11-18 13:00:00+00:00,0.0,,uppsala,5f9fe38afd517828962fde29
4838,2019-11-18 14:00:00+00:00,0.0,,uppsala,5f9fe38afd517828962fde29
4839,2019-11-18 15:00:00+00:00,0.0,,uppsala,5f9fe38afd517828962fde29
4840,2019-11-18 16:00:00+00:00,0.0,,uppsala,5f9fe38afd517828962fde29
4841,2019-11-18 17:00:00+00:00,0.0,,uppsala,5f9fe38afd517828962fde29
4842,2019-11-18 18:00:00+00:00,0.0,,uppsala,5f9fe38afd517828962fde29
4843,2019-11-18 19:00:00+00:00,0.0,,uppsala,5f9fe38afd517828962fde29
4844,2019-11-18 20:00:00+00:00,0.0,,uppsala,5f9fe38afd517828962fde29
4845,2019-11-18 21:00:00+00:00,0.0,,uppsala,5f9fe38afd517828962fde29
4846,2019-11-18 22:00:00+00:00,0.0,,uppsala,5f9fe38afd517828962fde29
4847,2019-11-18 23:00:00+00:00,0.0,,uppsala,5f9fe38afd517828962fde29
4848,2019-11-19 00:00:00+00:00,0.0,,uppsala,5f9fe38afd517828962fde29
4849,2019-11-19 01:00:00+00:00,0.0,,uppsala,5f9fe38afd517828962fde29
4850,2019-11-19 02:00:00+00:00,0.0,,uppsala,5f9fe38afd517828962fde29
4851,2019-11-19 03:00:00+00:00,0.0,,uppsala,5f9fe38afd517828962fde29
4852,2019-11-19 04:00:00+00:00,0.0,,uppsala,5f9fe38afd517828962fde29
4853,2019-11-19 05:00:00+00:00,0.0,,uppsala,5f9fe38afd517828962fde29
4854,2019-11-19 06:00:00+00:00,0.0,,uppsala,5f9fe38afd517828962fde29
4855,2019-11-19 07:00:00+00:00,0.0,,uppsala,5f9fe38afd517828962fde29
4856,2019-11-19 08:00:00+00:00,0.0,,uppsala,5f9fe38afd517828962fde29
4857,2019-11-19 09:00:00+00:00,0.0,,uppsala,5f9fe38afd517828962fde29
4858,2019-11-19 10:00:00+00:00,24.0,,uppsala,5f9fe38afd517828962fde29
4859,2019-11-19 11:00:00+00:00,530.1,,uppsala,5f9fe38afd517828962fde29
4860,2019-11-19 12:00:00+00:00,543.6,,uppsala,5f9fe38afd517828962fde29
4861,2019-11-19 13:00:00+00:00,136.0,,uppsala,5f9fe38afd517828962fde29
4862,2019-11-19 14:00:00+00:00,0.1,,uppsala,5f9fe38afd517828962fde29
4863,2019-11-19 15:00:00+00:00,0.0,,uppsala,5f9fe38afd517828962fde29
4864,2019-11-19 16:00:00+00:00,0.0,,uppsala,5f9fe38afd517828962fde29
4865,2019-11-19 17:00:00+00:00,0.0,,uppsala,5f9fe38afd517828962fde29
4866,2019-11-19 18:00:00+00:00,0.0,,uppsala,5f9fe38afd517828962fde29
4867,2019-11-19 19:00:00+00:00,0.0,,uppsala,5f9fe38afd517828962fde29
4868,2019-11-19 20:00:00+00:00,0.0,,uppsala,5f9fe38afd517828962fde29
4869,2019-11-19 21:00:00+00:00,0.0,,uppsala,5f9fe38afd517828962fde29
4870,2019-11-19 22:00:00+00:00,0.0,,uppsala,5f9fe38afd517828962fde29
4871,2019-11-19 23:00:00+00:00,0.0,,uppsala,5f9fe38afd517828962fde29
4872,2019-11-20 00:00:00+00:00,0.0,,uppsala,5f9fe38afd517828962fde29
4873,2019-11-20 01:00:00+00:00,0.0,,uppsala,5f9fe38afd517828962fde29
4874,2019-11-20 02:00:00+00:00,0.0,,uppsala,5f9fe38afd517828962fde29
4875,2019-11-20 03:00:00+00:00,0.0,,uppsala,5f9fe38afd517828962fde29
4876,2019-11-20 04:00:00+00:00,0.0,,uppsala,5f9fe38afd517828962fde29
4877,2019-11-20 05:00:00+00:00,0.0,,uppsala,5f9fe38afd517828962fde29
4878,2019-11-20 06:00:00+00:00,0.0,,uppsala,5f9fe38afd517828962fde29
4879,2019-11-20 07:00:00+00:00,0.0,,uppsala,5f9fe38afd517828962fde29
4880,2019-11-20 08:00:00+00:00,89.3,,uppsala,5f9fe38afd517828962fde29
4881,2019-11-20 09:00:00+00:00,55.7,,uppsala,5f9fe38afd517828962fde29
4882,2019-11-20 10:00:00+00:00,17.5,,uppsala,5f9fe38afd517828962fde29
4883,2019-11-20 11:00:00+00:00,19.4,,uppsala,5f9fe38afd517828962fde29
4884,2019-11-20 12:00:00+00:00,112.9,,uppsala,5f9fe38afd517828962fde29
4885,2019-11-20 13:00:00+00:00,50.6,,uppsala,5f9fe38afd517828962fde29
4886,2019-11-20 14:00:00+00:00,26.2,,uppsala,5f9fe38afd517828962fde29
4887,2019-11-20 15:00:00+00:00,0.0,,uppsala,5f9fe38afd517828962fde29
4888,2019-11-20 16:00:00+00:00,0.0,,uppsala,5f9fe38afd517828962fde29
4889,2019-11-20 17:00:00+00:00,0.0,,uppsala,5f9fe38afd517828962fde29
4890,2019-11-20 18:00:00+00:00,0.0,,uppsala,5f9fe38afd517828962fde29
4891,2019-11-20 19:00:00+00:00,0.0,,uppsala,5f9fe38afd517828962fde29
4892,2019-11-20 20:00:00+00:00,0.0,,uppsala,5f9fe38afd517828962fde29
4893,2019-11-20 21:00:00+00:00,0.0,,uppsala,5f9fe38afd517828962fde29
4894,2019-11-20 22:00:00+00:00,0.0,,uppsala,5f9fe38afd517828962fde29
4895,2019-11-20 23:00:00+00:00,0.0,,uppsala,5f9fe38afd517828962fde29
4896,2019-11-21 00:00:00+00:00,0.0,,uppsala,5f9fe38afd517828962fde29
4897,2019-11-21 01:00:00+00:00,0.0,,uppsala,5f9fe38afd517828962fde29
4898,2019-11-21 02:00:00+00:00,0.0,,uppsala,5f9fe38afd517828962fde29
4899,2019-11-21 03:00:00+00:00,0.0,,uppsala,5f9fe38afd517828962fde29
4900,2019-11-21 04:00:00+00:00,0.0,,uppsala,5f9fe38afd517828962fde29
4901,2019-11-21 05:00:00+00:00,0.0,,uppsala,5f9fe38afd517828962fde29
4902,2019-11-21 06:00:00+00:00,0.0,,uppsala,5f9fe38afd517828962fde29
4903,2019-11-21 07:00:00+00:00,0.0,,uppsala,5f9fe38afd517828962fde29
4904,2019-11-21 08:00:00+00:00,0.0,,uppsala,5f9fe38afd517828962fde29
4905,2019-11-21 09:00:00+00:00,0.0,,uppsala,5f9fe38afd517828962fde29
4906,2019-11-21 10:00:00+00:00,0.0,,uppsala,5f9fe38afd517828962fde29
4907,2019-11-21 11:00:00+00:00,12.2,,uppsala,5f9fe38afd517828962fde29
4908,2019-11-21 12:00:00+00:00,0.0,,uppsala,5f9fe38afd517828962fde29
4909,2019-11-21 13:00:00+00:00,0.0,,uppsala,5f9fe38afd517828962fde29
4910,2019-11-21 14:00:00+00:00,0.0,,uppsala,5f9fe38afd517828962fde29
4911,2019-11-21 15:00:00+00:00,0.0,,uppsala,5f9fe38afd517828962fde29
4912,2019-11-21 16:00:00+00:00,0.0,,uppsala,5f9fe38afd517828962fde29
4913,2019-11-21 17:00:00+00:00,0.0,,uppsala,5f9fe38afd517828962fde29
4914,2019-11-21 18:00:00+00:00,0.0,,uppsala,5f9fe38afd517828962fde29
4915,2019-11-21 19:00:00+00:00,0.0,,uppsala,5f9fe38afd517828962fde29
4916,2019-11-21 20:00:00+00:00,0.0,,uppsala,5f9fe38afd517828962fde29
4917,2019-11-21 21:00:00+00:00,0.0,,uppsala,5f9fe38afd517828962fde29
4918,2019-11-21 22:00:00+00:00,0.0,,uppsala,5f9fe38afd517828962fde29
4919,2019-11-21 23:00:00+00:00,0.0,,uppsala,5f9fe38afd517828962fde29
4920,2019-11-22 00:00:00+00:00,0.0,,uppsala,5f9fe38afd517828962fde29
4921,2019-11-22 01:00:00+00:00,0.0,,uppsala,5f9fe38afd517828962fde29
4922,2019-11-22 02:00:00+00:00,0.0,,uppsala,5f9fe38afd517828962fde29
4923,2019-11-22 03:00:00+00:00,0.0,,uppsala,5f9fe38afd517828962fde29
4924,2019-11-22 04:00:00+00:00,0.0,,uppsala,5f9fe38afd517828962fde29
4925,2019-11-22 05:00:00+00:00,0.0,,uppsala,5f9fe38afd517828962fde29
4926,2019-11-22 06:00:00+00:00,0.0,,uppsala,5f9fe38afd517828962fde29
4927,2019-11-22 07:00:00+00:00,0.0,,uppsala,5f9fe38afd517828962fde29
4928,2019-11-22 08:00:00+00:00,0.0,,uppsala,5f9fe38afd517828962fde29
4929,2019-11-22 09:00:00+00:00,0.0,,uppsala,5f9fe38afd517828962fde29
4930,2019-11-22 10:00:00+00:00,0.0,,uppsala,5f9fe38afd517828962fde29
4931,2019-11-22 11:00:00+00:00,0.0,,uppsala,5f9fe38afd517828962fde29
4932,2019-11-22 12:00:00+00:00,0.0,,uppsala,5f9fe38afd517828962fde29
4933,2019-11-22 13:00:00+00:00,0.0,,uppsala,5f9fe38afd517828962fde29
4934,2019-11-22 14:00:00+00:00,0.0,,uppsala,5f9fe38afd517828962fde29
4935,2019-11-22 15:00:00+00:00,0.0,,uppsala,5f9fe38afd517828962fde29
4936,2019-11-22 16:00:00+00:00,0.0,,uppsala,5f9fe38afd517828962fde29
4937,2019-11-22 17:00:00+00:00,0.0,,uppsala,5f9fe38afd517828962fde29
4938,2019-11-22 18:00:00+00:00,0.0,,uppsala,5f9fe38afd517828962fde29
4939,2019-11-22 19:00:00+00:00,0.0,,uppsala,5f9fe38afd517828962fde29
4940,2019-11-22 20:00:00+00:00,0.0,,uppsala,5f9fe38afd517828962fde29
4941,2019-11-22 21:00:00+00:00,0.0,,uppsala,5f9fe38afd517828962fde29
4942,2019-11-22 22:00:00+00:00,0.0,,uppsala,5f9fe38afd517828962fde29
4943,2019-11-22 23:00:00+00:00,0.0,,uppsala,5f9fe38afd517828962fde29
4944,2019-11-23 00:00:00+00:00,0.0,,uppsala,5f9fe38afd517828962fde29
4945,2019-11-23 01:00:00+00:00,0.0,,uppsala,5f9fe38afd517828962fde29
4946,2019-11-23 02:00:00+00:00,0.0,,uppsala,5f9fe38afd517828962fde29
4947,2019-11-23 03:00:00+00:00,0.0,,uppsala,5f9fe38afd517828962fde29
4948,2019-11-23 04:00:00+00:00,0.0,,uppsala,5f9fe38afd517828962fde29
4949,2019-11-23 05:00:00+00:00,0.0,,uppsala,5f9fe38afd517828962fde29
4950,2019-11-23 06:00:00+00:00,0.0,,uppsala,5f9fe38afd517828962fde29
4951,2019-11-23 07:00:00+00:00,0.0,,uppsala,5f9fe38afd517828962fde29
4952,2019-11-23 08:00:00+00:00,0.0,,uppsala,5f9fe38afd517828962fde29
4953,2019-11-23 09:00:00+00:00,0.0,,uppsala,5f9fe38afd517828962fde29
4954,2019-11-23 10:00:00+00:00,0.0,,uppsala,5f9fe38afd517828962fde29
4955,2019-11-23 11:00:00+00:00,0.30000000000000004,,uppsala,5f9fe38afd517828962fde29
4956,2019-11-23 12:00:00+00:00,1.3,,uppsala,5f9fe38afd517828962fde29
4957,2019-11-23 13:00:00+00:00,0.0,,uppsala,5f9fe38afd517828962fde29
4958,2019-11-23 14:00:00+00:00,0.0,,uppsala,5f9fe38afd517828962fde29
4959,2019-11-23 15:00:00+00:00,0.0,,uppsala,5f9fe38afd517828962fde29
4960,2019-11-23 16:00:00+00:00,0.0,,uppsala,5f9fe38afd517828962fde29
4961,2019-11-23 17:00:00+00:00,0.0,,uppsala,5f9fe38afd517828962fde29
4962,2019-11-23 18:00:00+00:00,0.0,,uppsala,5f9fe38afd517828962fde29
4963,2019-11-23 19:00:00+00:00,0.0,,uppsala,5f9fe38afd517828962fde29
4964,2019-11-23 20:00:00+00:00,0.0,,uppsala,5f9fe38afd517828962fde29
4965,2019-11-23 21:00:00+00:00,0.0,,uppsala,5f9fe38afd517828962fde29
4966,2019-11-23 22:00:00+00:00,0.0,,uppsala,5f9fe38afd517828962fde29
4967,2019-11-23 23:00:00+00:00,0.0,,uppsala,5f9fe38afd517828962fde29
4968,2019-11-24 00:00:00+00:00,0.0,,uppsala,5f9fe38afd517828962fde29
4969,2019-11-24 01:00:00+00:00,0.0,,uppsala,5f9fe38afd517828962fde29
4970,2019-11-24 02:00:00+00:00,0.0,,uppsala,5f9fe38afd517828962fde29
4971,2019-11-24 03:00:00+00:00,0.0,,uppsala,5f9fe38afd517828962fde29
4972,2019-11-24 04:00:00+00:00,0.0,,uppsala,5f9fe38afd517828962fde29
4973,2019-11-24 05:00:00+00:00,0.0,,uppsala,5f9fe38afd517828962fde29
4974,2019-11-24 06:00:00+00:00,0.0,,uppsala,5f9fe38afd517828962fde29
4975,2019-11-24 07:00:00+00:00,0.0,,uppsala,5f9fe38afd517828962fde29
4976,2019-11-24 08:00:00+00:00,0.0,,uppsala,5f9fe38afd517828962fde29
4977,2019-11-24 09:00:00+00:00,1.4,,uppsala,5f9fe38afd517828962fde29
4978,2019-11-24 10:00:00+00:00,0.0,,uppsala,5f9fe38afd517828962fde29
4979,2019-11-24 11:00:00+00:00,6.3,,uppsala,5f9fe38afd517828962fde29
4980,2019-11-24 12:00:00+00:00,0.0,,uppsala,5f9fe38afd517828962fde29
4981,2019-11-24 13:00:00+00:00,10.0,,uppsala,5f9fe38afd517828962fde29
4982,2019-11-24 14:00:00+00:00,0.0,,uppsala,5f9fe38afd517828962fde29
4983,2019-11-24 15:00:00+00:00,0.0,,uppsala,5f9fe38afd517828962fde29
4984,2019-11-24 16:00:00+00:00,0.0,,uppsala,5f9fe38afd517828962fde29
4985,2019-11-24 17:00:00+00:00,0.0,,uppsala,5f9fe38afd517828962fde29
4986,2019-11-24 18:00:00+00:00,0.0,,uppsala,5f9fe38afd517828962fde29
4987,2019-11-24 19:00:00+00:00,0.0,,uppsala,5f9fe38afd517828962fde29
4988,2019-11-24 20:00:00+00:00,0.0,,uppsala,5f9fe38afd517828962fde29
4989,2019-11-24 21:00:00+00:00,0.0,,uppsala,5f9fe38afd517828962fde29
4990,2019-11-24 22:00:00+00:00,0.0,,uppsala,5f9fe38afd517828962fde29
4991,2019-11-24 23:00:00+00:00,0.0,,uppsala,5f9fe38afd517828962fde29
4992,2019-11-25 00:00:00+00:00,0.0,,uppsala,5f9fe38afd517828962fde29
4993,2019-11-25 01:00:00+00:00,0.0,,uppsala,5f9fe38afd517828962fde29
4994,2019-11-25 02:00:00+00:00,0.0,,uppsala,5f9fe38afd517828962fde29
4995,2019-11-25 03:00:00+00:00,0.0,,uppsala,5f9fe38afd517828962fde29
4996,2019-11-25 04:00:00+00:00,0.0,,uppsala,5f9fe38afd517828962fde29
4997,2019-11-25 05:00:00+00:00,0.0,,uppsala,5f9fe38afd517828962fde29
4998,2019-11-25 06:00:00+00:00,0.0,,uppsala,5f9fe38afd517828962fde29
4999,2019-11-25 07:00:00+00:00,0.0,,uppsala,5f9fe38afd517828962fde29
5000,2019-11-25 08:00:00+00:00,0.0,,uppsala,5f9fe38afd517828962fde29
5001,2019-11-25 09:00:00+00:00,0.0,,uppsala,5f9fe38afd517828962fde29
5002,2019-11-25 10:00:00+00:00,0.0,,uppsala,5f9fe38afd517828962fde29
5003,2019-11-25 11:00:00+00:00,0.0,,uppsala,5f9fe38afd517828962fde29
5004,2019-11-25 12:00:00+00:00,0.0,,uppsala,5f9fe38afd517828962fde29
5005,2019-11-25 13:00:00+00:00,0.0,,uppsala,5f9fe38afd517828962fde29
5006,2019-11-25 14:00:00+00:00,0.0,,uppsala,5f9fe38afd517828962fde29
5007,2019-11-25 15:00:00+00:00,0.0,,uppsala,5f9fe38afd517828962fde29
5008,2019-11-25 16:00:00+00:00,0.0,,uppsala,5f9fe38afd517828962fde29
5009,2019-11-25 17:00:00+00:00,0.0,,uppsala,5f9fe38afd517828962fde29
5010,2019-11-25 18:00:00+00:00,0.0,,uppsala,5f9fe38afd517828962fde29
5011,2019-11-25 19:00:00+00:00,0.0,,uppsala,5f9fe38afd517828962fde29
5012,2019-11-25 20:00:00+00:00,0.0,,uppsala,5f9fe38afd517828962fde29
5013,2019-11-25 21:00:00+00:00,0.0,,uppsala,5f9fe38afd517828962fde29
5014,2019-11-25 22:00:00+00:00,0.0,,uppsala,5f9fe38afd517828962fde29
5015,2019-11-25 23:00:00+00:00,0.0,,uppsala,5f9fe38afd517828962fde29
5016,2019-11-26 00:00:00+00:00,0.0,,uppsala,5f9fe38afd517828962fde29
5017,2019-11-26 01:00:00+00:00,0.0,,uppsala,5f9fe38afd517828962fde29
5018,2019-11-26 02:00:00+00:00,0.0,,uppsala,5f9fe38afd517828962fde29
5019,2019-11-26 03:00:00+00:00,0.0,,uppsala,5f9fe38afd517828962fde29
5020,2019-11-26 04:00:00+00:00,0.0,,uppsala,5f9fe38afd517828962fde29
5021,2019-11-26 05:00:00+00:00,0.0,,uppsala,5f9fe38afd517828962fde29
5022,2019-11-26 06:00:00+00:00,0.0,,uppsala,5f9fe38afd517828962fde29
5023,2019-11-26 07:00:00+00:00,0.0,,uppsala,5f9fe38afd517828962fde29
5024,2019-11-26 08:00:00+00:00,0.0,,uppsala,5f9fe38afd517828962fde29
5025,2019-11-26 09:00:00+00:00,0.0,,uppsala,5f9fe38afd517828962fde29
5026,2019-11-26 10:00:00+00:00,0.0,,uppsala,5f9fe38afd517828962fde29
5027,2019-11-26 11:00:00+00:00,0.0,,uppsala,5f9fe38afd517828962fde29
5028,2019-11-26 12:00:00+00:00,0.0,,uppsala,5f9fe38afd517828962fde29
5029,2019-11-26 13:00:00+00:00,0.0,,uppsala,5f9fe38afd517828962fde29
5030,2019-11-26 14:00:00+00:00,0.0,,uppsala,5f9fe38afd517828962fde29
5031,2019-11-26 15:00:00+00:00,0.0,,uppsala,5f9fe38afd517828962fde29
5032,2019-11-26 16:00:00+00:00,0.0,,uppsala,5f9fe38afd517828962fde29
5033,2019-11-26 17:00:00+00:00,0.0,,uppsala,5f9fe38afd517828962fde29
5034,2019-11-26 18:00:00+00:00,0.0,,uppsala,5f9fe38afd517828962fde29
5035,2019-11-26 19:00:00+00:00,0.0,,uppsala,5f9fe38afd517828962fde29
5036,2019-11-26 20:00:00+00:00,0.0,,uppsala,5f9fe38afd517828962fde29
5037,2019-11-26 21:00:00+00:00,0.0,,uppsala,5f9fe38afd517828962fde29
5038,2019-11-26 22:00:00+00:00,0.0,,uppsala,5f9fe38afd517828962fde29
5039,2019-11-26 23:00:00+00:00,0.0,,uppsala,5f9fe38afd517828962fde29
5040,2019-11-27 00:00:00+00:00,0.0,,uppsala,5f9fe38afd517828962fde29
5041,2019-11-27 01:00:00+00:00,0.0,,uppsala,5f9fe38afd517828962fde29
5042,2019-11-27 02:00:00+00:00,0.0,,uppsala,5f9fe38afd517828962fde29
5043,2019-11-27 03:00:00+00:00,0.0,,uppsala,5f9fe38afd517828962fde29
5044,2019-11-27 04:00:00+00:00,0.0,,uppsala,5f9fe38afd517828962fde29
5045,2019-11-27 05:00:00+00:00,0.0,,uppsala,5f9fe38afd517828962fde29
5046,2019-11-27 06:00:00+00:00,0.0,,uppsala,5f9fe38afd517828962fde29
5047,2019-11-27 07:00:00+00:00,0.0,,uppsala,5f9fe38afd517828962fde29
5048,2019-11-27 08:00:00+00:00,0.0,,uppsala,5f9fe38afd517828962fde29
5049,2019-11-27 09:00:00+00:00,0.0,,uppsala,5f9fe38afd517828962fde29
5050,2019-11-27 10:00:00+00:00,0.0,,uppsala,5f9fe38afd517828962fde29
5051,2019-11-27 11:00:00+00:00,22.0,,uppsala,5f9fe38afd517828962fde29
5052,2019-11-27 12:00:00+00:00,17.2,,uppsala,5f9fe38afd517828962fde29
5053,2019-11-27 13:00:00+00:00,0.0,,uppsala,5f9fe38afd517828962fde29
5054,2019-11-27 14:00:00+00:00,0.0,,uppsala,5f9fe38afd517828962fde29
5055,2019-11-27 15:00:00+00:00,0.0,,uppsala,5f9fe38afd517828962fde29
5056,2019-11-27 16:00:00+00:00,0.0,,uppsala,5f9fe38afd517828962fde29
5057,2019-11-27 17:00:00+00:00,0.0,,uppsala,5f9fe38afd517828962fde29
5058,2019-11-27 18:00:00+00:00,0.0,,uppsala,5f9fe38afd517828962fde29
5059,2019-11-27 19:00:00+00:00,0.0,,uppsala,5f9fe38afd517828962fde29
5060,2019-11-27 20:00:00+00:00,0.0,,uppsala,5f9fe38afd517828962fde29
5061,2019-11-27 21:00:00+00:00,0.0,,uppsala,5f9fe38afd517828962fde29
5062,2019-11-27 22:00:00+00:00,0.0,,uppsala,5f9fe38afd517828962fde29
5063,2019-11-27 23:00:00+00:00,0.0,,uppsala,5f9fe38afd517828962fde29
5064,2019-11-28 00:00:00+00:00,0.0,,uppsala,5f9fe38afd517828962fde29
5065,2019-11-28 01:00:00+00:00,0.0,,uppsala,5f9fe38afd517828962fde29
5066,2019-11-28 02:00:00+00:00,0.0,,uppsala,5f9fe38afd517828962fde29
5067,2019-11-28 03:00:00+00:00,0.0,,uppsala,5f9fe38afd517828962fde29
5068,2019-11-28 04:00:00+00:00,0.0,,uppsala,5f9fe38afd517828962fde29
5069,2019-11-28 05:00:00+00:00,0.0,,uppsala,5f9fe38afd517828962fde29
5070,2019-11-28 06:00:00+00:00,0.0,,uppsala,5f9fe38afd517828962fde29
5071,2019-11-28 07:00:00+00:00,0.0,,uppsala,5f9fe38afd517828962fde29
5072,2019-11-28 08:00:00+00:00,0.0,,uppsala,5f9fe38afd517828962fde29
5073,2019-11-28 09:00:00+00:00,0.0,,uppsala,5f9fe38afd517828962fde29
5074,2019-11-28 10:00:00+00:00,2.7,,uppsala,5f9fe38afd517828962fde29
5075,2019-11-28 11:00:00+00:00,0.0,,uppsala,5f9fe38afd517828962fde29
5076,2019-11-28 12:00:00+00:00,1.9,,uppsala,5f9fe38afd517828962fde29
5077,2019-11-28 13:00:00+00:00,0.0,,uppsala,5f9fe38afd517828962fde29
5078,2019-11-28 14:00:00+00:00,0.0,,uppsala,5f9fe38afd517828962fde29
5079,2019-11-28 15:00:00+00:00,0.0,,uppsala,5f9fe38afd517828962fde29
5080,2019-11-28 16:00:00+00:00,0.0,,uppsala,5f9fe38afd517828962fde29
5081,2019-11-28 17:00:00+00:00,0.0,,uppsala,5f9fe38afd517828962fde29
5082,2019-11-28 18:00:00+00:00,0.0,,uppsala,5f9fe38afd517828962fde29
5083,2019-11-28 19:00:00+00:00,0.0,,uppsala,5f9fe38afd517828962fde29
5084,2019-11-28 20:00:00+00:00,0.0,,uppsala,5f9fe38afd517828962fde29
5085,2019-11-28 21:00:00+00:00,0.0,,uppsala,5f9fe38afd517828962fde29
5086,2019-11-28 22:00:00+00:00,0.0,,uppsala,5f9fe38afd517828962fde29
5087,2019-11-28 23:00:00+00:00,0.0,,uppsala,5f9fe38afd517828962fde29
5088,2019-11-29 00:00:00+00:00,0.0,,uppsala,5f9fe38afd517828962fde29
5089,2019-11-29 01:00:00+00:00,0.0,,uppsala,5f9fe38afd517828962fde29
5090,2019-11-29 02:00:00+00:00,0.0,,uppsala,5f9fe38afd517828962fde29
5091,2019-11-29 03:00:00+00:00,0.0,,uppsala,5f9fe38afd517828962fde29
5092,2019-11-29 04:00:00+00:00,0.0,,uppsala,5f9fe38afd517828962fde29
5093,2019-11-29 05:00:00+00:00,0.0,,uppsala,5f9fe38afd517828962fde29
5094,2019-11-29 06:00:00+00:00,0.0,,uppsala,5f9fe38afd517828962fde29
5095,2019-11-29 07:00:00+00:00,0.0,,uppsala,5f9fe38afd517828962fde29
5096,2019-11-29 08:00:00+00:00,61.3,,uppsala,5f9fe38afd517828962fde29
5097,2019-11-29 09:00:00+00:00,19.2,,uppsala,5f9fe38afd517828962fde29
5098,2019-11-29 10:00:00+00:00,569.4,,uppsala,5f9fe38afd517828962fde29
5099,2019-11-29 11:00:00+00:00,629.9,,uppsala,5f9fe38afd517828962fde29
5100,2019-11-29 12:00:00+00:00,573.9,,uppsala,5f9fe38afd517828962fde29
5101,2019-11-29 13:00:00+00:00,378.8,,uppsala,5f9fe38afd517828962fde29
5102,2019-11-29 14:00:00+00:00,0.0,,uppsala,5f9fe38afd517828962fde29
5103,2019-11-29 15:00:00+00:00,0.0,,uppsala,5f9fe38afd517828962fde29
5104,2019-11-29 16:00:00+00:00,0.0,,uppsala,5f9fe38afd517828962fde29
5105,2019-11-29 17:00:00+00:00,0.0,,uppsala,5f9fe38afd517828962fde29
5106,2019-11-29 18:00:00+00:00,0.0,,uppsala,5f9fe38afd517828962fde29
5107,2019-11-29 19:00:00+00:00,0.0,,uppsala,5f9fe38afd517828962fde29
5108,2019-11-29 20:00:00+00:00,0.0,,uppsala,5f9fe38afd517828962fde29
5109,2019-11-29 21:00:00+00:00,0.0,,uppsala,5f9fe38afd517828962fde29
5110,2019-11-29 22:00:00+00:00,0.0,,uppsala,5f9fe38afd517828962fde29
5111,2019-11-29 23:00:00+00:00,0.0,,uppsala,5f9fe38afd517828962fde29
5112,2019-11-30 00:00:00+00:00,0.0,,uppsala,5f9fe38afd517828962fde29
5113,2019-11-30 01:00:00+00:00,0.0,,uppsala,5f9fe38afd517828962fde29
5114,2019-11-30 02:00:00+00:00,0.0,,uppsala,5f9fe38afd517828962fde29
5115,2019-11-30 03:00:00+00:00,0.0,,uppsala,5f9fe38afd517828962fde29
5116,2019-11-30 04:00:00+00:00,0.0,,uppsala,5f9fe38afd517828962fde29
5117,2019-11-30 05:00:00+00:00,0.0,,uppsala,5f9fe38afd517828962fde29
5118,2019-11-30 06:00:00+00:00,0.0,,uppsala,5f9fe38afd517828962fde29
5119,2019-11-30 07:00:00+00:00,0.0,,uppsala,5f9fe38afd517828962fde29
5120,2019-11-30 08:00:00+00:00,204.4,,uppsala,5f9fe38afd517828962fde29
5121,2019-11-30 09:00:00+00:00,427.0,,uppsala,5f9fe38afd517828962fde29
5122,2019-11-30 10:00:00+00:00,535.1,,uppsala,5f9fe38afd517828962fde29
5123,2019-11-30 11:00:00+00:00,579.4,,uppsala,5f9fe38afd517828962fde29
5124,2019-11-30 12:00:00+00:00,518.0,,uppsala,5f9fe38afd517828962fde29
5125,2019-11-30 13:00:00+00:00,314.4,,uppsala,5f9fe38afd517828962fde29
5126,2019-11-30 14:00:00+00:00,0.0,,uppsala,5f9fe38afd517828962fde29
5127,2019-11-30 15:00:00+00:00,0.0,,uppsala,5f9fe38afd517828962fde29
5128,2019-11-30 16:00:00+00:00,0.0,,uppsala,5f9fe38afd517828962fde29
5129,2019-11-30 17:00:00+00:00,0.0,,uppsala,5f9fe38afd517828962fde29
5130,2019-11-30 18:00:00+00:00,0.0,,uppsala,5f9fe38afd517828962fde29
5131,2019-11-30 19:00:00+00:00,0.0,,uppsala,5f9fe38afd517828962fde29
5132,2019-11-30 20:00:00+00:00,0.0,,uppsala,5f9fe38afd517828962fde29
5133,2019-11-30 21:00:00+00:00,0.0,,uppsala,5f9fe38afd517828962fde29
5134,2019-11-30 22:00:00+00:00,0.0,,uppsala,5f9fe38afd517828962fde29
5135,2019-11-30 23:00:00+00:00,0.0,,uppsala,5f9fe38afd517828962fde29
5136,2019-12-01 00:00:00+00:00,0.0,,uppsala,5f9fe38afd517828962fde29
5137,2019-12-01 01:00:00+00:00,0.0,,uppsala,5f9fe38afd517828962fde29
5138,2019-12-01 02:00:00+00:00,0.0,,uppsala,5f9fe38afd517828962fde29
5139,2019-12-01 03:00:00+00:00,0.0,,uppsala,5f9fe38afd517828962fde29
5140,2019-12-01 04:00:00+00:00,0.0,,uppsala,5f9fe38afd517828962fde29
5141,2019-12-01 05:00:00+00:00,0.0,,uppsala,5f9fe38afd517828962fde29
5142,2019-12-01 06:00:00+00:00,0.0,,uppsala,5f9fe38afd517828962fde29
5143,2019-12-01 07:00:00+00:00,0.0,,uppsala,5f9fe38afd517828962fde29
5144,2019-12-01 08:00:00+00:00,309.0,,uppsala,5f9fe38afd517828962fde29
5145,2019-12-01 09:00:00+00:00,30.3,,uppsala,5f9fe38afd517828962fde29
5146,2019-12-01 10:00:00+00:00,15.1,,uppsala,5f9fe38afd517828962fde29
5147,2019-12-01 11:00:00+00:00,9.4,,uppsala,5f9fe38afd517828962fde29
5148,2019-12-01 12:00:00+00:00,0.7000000000000001,,uppsala,5f9fe38afd517828962fde29
5149,2019-12-01 13:00:00+00:00,0.0,,uppsala,5f9fe38afd517828962fde29
5150,2019-12-01 14:00:00+00:00,0.0,,uppsala,5f9fe38afd517828962fde29
5151,2019-12-01 15:00:00+00:00,0.0,,uppsala,5f9fe38afd517828962fde29
5152,2019-12-01 16:00:00+00:00,0.0,,uppsala,5f9fe38afd517828962fde29
5153,2019-12-01 17:00:00+00:00,0.0,,uppsala,5f9fe38afd517828962fde29
5154,2019-12-01 18:00:00+00:00,0.0,,uppsala,5f9fe38afd517828962fde29
5155,2019-12-01 19:00:00+00:00,0.0,,uppsala,5f9fe38afd517828962fde29
5156,2019-12-01 20:00:00+00:00,0.0,,uppsala,5f9fe38afd517828962fde29
5157,2019-12-01 21:00:00+00:00,0.0,,uppsala,5f9fe38afd517828962fde29
5158,2019-12-01 22:00:00+00:00,0.0,,uppsala,5f9fe38afd517828962fde29
5159,2019-12-01 23:00:00+00:00,0.0,,uppsala,5f9fe38afd517828962fde29
5160,2019-12-02 00:00:00+00:00,0.0,,uppsala,5f9fe38afd517828962fde29
5161,2019-12-02 01:00:00+00:00,0.0,,uppsala,5f9fe38afd517828962fde29
5162,2019-12-02 02:00:00+00:00,0.0,,uppsala,5f9fe38afd517828962fde29
5163,2019-12-02 03:00:00+00:00,0.0,,uppsala,5f9fe38afd517828962fde29
5164,2019-12-02 04:00:00+00:00,0.0,,uppsala,5f9fe38afd517828962fde29
5165,2019-12-02 05:00:00+00:00,0.0,,uppsala,5f9fe38afd517828962fde29
5166,2019-12-02 06:00:00+00:00,0.0,,uppsala,5f9fe38afd517828962fde29
5167,2019-12-02 07:00:00+00:00,0.0,,uppsala,5f9fe38afd517828962fde29
5168,2019-12-02 08:00:00+00:00,207.5,,uppsala,5f9fe38afd517828962fde29
5169,2019-12-02 09:00:00+00:00,447.5,,uppsala,5f9fe38afd517828962fde29
5170,2019-12-02 10:00:00+00:00,564.0,,uppsala,5f9fe38afd517828962fde29
5171,2019-12-02 11:00:00+00:00,576.9,,uppsala,5f9fe38afd517828962fde29
5172,2019-12-02 12:00:00+00:00,531.6,,uppsala,5f9fe38afd517828962fde29
5173,2019-12-02 13:00:00+00:00,340.6,,uppsala,5f9fe38afd517828962fde29
5174,2019-12-02 14:00:00+00:00,0.0,,uppsala,5f9fe38afd517828962fde29
5175,2019-12-02 15:00:00+00:00,0.0,,uppsala,5f9fe38afd517828962fde29
5176,2019-12-02 16:00:00+00:00,0.0,,uppsala,5f9fe38afd517828962fde29
5177,2019-12-02 17:00:00+00:00,0.0,,uppsala,5f9fe38afd517828962fde29
5178,2019-12-02 18:00:00+00:00,0.0,,uppsala,5f9fe38afd517828962fde29
5179,2019-12-02 19:00:00+00:00,0.0,,uppsala,5f9fe38afd517828962fde29
5180,2019-12-02 20:00:00+00:00,0.0,,uppsala,5f9fe38afd517828962fde29
5181,2019-12-02 21:00:00+00:00,0.0,,uppsala,5f9fe38afd517828962fde29
5182,2019-12-02 22:00:00+00:00,0.0,,uppsala,5f9fe38afd517828962fde29
5183,2019-12-02 23:00:00+00:00,0.0,,uppsala,5f9fe38afd517828962fde29
5184,2019-12-03 00:00:00+00:00,0.0,,uppsala,5f9fe38afd517828962fde29
5185,2019-12-03 01:00:00+00:00,0.0,,uppsala,5f9fe38afd517828962fde29
5186,2019-12-03 02:00:00+00:00,0.0,,uppsala,5f9fe38afd517828962fde29
5187,2019-12-03 03:00:00+00:00,0.0,,uppsala,5f9fe38afd517828962fde29
5188,2019-12-03 04:00:00+00:00,0.0,,uppsala,5f9fe38afd517828962fde29
5189,2019-12-03 05:00:00+00:00,0.0,,uppsala,5f9fe38afd517828962fde29
5190,2019-12-03 06:00:00+00:00,0.0,,uppsala,5f9fe38afd517828962fde29
5191,2019-12-03 07:00:00+00:00,0.0,,uppsala,5f9fe38afd517828962fde29
5192,2019-12-03 08:00:00+00:00,5.9,,uppsala,5f9fe38afd517828962fde29
5193,2019-12-03 09:00:00+00:00,48.2,,uppsala,5f9fe38afd517828962fde29
5194,2019-12-03 10:00:00+00:00,64.0,,uppsala,5f9fe38afd517828962fde29
5195,2019-12-03 11:00:00+00:00,6.6,,uppsala,5f9fe38afd517828962fde29
5196,2019-12-03 12:00:00+00:00,13.3,,uppsala,5f9fe38afd517828962fde29
5197,2019-12-03 13:00:00+00:00,0.0,,uppsala,5f9fe38afd517828962fde29
5198,2019-12-03 14:00:00+00:00,0.0,,uppsala,5f9fe38afd517828962fde29
5199,2019-12-03 15:00:00+00:00,0.0,,uppsala,5f9fe38afd517828962fde29
5200,2019-12-03 16:00:00+00:00,0.0,,uppsala,5f9fe38afd517828962fde29
5201,2019-12-03 17:00:00+00:00,0.0,,uppsala,5f9fe38afd517828962fde29
5202,2019-12-03 18:00:00+00:00,0.0,,uppsala,5f9fe38afd517828962fde29
5203,2019-12-03 19:00:00+00:00,0.0,,uppsala,5f9fe38afd517828962fde29
5204,2019-12-03 20:00:00+00:00,0.0,,uppsala,5f9fe38afd517828962fde29
5205,2019-12-03 21:00:00+00:00,0.0,,uppsala,5f9fe38afd517828962fde29
5206,2019-12-03 22:00:00+00:00,0.0,,uppsala,5f9fe38afd517828962fde29
5207,2019-12-03 23:00:00+00:00,0.0,,uppsala,5f9fe38afd517828962fde29
5208,2019-12-04 00:00:00+00:00,0.0,,uppsala,5f9fe38afd517828962fde29
5209,2019-12-04 01:00:00+00:00,0.0,,uppsala,5f9fe38afd517828962fde29
5210,2019-12-04 02:00:00+00:00,0.0,,uppsala,5f9fe38afd517828962fde29
5211,2019-12-04 03:00:00+00:00,0.0,,uppsala,5f9fe38afd517828962fde29
5212,2019-12-04 04:00:00+00:00,0.0,,uppsala,5f9fe38afd517828962fde29
5213,2019-12-04 05:00:00+00:00,0.0,,uppsala,5f9fe38afd517828962fde29
5214,2019-12-04 06:00:00+00:00,0.0,,uppsala,5f9fe38afd517828962fde29
5215,2019-12-04 07:00:00+00:00,0.0,,uppsala,5f9fe38afd517828962fde29
5216,2019-12-04 08:00:00+00:00,0.0,,uppsala,5f9fe38afd517828962fde29
5217,2019-12-04 09:00:00+00:00,11.4,,uppsala,5f9fe38afd517828962fde29
5218,2019-12-04 10:00:00+00:00,0.0,,uppsala,5f9fe38afd517828962fde29
5219,2019-12-04 11:00:00+00:00,8.0,,uppsala,5f9fe38afd517828962fde29
5220,2019-12-04 12:00:00+00:00,0.6000000000000001,,uppsala,5f9fe38afd517828962fde29
5221,2019-12-04 13:00:00+00:00,10.5,,uppsala,5f9fe38afd517828962fde29
5222,2019-12-04 14:00:00+00:00,0.0,,uppsala,5f9fe38afd517828962fde29
5223,2019-12-04 15:00:00+00:00,0.0,,uppsala,5f9fe38afd517828962fde29
5224,2019-12-04 16:00:00+00:00,0.0,,uppsala,5f9fe38afd517828962fde29
5225,2019-12-04 17:00:00+00:00,0.0,,uppsala,5f9fe38afd517828962fde29
5226,2019-12-04 18:00:00+00:00,0.0,,uppsala,5f9fe38afd517828962fde29
5227,2019-12-04 19:00:00+00:00,0.0,,uppsala,5f9fe38afd517828962fde29
5228,2019-12-04 20:00:00+00:00,0.0,,uppsala,5f9fe38afd517828962fde29
5229,2019-12-04 21:00:00+00:00,0.0,,uppsala,5f9fe38afd517828962fde29
5230,2019-12-04 22:00:00+00:00,0.0,,uppsala,5f9fe38afd517828962fde29
5231,2019-12-04 23:00:00+00:00,0.0,,uppsala,5f9fe38afd517828962fde29
5232,2019-12-05 00:00:00+00:00,0.0,,uppsala,5f9fe38afd517828962fde29
5233,2019-12-05 01:00:00+00:00,0.0,,uppsala,5f9fe38afd517828962fde29
5234,2019-12-05 02:00:00+00:00,0.0,,uppsala,5f9fe38afd517828962fde29
5235,2019-12-05 03:00:00+00:00,0.0,,uppsala,5f9fe38afd517828962fde29
5236,2019-12-05 04:00:00+00:00,0.0,,uppsala,5f9fe38afd517828962fde29
5237,2019-12-05 05:00:00+00:00,0.0,,uppsala,5f9fe38afd517828962fde29
5238,2019-12-05 06:00:00+00:00,0.0,,uppsala,5f9fe38afd517828962fde29
5239,2019-12-05 07:00:00+00:00,0.0,,uppsala,5f9fe38afd517828962fde29
5240,2019-12-05 08:00:00+00:00,0.0,,uppsala,5f9fe38afd517828962fde29
5241,2019-12-05 09:00:00+00:00,371.4,,uppsala,5f9fe38afd517828962fde29
5242,2019-12-05 10:00:00+00:00,443.1,,uppsala,5f9fe38afd517828962fde29
5243,2019-12-05 11:00:00+00:00,484.9,,uppsala,5f9fe38afd517828962fde29
5244,2019-12-05 12:00:00+00:00,417.4,,uppsala,5f9fe38afd517828962fde29
5245,2019-12-05 13:00:00+00:00,147.8,,uppsala,5f9fe38afd517828962fde29
5246,2019-12-05 14:00:00+00:00,0.0,,uppsala,5f9fe38afd517828962fde29
5247,2019-12-05 15:00:00+00:00,0.0,,uppsala,5f9fe38afd517828962fde29
5248,2019-12-05 16:00:00+00:00,0.0,,uppsala,5f9fe38afd517828962fde29
5249,2019-12-05 17:00:00+00:00,0.0,,uppsala,5f9fe38afd517828962fde29
5250,2019-12-05 18:00:00+00:00,0.0,,uppsala,5f9fe38afd517828962fde29
5251,2019-12-05 19:00:00+00:00,0.0,,uppsala,5f9fe38afd517828962fde29
5252,2019-12-05 20:00:00+00:00,0.0,,uppsala,5f9fe38afd517828962fde29
5253,2019-12-05 21:00:00+00:00,0.0,,uppsala,5f9fe38afd517828962fde29
5254,2019-12-05 22:00:00+00:00,0.0,,uppsala,5f9fe38afd517828962fde29
5255,2019-12-05 23:00:00+00:00,0.0,,uppsala,5f9fe38afd517828962fde29
5256,2019-12-06 00:00:00+00:00,0.0,,uppsala,5f9fe38afd517828962fde29
5257,2019-12-06 01:00:00+00:00,0.0,,uppsala,5f9fe38afd517828962fde29
5258,2019-12-06 02:00:00+00:00,0.0,,uppsala,5f9fe38afd517828962fde29
5259,2019-12-06 03:00:00+00:00,0.0,,uppsala,5f9fe38afd517828962fde29
5260,2019-12-06 04:00:00+00:00,0.0,,uppsala,5f9fe38afd517828962fde29
5261,2019-12-06 05:00:00+00:00,0.0,,uppsala,5f9fe38afd517828962fde29
5262,2019-12-06 06:00:00+00:00,0.0,,uppsala,5f9fe38afd517828962fde29
5263,2019-12-06 07:00:00+00:00,0.0,,uppsala,5f9fe38afd517828962fde29
5264,2019-12-06 08:00:00+00:00,0.0,,uppsala,5f9fe38afd517828962fde29
5265,2019-12-06 09:00:00+00:00,257.6,,uppsala,5f9fe38afd517828962fde29
5266,2019-12-06 10:00:00+00:00,0.2,,uppsala,5f9fe38afd517828962fde29
5267,2019-12-06 11:00:00+00:00,12.6,,uppsala,5f9fe38afd517828962fde29
5268,2019-12-06 12:00:00+00:00,68.3,,uppsala,5f9fe38afd517828962fde29
5269,2019-12-06 13:00:00+00:00,0.0,,uppsala,5f9fe38afd517828962fde29
5270,2019-12-06 14:00:00+00:00,0.0,,uppsala,5f9fe38afd517828962fde29
5271,2019-12-06 15:00:00+00:00,0.0,,uppsala,5f9fe38afd517828962fde29
5272,2019-12-06 16:00:00+00:00,0.0,,uppsala,5f9fe38afd517828962fde29
5273,2019-12-06 17:00:00+00:00,0.0,,uppsala,5f9fe38afd517828962fde29
5274,2019-12-06 18:00:00+00:00,0.0,,uppsala,5f9fe38afd517828962fde29
5275,2019-12-06 19:00:00+00:00,0.0,,uppsala,5f9fe38afd517828962fde29
5276,2019-12-06 20:00:00+00:00,0.0,,uppsala,5f9fe38afd517828962fde29
5277,2019-12-06 21:00:00+00:00,0.0,,uppsala,5f9fe38afd517828962fde29
5278,2019-12-06 22:00:00+00:00,0.0,,uppsala,5f9fe38afd517828962fde29
5279,2019-12-06 23:00:00+00:00,0.0,,uppsala,5f9fe38afd517828962fde29
5280,2019-12-07 00:00:00+00:00,0.0,,uppsala,5f9fe38afd517828962fde29
5281,2019-12-07 01:00:00+00:00,0.0,,uppsala,5f9fe38afd517828962fde29
5282,2019-12-07 02:00:00+00:00,0.0,,uppsala,5f9fe38afd517828962fde29
5283,2019-12-07 03:00:00+00:00,0.0,,uppsala,5f9fe38afd517828962fde29
5284,2019-12-07 04:00:00+00:00,0.0,,uppsala,5f9fe38afd517828962fde29
5285,2019-12-07 05:00:00+00:00,0.0,,uppsala,5f9fe38afd517828962fde29
5286,2019-12-07 06:00:00+00:00,0.0,,uppsala,5f9fe38afd517828962fde29
5287,2019-12-07 07:00:00+00:00,0.0,,uppsala,5f9fe38afd517828962fde29
5288,2019-12-07 08:00:00+00:00,0.0,,uppsala,5f9fe38afd517828962fde29
5289,2019-12-07 09:00:00+00:00,27.1,,uppsala,5f9fe38afd517828962fde29
5290,2019-12-07 10:00:00+00:00,0.8,,uppsala,5f9fe38afd517828962fde29
5291,2019-12-07 11:00:00+00:00,4.6,,uppsala,5f9fe38afd517828962fde29
5292,2019-12-07 12:00:00+00:00,23.7,,uppsala,5f9fe38afd517828962fde29
5293,2019-12-07 13:00:00+00:00,0.0,,uppsala,5f9fe38afd517828962fde29
5294,2019-12-07 14:00:00+00:00,0.0,,uppsala,5f9fe38afd517828962fde29
5295,2019-12-07 15:00:00+00:00,0.0,,uppsala,5f9fe38afd517828962fde29
5296,2019-12-07 16:00:00+00:00,0.0,,uppsala,5f9fe38afd517828962fde29
5297,2019-12-07 17:00:00+00:00,0.0,,uppsala,5f9fe38afd517828962fde29
5298,2019-12-07 18:00:00+00:00,0.0,,uppsala,5f9fe38afd517828962fde29
5299,2019-12-07 19:00:00+00:00,0.0,,uppsala,5f9fe38afd517828962fde29
5300,2019-12-07 20:00:00+00:00,0.0,,uppsala,5f9fe38afd517828962fde29
5301,2019-12-07 21:00:00+00:00,0.0,,uppsala,5f9fe38afd517828962fde29
5302,2019-12-07 22:00:00+00:00,0.0,,uppsala,5f9fe38afd517828962fde29
5303,2019-12-07 23:00:00+00:00,0.0,,uppsala,5f9fe38afd517828962fde29
5304,2019-12-08 00:00:00+00:00,0.0,,uppsala,5f9fe38afd517828962fde29
5305,2019-12-08 01:00:00+00:00,0.0,,uppsala,5f9fe38afd517828962fde29
5306,2019-12-08 02:00:00+00:00,0.0,,uppsala,5f9fe38afd517828962fde29
5307,2019-12-08 03:00:00+00:00,0.0,,uppsala,5f9fe38afd517828962fde29
5308,2019-12-08 04:00:00+00:00,0.0,,uppsala,5f9fe38afd517828962fde29
5309,2019-12-08 05:00:00+00:00,0.0,,uppsala,5f9fe38afd517828962fde29
5310,2019-12-08 06:00:00+00:00,0.0,,uppsala,5f9fe38afd517828962fde29
5311,2019-12-08 07:00:00+00:00,0.0,,uppsala,5f9fe38afd517828962fde29
5312,2019-12-08 08:00:00+00:00,20.1,,uppsala,5f9fe38afd517828962fde29
5313,2019-12-08 09:00:00+00:00,264.1,,uppsala,5f9fe38afd517828962fde29
5314,2019-12-08 10:00:00+00:00,0.0,,uppsala,5f9fe38afd517828962fde29
5315,2019-12-08 11:00:00+00:00,0.0,,uppsala,5f9fe38afd517828962fde29
5316,2019-12-08 12:00:00+00:00,0.0,,uppsala,5f9fe38afd517828962fde29
5317,2019-12-08 13:00:00+00:00,0.0,,uppsala,5f9fe38afd517828962fde29
5318,2019-12-08 14:00:00+00:00,0.0,,uppsala,5f9fe38afd517828962fde29
5319,2019-12-08 15:00:00+00:00,0.0,,uppsala,5f9fe38afd517828962fde29
5320,2019-12-08 16:00:00+00:00,0.0,,uppsala,5f9fe38afd517828962fde29
5321,2019-12-08 17:00:00+00:00,0.0,,uppsala,5f9fe38afd517828962fde29
5322,2019-12-08 18:00:00+00:00,0.0,,uppsala,5f9fe38afd517828962fde29
5323,2019-12-08 19:00:00+00:00,0.0,,uppsala,5f9fe38afd517828962fde29
5324,2019-12-08 20:00:00+00:00,0.0,,uppsala,5f9fe38afd517828962fde29
5325,2019-12-08 21:00:00+00:00,0.0,,uppsala,5f9fe38afd517828962fde29
5326,2019-12-08 22:00:00+00:00,0.0,,uppsala,5f9fe38afd517828962fde29
5327,2019-12-08 23:00:00+00:00,0.0,,uppsala,5f9fe38afd517828962fde29
5328,2019-12-09 00:00:00+00:00,0.0,,uppsala,5f9fe38afd517828962fde29
5329,2019-12-09 01:00:00+00:00,0.0,,uppsala,5f9fe38afd517828962fde29
5330,2019-12-09 02:00:00+00:00,0.0,,uppsala,5f9fe38afd517828962fde29
5331,2019-12-09 03:00:00+00:00,0.0,,uppsala,5f9fe38afd517828962fde29
5332,2019-12-09 04:00:00+00:00,0.0,,uppsala,5f9fe38afd517828962fde29
5333,2019-12-09 05:00:00+00:00,0.0,,uppsala,5f9fe38afd517828962fde29
5334,2019-12-09 06:00:00+00:00,0.0,,uppsala,5f9fe38afd517828962fde29
5335,2019-12-09 07:00:00+00:00,0.0,,uppsala,5f9fe38afd517828962fde29
5336,2019-12-09 08:00:00+00:00,0.0,,uppsala,5f9fe38afd517828962fde29
5337,2019-12-09 09:00:00+00:00,0.0,,uppsala,5f9fe38afd517828962fde29
5338,2019-12-09 10:00:00+00:00,0.0,,uppsala,5f9fe38afd517828962fde29
5339,2019-12-09 11:00:00+00:00,20.8,,uppsala,5f9fe38afd517828962fde29
5340,2019-12-09 12:00:00+00:00,11.5,,uppsala,5f9fe38afd517828962fde29
5341,2019-12-09 13:00:00+00:00,0.0,,uppsala,5f9fe38afd517828962fde29
5342,2019-12-09 14:00:00+00:00,0.0,,uppsala,5f9fe38afd517828962fde29
5343,2019-12-09 15:00:00+00:00,0.0,,uppsala,5f9fe38afd517828962fde29
5344,2019-12-09 16:00:00+00:00,0.0,,uppsala,5f9fe38afd517828962fde29
5345,2019-12-09 17:00:00+00:00,0.0,,uppsala,5f9fe38afd517828962fde29
5346,2019-12-09 18:00:00+00:00,0.0,,uppsala,5f9fe38afd517828962fde29
5347,2019-12-09 19:00:00+00:00,0.0,,uppsala,5f9fe38afd517828962fde29
5348,2019-12-09 20:00:00+00:00,0.0,,uppsala,5f9fe38afd517828962fde29
5349,2019-12-09 21:00:00+00:00,0.0,,uppsala,5f9fe38afd517828962fde29
5350,2019-12-09 22:00:00+00:00,0.0,,uppsala,5f9fe38afd517828962fde29
5351,2019-12-09 23:00:00+00:00,0.0,,uppsala,5f9fe38afd517828962fde29
5352,2019-12-10 00:00:00+00:00,0.0,,uppsala,5f9fe38afd517828962fde29
5353,2019-12-10 01:00:00+00:00,0.0,,uppsala,5f9fe38afd517828962fde29
5354,2019-12-10 02:00:00+00:00,0.0,,uppsala,5f9fe38afd517828962fde29
5355,2019-12-10 03:00:00+00:00,0.0,,uppsala,5f9fe38afd517828962fde29
5356,2019-12-10 04:00:00+00:00,0.0,,uppsala,5f9fe38afd517828962fde29
5357,2019-12-10 05:00:00+00:00,0.0,,uppsala,5f9fe38afd517828962fde29
5358,2019-12-10 06:00:00+00:00,0.0,,uppsala,5f9fe38afd517828962fde29
5359,2019-12-10 07:00:00+00:00,0.0,,uppsala,5f9fe38afd517828962fde29
5360,2019-12-10 08:00:00+00:00,145.7,,uppsala,5f9fe38afd517828962fde29
5361,2019-12-10 09:00:00+00:00,447.7,,uppsala,5f9fe38afd517828962fde29
5362,2019-12-10 10:00:00+00:00,588.8,,uppsala,5f9fe38afd517828962fde29
5363,2019-12-10 11:00:00+00:00,611.8,,uppsala,5f9fe38afd517828962fde29
5364,2019-12-10 12:00:00+00:00,544.8,,uppsala,5f9fe38afd517828962fde29
5365,2019-12-10 13:00:00+00:00,337.5,,uppsala,5f9fe38afd517828962fde29
5366,2019-12-10 14:00:00+00:00,0.0,,uppsala,5f9fe38afd517828962fde29
5367,2019-12-10 15:00:00+00:00,0.0,,uppsala,5f9fe38afd517828962fde29
5368,2019-12-10 16:00:00+00:00,0.0,,uppsala,5f9fe38afd517828962fde29
5369,2019-12-10 17:00:00+00:00,0.0,,uppsala,5f9fe38afd517828962fde29
5370,2019-12-10 18:00:00+00:00,0.0,,uppsala,5f9fe38afd517828962fde29
5371,2019-12-10 19:00:00+00:00,0.0,,uppsala,5f9fe38afd517828962fde29
5372,2019-12-10 20:00:00+00:00,0.0,,uppsala,5f9fe38afd517828962fde29
5373,2019-12-10 21:00:00+00:00,0.0,,uppsala,5f9fe38afd517828962fde29
5374,2019-12-10 22:00:00+00:00,0.0,,uppsala,5f9fe38afd517828962fde29
5375,2019-12-10 23:00:00+00:00,0.0,,uppsala,5f9fe38afd517828962fde29
5376,2019-12-11 00:00:00+00:00,0.0,,uppsala,5f9fe38afd517828962fde29
5377,2019-12-11 01:00:00+00:00,0.0,,uppsala,5f9fe38afd517828962fde29
5378,2019-12-11 02:00:00+00:00,0.0,,uppsala,5f9fe38afd517828962fde29
5379,2019-12-11 03:00:00+00:00,0.0,,uppsala,5f9fe38afd517828962fde29
5380,2019-12-11 04:00:00+00:00,0.0,,uppsala,5f9fe38afd517828962fde29
5381,2019-12-11 05:00:00+00:00,0.0,,uppsala,5f9fe38afd517828962fde29
5382,2019-12-11 06:00:00+00:00,0.0,,uppsala,5f9fe38afd517828962fde29
5383,2019-12-11 07:00:00+00:00,0.0,,uppsala,5f9fe38afd517828962fde29
5384,2019-12-11 08:00:00+00:00,0.0,,uppsala,5f9fe38afd517828962fde29
5385,2019-12-11 09:00:00+00:00,0.0,,uppsala,5f9fe38afd517828962fde29
5386,2019-12-11 10:00:00+00:00,0.0,,uppsala,5f9fe38afd517828962fde29
5387,2019-12-11 11:00:00+00:00,0.0,,uppsala,5f9fe38afd517828962fde29
5388,2019-12-11 12:00:00+00:00,0.0,,uppsala,5f9fe38afd517828962fde29
5389,2019-12-11 13:00:00+00:00,0.0,,uppsala,5f9fe38afd517828962fde29
5390,2019-12-11 14:00:00+00:00,0.0,,uppsala,5f9fe38afd517828962fde29
5391,2019-12-11 15:00:00+00:00,0.0,,uppsala,5f9fe38afd517828962fde29
5392,2019-12-11 16:00:00+00:00,0.0,,uppsala,5f9fe38afd517828962fde29
5393,2019-12-11 17:00:00+00:00,0.0,,uppsala,5f9fe38afd517828962fde29
5394,2019-12-11 18:00:00+00:00,0.0,,uppsala,5f9fe38afd517828962fde29
5395,2019-12-11 19:00:00+00:00,0.0,,uppsala,5f9fe38afd517828962fde29
5396,2019-12-11 20:00:00+00:00,0.0,,uppsala,5f9fe38afd517828962fde29
5397,2019-12-11 21:00:00+00:00,0.0,,uppsala,5f9fe38afd517828962fde29
5398,2019-12-11 22:00:00+00:00,0.0,,uppsala,5f9fe38afd517828962fde29
5399,2019-12-11 23:00:00+00:00,0.0,,uppsala,5f9fe38afd517828962fde29
5400,2019-12-12 00:00:00+00:00,0.0,,uppsala,5f9fe38afd517828962fde29
5401,2019-12-12 01:00:00+00:00,0.0,,uppsala,5f9fe38afd517828962fde29
5402,2019-12-12 02:00:00+00:00,0.0,,uppsala,5f9fe38afd517828962fde29
5403,2019-12-12 03:00:00+00:00,0.0,,uppsala,5f9fe38afd517828962fde29
5404,2019-12-12 04:00:00+00:00,0.0,,uppsala,5f9fe38afd517828962fde29
5405,2019-12-12 05:00:00+00:00,0.0,,uppsala,5f9fe38afd517828962fde29
5406,2019-12-12 06:00:00+00:00,0.0,,uppsala,5f9fe38afd517828962fde29
5407,2019-12-12 07:00:00+00:00,0.0,,uppsala,5f9fe38afd517828962fde29
5408,2019-12-12 08:00:00+00:00,0.0,,uppsala,5f9fe38afd517828962fde29
5409,2019-12-12 09:00:00+00:00,0.0,,uppsala,5f9fe38afd517828962fde29
5410,2019-12-12 10:00:00+00:00,0.0,,uppsala,5f9fe38afd517828962fde29
5411,2019-12-12 11:00:00+00:00,0.0,,uppsala,5f9fe38afd517828962fde29
5412,2019-12-12 12:00:00+00:00,0.0,,uppsala,5f9fe38afd517828962fde29
5413,2019-12-12 13:00:00+00:00,0.0,,uppsala,5f9fe38afd517828962fde29
5414,2019-12-12 14:00:00+00:00,0.0,,uppsala,5f9fe38afd517828962fde29
5415,2019-12-12 15:00:00+00:00,0.0,,uppsala,5f9fe38afd517828962fde29
5416,2019-12-12 16:00:00+00:00,0.0,,uppsala,5f9fe38afd517828962fde29
5417,2019-12-12 17:00:00+00:00,0.0,,uppsala,5f9fe38afd517828962fde29
5418,2019-12-12 18:00:00+00:00,0.0,,uppsala,5f9fe38afd517828962fde29
5419,2019-12-12 19:00:00+00:00,0.0,,uppsala,5f9fe38afd517828962fde29
5420,2019-12-12 20:00:00+00:00,0.0,,uppsala,5f9fe38afd517828962fde29
5421,2019-12-12 21:00:00+00:00,0.0,,uppsala,5f9fe38afd517828962fde29
5422,2019-12-12 22:00:00+00:00,0.0,,uppsala,5f9fe38afd517828962fde29
5423,2019-12-12 23:00:00+00:00,0.0,,uppsala,5f9fe38afd517828962fde29
5424,2019-12-13 00:00:00+00:00,0.0,,uppsala,5f9fe38afd517828962fde29
5425,2019-12-13 01:00:00+00:00,0.0,,uppsala,5f9fe38afd517828962fde29
5426,2019-12-13 02:00:00+00:00,0.0,,uppsala,5f9fe38afd517828962fde29
5427,2019-12-13 03:00:00+00:00,0.0,,uppsala,5f9fe38afd517828962fde29
5428,2019-12-13 04:00:00+00:00,0.0,,uppsala,5f9fe38afd517828962fde29
5429,2019-12-13 05:00:00+00:00,0.0,,uppsala,5f9fe38afd517828962fde29
5430,2019-12-13 06:00:00+00:00,0.0,,uppsala,5f9fe38afd517828962fde29
5431,2019-12-13 07:00:00+00:00,0.0,,uppsala,5f9fe38afd517828962fde29
5432,2019-12-13 08:00:00+00:00,0.0,,uppsala,5f9fe38afd517828962fde29
5433,2019-12-13 09:00:00+00:00,0.0,,uppsala,5f9fe38afd517828962fde29
5434,2019-12-13 10:00:00+00:00,0.0,,uppsala,5f9fe38afd517828962fde29
5435,2019-12-13 11:00:00+00:00,0.0,,uppsala,5f9fe38afd517828962fde29
5436,2019-12-13 12:00:00+00:00,10.2,,uppsala,5f9fe38afd517828962fde29
5437,2019-12-13 13:00:00+00:00,0.0,,uppsala,5f9fe38afd517828962fde29
5438,2019-12-13 14:00:00+00:00,0.0,,uppsala,5f9fe38afd517828962fde29
5439,2019-12-13 15:00:00+00:00,0.0,,uppsala,5f9fe38afd517828962fde29
5440,2019-12-13 16:00:00+00:00,0.0,,uppsala,5f9fe38afd517828962fde29
5441,2019-12-13 17:00:00+00:00,0.0,,uppsala,5f9fe38afd517828962fde29
5442,2019-12-13 18:00:00+00:00,0.0,,uppsala,5f9fe38afd517828962fde29
5443,2019-12-13 19:00:00+00:00,0.0,,uppsala,5f9fe38afd517828962fde29
5444,2019-12-13 20:00:00+00:00,0.0,,uppsala,5f9fe38afd517828962fde29
5445,2019-12-13 21:00:00+00:00,0.0,,uppsala,5f9fe38afd517828962fde29
5446,2019-12-13 22:00:00+00:00,0.0,,uppsala,5f9fe38afd517828962fde29
5447,2019-12-13 23:00:00+00:00,0.0,,uppsala,5f9fe38afd517828962fde29
5448,2019-12-14 00:00:00+00:00,0.0,,uppsala,5f9fe38afd517828962fde29
5449,2019-12-14 01:00:00+00:00,0.0,,uppsala,5f9fe38afd517828962fde29
5450,2019-12-14 02:00:00+00:00,0.0,,uppsala,5f9fe38afd517828962fde29
5451,2019-12-14 03:00:00+00:00,0.0,,uppsala,5f9fe38afd517828962fde29
5452,2019-12-14 04:00:00+00:00,0.0,,uppsala,5f9fe38afd517828962fde29
5453,2019-12-14 05:00:00+00:00,0.0,,uppsala,5f9fe38afd517828962fde29
5454,2019-12-14 06:00:00+00:00,0.0,,uppsala,5f9fe38afd517828962fde29
5455,2019-12-14 07:00:00+00:00,0.0,,uppsala,5f9fe38afd517828962fde29
5456,2019-12-14 08:00:00+00:00,0.0,,uppsala,5f9fe38afd517828962fde29
5457,2019-12-14 09:00:00+00:00,0.0,,uppsala,5f9fe38afd517828962fde29
5458,2019-12-14 10:00:00+00:00,0.0,,uppsala,5f9fe38afd517828962fde29
5459,2019-12-14 11:00:00+00:00,19.0,,uppsala,5f9fe38afd517828962fde29
5460,2019-12-14 12:00:00+00:00,7.0,,uppsala,5f9fe38afd517828962fde29
5461,2019-12-14 13:00:00+00:00,0.0,,uppsala,5f9fe38afd517828962fde29
5462,2019-12-14 14:00:00+00:00,0.0,,uppsala,5f9fe38afd517828962fde29
5463,2019-12-14 15:00:00+00:00,0.0,,uppsala,5f9fe38afd517828962fde29
5464,2019-12-14 16:00:00+00:00,0.0,,uppsala,5f9fe38afd517828962fde29
5465,2019-12-14 17:00:00+00:00,0.0,,uppsala,5f9fe38afd517828962fde29
5466,2019-12-14 18:00:00+00:00,0.0,,uppsala,5f9fe38afd517828962fde29
5467,2019-12-14 19:00:00+00:00,0.0,,uppsala,5f9fe38afd517828962fde29
5468,2019-12-14 20:00:00+00:00,0.0,,uppsala,5f9fe38afd517828962fde29
5469,2019-12-14 21:00:00+00:00,0.0,,uppsala,5f9fe38afd517828962fde29
5470,2019-12-14 22:00:00+00:00,0.0,,uppsala,5f9fe38afd517828962fde29
5471,2019-12-14 23:00:00+00:00,0.0,,uppsala,5f9fe38afd517828962fde29
5472,2019-12-15 00:00:00+00:00,0.0,,uppsala,5f9fe38afd517828962fde29
5473,2019-12-15 01:00:00+00:00,0.0,,uppsala,5f9fe38afd517828962fde29
5474,2019-12-15 02:00:00+00:00,0.0,,uppsala,5f9fe38afd517828962fde29
5475,2019-12-15 03:00:00+00:00,0.0,,uppsala,5f9fe38afd517828962fde29
5476,2019-12-15 04:00:00+00:00,0.0,,uppsala,5f9fe38afd517828962fde29
5477,2019-12-15 05:00:00+00:00,0.0,,uppsala,5f9fe38afd517828962fde29
5478,2019-12-15 06:00:00+00:00,0.0,,uppsala,5f9fe38afd517828962fde29
5479,2019-12-15 07:00:00+00:00,0.0,,uppsala,5f9fe38afd517828962fde29
5480,2019-12-15 08:00:00+00:00,0.0,,uppsala,5f9fe38afd517828962fde29
5481,2019-12-15 09:00:00+00:00,0.7000000000000001,,uppsala,5f9fe38afd517828962fde29
5482,2019-12-15 10:00:00+00:00,0.0,,uppsala,5f9fe38afd517828962fde29
5483,2019-12-15 11:00:00+00:00,428.3,,uppsala,5f9fe38afd517828962fde29
5484,2019-12-15 12:00:00+00:00,93.8,,uppsala,5f9fe38afd517828962fde29
5485,2019-12-15 13:00:00+00:00,253.1,,uppsala,5f9fe38afd517828962fde29
5486,2019-12-15 14:00:00+00:00,0.0,,uppsala,5f9fe38afd517828962fde29
5487,2019-12-15 15:00:00+00:00,0.0,,uppsala,5f9fe38afd517828962fde29
5488,2019-12-15 16:00:00+00:00,0.0,,uppsala,5f9fe38afd517828962fde29
5489,2019-12-15 17:00:00+00:00,0.0,,uppsala,5f9fe38afd517828962fde29
5490,2019-12-15 18:00:00+00:00,0.0,,uppsala,5f9fe38afd517828962fde29
5491,2019-12-15 19:00:00+00:00,0.0,,uppsala,5f9fe38afd517828962fde29
5492,2019-12-15 20:00:00+00:00,0.0,,uppsala,5f9fe38afd517828962fde29
5493,2019-12-15 21:00:00+00:00,0.0,,uppsala,5f9fe38afd517828962fde29
5494,2019-12-15 22:00:00+00:00,0.0,,uppsala,5f9fe38afd517828962fde29
5495,2019-12-15 23:00:00+00:00,0.0,,uppsala,5f9fe38afd517828962fde29
5496,2019-12-16 00:00:00+00:00,0.0,,uppsala,5f9fe38afd517828962fde29
5497,2019-12-16 01:00:00+00:00,0.0,,uppsala,5f9fe38afd517828962fde29
5498,2019-12-16 02:00:00+00:00,0.0,,uppsala,5f9fe38afd517828962fde29
5499,2019-12-16 03:00:00+00:00,0.0,,uppsala,5f9fe38afd517828962fde29
5500,2019-12-16 04:00:00+00:00,0.0,,uppsala,5f9fe38afd517828962fde29
5501,2019-12-16 05:00:00+00:00,0.0,,uppsala,5f9fe38afd517828962fde29
5502,2019-12-16 06:00:00+00:00,0.0,,uppsala,5f9fe38afd517828962fde29
5503,2019-12-16 07:00:00+00:00,0.0,,uppsala,5f9fe38afd517828962fde29
5504,2019-12-16 08:00:00+00:00,28.9,,uppsala,5f9fe38afd517828962fde29
5505,2019-12-16 09:00:00+00:00,407.5,,uppsala,5f9fe38afd517828962fde29
5506,2019-12-16 10:00:00+00:00,8.5,,uppsala,5f9fe38afd517828962fde29
5507,2019-12-16 11:00:00+00:00,0.1,,uppsala,5f9fe38afd517828962fde29
5508,2019-12-16 12:00:00+00:00,0.0,,uppsala,5f9fe38afd517828962fde29
5509,2019-12-16 13:00:00+00:00,0.0,,uppsala,5f9fe38afd517828962fde29
5510,2019-12-16 14:00:00+00:00,0.0,,uppsala,5f9fe38afd517828962fde29
5511,2019-12-16 15:00:00+00:00,0.0,,uppsala,5f9fe38afd517828962fde29
5512,2019-12-16 16:00:00+00:00,0.0,,uppsala,5f9fe38afd517828962fde29
5513,2019-12-16 17:00:00+00:00,0.0,,uppsala,5f9fe38afd517828962fde29
5514,2019-12-16 18:00:00+00:00,0.0,,uppsala,5f9fe38afd517828962fde29
5515,2019-12-16 19:00:00+00:00,0.0,,uppsala,5f9fe38afd517828962fde29
5516,2019-12-16 20:00:00+00:00,0.0,,uppsala,5f9fe38afd517828962fde29
5517,2019-12-16 21:00:00+00:00,0.0,,uppsala,5f9fe38afd517828962fde29
5518,2019-12-16 22:00:00+00:00,0.0,,uppsala,5f9fe38afd517828962fde29
5519,2019-12-16 23:00:00+00:00,0.0,,uppsala,5f9fe38afd517828962fde29
5520,2019-12-17 00:00:00+00:00,0.0,,uppsala,5f9fe38afd517828962fde29
5521,2019-12-17 01:00:00+00:00,0.0,,uppsala,5f9fe38afd517828962fde29
5522,2019-12-17 02:00:00+00:00,0.0,,uppsala,5f9fe38afd517828962fde29
5523,2019-12-17 03:00:00+00:00,0.0,,uppsala,5f9fe38afd517828962fde29
5524,2019-12-17 04:00:00+00:00,0.0,,uppsala,5f9fe38afd517828962fde29
5525,2019-12-17 05:00:00+00:00,0.0,,uppsala,5f9fe38afd517828962fde29
5526,2019-12-17 06:00:00+00:00,0.0,,uppsala,5f9fe38afd517828962fde29
5527,2019-12-17 07:00:00+00:00,0.0,,uppsala,5f9fe38afd517828962fde29
5528,2019-12-17 08:00:00+00:00,0.0,,uppsala,5f9fe38afd517828962fde29
5529,2019-12-17 09:00:00+00:00,16.9,,uppsala,5f9fe38afd517828962fde29
5530,2019-12-17 10:00:00+00:00,0.5,,uppsala,5f9fe38afd517828962fde29
5531,2019-12-17 11:00:00+00:00,0.0,,uppsala,5f9fe38afd517828962fde29
5532,2019-12-17 12:00:00+00:00,0.0,,uppsala,5f9fe38afd517828962fde29
5533,2019-12-17 13:00:00+00:00,0.0,,uppsala,5f9fe38afd517828962fde29
5534,2019-12-17 14:00:00+00:00,0.0,,uppsala,5f9fe38afd517828962fde29
5535,2019-12-17 15:00:00+00:00,0.0,,uppsala,5f9fe38afd517828962fde29
5536,2019-12-17 16:00:00+00:00,0.0,,uppsala,5f9fe38afd517828962fde29
5537,2019-12-17 17:00:00+00:00,0.0,,uppsala,5f9fe38afd517828962fde29
5538,2019-12-17 18:00:00+00:00,0.0,,uppsala,5f9fe38afd517828962fde29
5539,2019-12-17 19:00:00+00:00,0.0,,uppsala,5f9fe38afd517828962fde29
5540,2019-12-17 20:00:00+00:00,0.0,,uppsala,5f9fe38afd517828962fde29
5541,2019-12-17 21:00:00+00:00,0.0,,uppsala,5f9fe38afd517828962fde29
5542,2019-12-17 22:00:00+00:00,0.0,,uppsala,5f9fe38afd517828962fde29
5543,2019-12-17 23:00:00+00:00,0.0,,uppsala,5f9fe38afd517828962fde29
5544,2019-12-18 00:00:00+00:00,0.0,,uppsala,5f9fe38afd517828962fde29
5545,2019-12-18 01:00:00+00:00,0.0,,uppsala,5f9fe38afd517828962fde29
5546,2019-12-18 02:00:00+00:00,0.0,,uppsala,5f9fe38afd517828962fde29
5547,2019-12-18 03:00:00+00:00,0.0,,uppsala,5f9fe38afd517828962fde29
5548,2019-12-18 04:00:00+00:00,0.0,,uppsala,5f9fe38afd517828962fde29
5549,2019-12-18 05:00:00+00:00,0.0,,uppsala,5f9fe38afd517828962fde29
5550,2019-12-18 06:00:00+00:00,0.0,,uppsala,5f9fe38afd517828962fde29
5551,2019-12-18 07:00:00+00:00,0.0,,uppsala,5f9fe38afd517828962fde29
5552,2019-12-18 08:00:00+00:00,0.0,,uppsala,5f9fe38afd517828962fde29
5553,2019-12-18 09:00:00+00:00,0.0,,uppsala,5f9fe38afd517828962fde29
5554,2019-12-18 10:00:00+00:00,1.2,,uppsala,5f9fe38afd517828962fde29
5555,2019-12-18 11:00:00+00:00,12.0,,uppsala,5f9fe38afd517828962fde29
5556,2019-12-18 12:00:00+00:00,0.0,,uppsala,5f9fe38afd517828962fde29
5557,2019-12-18 13:00:00+00:00,0.4,,uppsala,5f9fe38afd517828962fde29
5558,2019-12-18 14:00:00+00:00,0.0,,uppsala,5f9fe38afd517828962fde29
5559,2019-12-18 15:00:00+00:00,0.0,,uppsala,5f9fe38afd517828962fde29
5560,2019-12-18 16:00:00+00:00,0.0,,uppsala,5f9fe38afd517828962fde29
5561,2019-12-18 17:00:00+00:00,0.0,,uppsala,5f9fe38afd517828962fde29
5562,2019-12-18 18:00:00+00:00,0.0,,uppsala,5f9fe38afd517828962fde29
5563,2019-12-18 19:00:00+00:00,0.0,,uppsala,5f9fe38afd517828962fde29
5564,2019-12-18 20:00:00+00:00,0.0,,uppsala,5f9fe38afd517828962fde29
5565,2019-12-18 21:00:00+00:00,0.0,,uppsala,5f9fe38afd517828962fde29
5566,2019-12-18 22:00:00+00:00,0.0,,uppsala,5f9fe38afd517828962fde29
5567,2019-12-18 23:00:00+00:00,0.0,,uppsala,5f9fe38afd517828962fde29
5568,2019-12-19 00:00:00+00:00,0.0,,uppsala,5f9fe38afd517828962fde29
5569,2019-12-19 01:00:00+00:00,0.0,,uppsala,5f9fe38afd517828962fde29
5570,2019-12-19 02:00:00+00:00,0.0,,uppsala,5f9fe38afd517828962fde29
5571,2019-12-19 03:00:00+00:00,0.0,,uppsala,5f9fe38afd517828962fde29
5572,2019-12-19 04:00:00+00:00,0.0,,uppsala,5f9fe38afd517828962fde29
5573,2019-12-19 05:00:00+00:00,0.0,,uppsala,5f9fe38afd517828962fde29
5574,2019-12-19 06:00:00+00:00,0.0,,uppsala,5f9fe38afd517828962fde29
5575,2019-12-19 07:00:00+00:00,0.0,,uppsala,5f9fe38afd517828962fde29
5576,2019-12-19 08:00:00+00:00,0.0,,uppsala,5f9fe38afd517828962fde29
5577,2019-12-19 09:00:00+00:00,0.0,,uppsala,5f9fe38afd517828962fde29
5578,2019-12-19 10:00:00+00:00,4.4,,uppsala,5f9fe38afd517828962fde29
5579,2019-12-19 11:00:00+00:00,69.1,,uppsala,5f9fe38afd517828962fde29
5580,2019-12-19 12:00:00+00:00,42.9,,uppsala,5f9fe38afd517828962fde29
5581,2019-12-19 13:00:00+00:00,0.0,,uppsala,5f9fe38afd517828962fde29
5582,2019-12-19 14:00:00+00:00,0.0,,uppsala,5f9fe38afd517828962fde29
5583,2019-12-19 15:00:00+00:00,0.0,,uppsala,5f9fe38afd517828962fde29
5584,2019-12-19 16:00:00+00:00,0.0,,uppsala,5f9fe38afd517828962fde29
5585,2019-12-19 17:00:00+00:00,0.0,,uppsala,5f9fe38afd517828962fde29
5586,2019-12-19 18:00:00+00:00,0.0,,uppsala,5f9fe38afd517828962fde29
5587,2019-12-19 19:00:00+00:00,0.0,,uppsala,5f9fe38afd517828962fde29
5588,2019-12-19 20:00:00+00:00,0.0,,uppsala,5f9fe38afd517828962fde29
5589,2019-12-19 21:00:00+00:00,0.0,,uppsala,5f9fe38afd517828962fde29
5590,2019-12-19 22:00:00+00:00,0.0,,uppsala,5f9fe38afd517828962fde29
5591,2019-12-19 23:00:00+00:00,0.0,,uppsala,5f9fe38afd517828962fde29
5592,2019-12-20 00:00:00+00:00,0.0,,uppsala,5f9fe38afd517828962fde29
5593,2019-12-20 01:00:00+00:00,0.0,,uppsala,5f9fe38afd517828962fde29
5594,2019-12-20 02:00:00+00:00,0.0,,uppsala,5f9fe38afd517828962fde29
5595,2019-12-20 03:00:00+00:00,0.0,,uppsala,5f9fe38afd517828962fde29
5596,2019-12-20 04:00:00+00:00,0.0,,uppsala,5f9fe38afd517828962fde29
5597,2019-12-20 05:00:00+00:00,0.0,,uppsala,5f9fe38afd517828962fde29
5598,2019-12-20 06:00:00+00:00,0.0,,uppsala,5f9fe38afd517828962fde29
5599,2019-12-20 07:00:00+00:00,0.0,,uppsala,5f9fe38afd517828962fde29
5600,2019-12-20 08:00:00+00:00,0.0,,uppsala,5f9fe38afd517828962fde29
5601,2019-12-20 09:00:00+00:00,0.0,,uppsala,5f9fe38afd517828962fde29
5602,2019-12-20 10:00:00+00:00,0.0,,uppsala,5f9fe38afd517828962fde29
5603,2019-12-20 11:00:00+00:00,0.0,,uppsala,5f9fe38afd517828962fde29
5604,2019-12-20 12:00:00+00:00,0.0,,uppsala,5f9fe38afd517828962fde29
5605,2019-12-20 13:00:00+00:00,0.0,,uppsala,5f9fe38afd517828962fde29
5606,2019-12-20 14:00:00+00:00,0.0,,uppsala,5f9fe38afd517828962fde29
5607,2019-12-20 15:00:00+00:00,0.0,,uppsala,5f9fe38afd517828962fde29
5608,2019-12-20 16:00:00+00:00,0.0,,uppsala,5f9fe38afd517828962fde29
5609,2019-12-20 17:00:00+00:00,0.0,,uppsala,5f9fe38afd517828962fde29
5610,2019-12-20 18:00:00+00:00,0.0,,uppsala,5f9fe38afd517828962fde29
5611,2019-12-20 19:00:00+00:00,0.0,,uppsala,5f9fe38afd517828962fde29
5612,2019-12-20 20:00:00+00:00,0.0,,uppsala,5f9fe38afd517828962fde29
5613,2019-12-20 21:00:00+00:00,0.0,,uppsala,5f9fe38afd517828962fde29
5614,2019-12-20 22:00:00+00:00,0.0,,uppsala,5f9fe38afd517828962fde29
5615,2019-12-20 23:00:00+00:00,0.0,,uppsala,5f9fe38afd517828962fde29
5616,2019-12-21 00:00:00+00:00,0.0,,uppsala,5f9fe38afd517828962fde29
5617,2019-12-21 01:00:00+00:00,0.0,,uppsala,5f9fe38afd517828962fde29
5618,2019-12-21 02:00:00+00:00,0.0,,uppsala,5f9fe38afd517828962fde29
5619,2019-12-21 03:00:00+00:00,0.0,,uppsala,5f9fe38afd517828962fde29
5620,2019-12-21 04:00:00+00:00,0.0,,uppsala,5f9fe38afd517828962fde29
5621,2019-12-21 05:00:00+00:00,0.0,,uppsala,5f9fe38afd517828962fde29
5622,2019-12-21 06:00:00+00:00,0.0,,uppsala,5f9fe38afd517828962fde29
5623,2019-12-21 07:00:00+00:00,0.0,,uppsala,5f9fe38afd517828962fde29
5624,2019-12-21 08:00:00+00:00,0.0,,uppsala,5f9fe38afd517828962fde29
5625,2019-12-21 09:00:00+00:00,0.0,,uppsala,5f9fe38afd517828962fde29
5626,2019-12-21 10:00:00+00:00,0.0,,uppsala,5f9fe38afd517828962fde29
5627,2019-12-21 11:00:00+00:00,0.0,,uppsala,5f9fe38afd517828962fde29
5628,2019-12-21 12:00:00+00:00,0.0,,uppsala,5f9fe38afd517828962fde29
5629,2019-12-21 13:00:00+00:00,0.0,,uppsala,5f9fe38afd517828962fde29
5630,2019-12-21 14:00:00+00:00,0.0,,uppsala,5f9fe38afd517828962fde29
5631,2019-12-21 15:00:00+00:00,0.0,,uppsala,5f9fe38afd517828962fde29
5632,2019-12-21 16:00:00+00:00,0.0,,uppsala,5f9fe38afd517828962fde29
5633,2019-12-21 17:00:00+00:00,0.0,,uppsala,5f9fe38afd517828962fde29
5634,2019-12-21 18:00:00+00:00,0.0,,uppsala,5f9fe38afd517828962fde29
5635,2019-12-21 19:00:00+00:00,0.0,,uppsala,5f9fe38afd517828962fde29
5636,2019-12-21 20:00:00+00:00,0.0,,uppsala,5f9fe38afd517828962fde29
5637,2019-12-21 21:00:00+00:00,0.0,,uppsala,5f9fe38afd517828962fde29
5638,2019-12-21 22:00:00+00:00,0.0,,uppsala,5f9fe38afd517828962fde29
5639,2019-12-21 23:00:00+00:00,0.0,,uppsala,5f9fe38afd517828962fde29
5640,2019-12-22 00:00:00+00:00,0.0,,uppsala,5f9fe38afd517828962fde29
5641,2019-12-22 01:00:00+00:00,0.0,,uppsala,5f9fe38afd517828962fde29
5642,2019-12-22 02:00:00+00:00,0.0,,uppsala,5f9fe38afd517828962fde29
5643,2019-12-22 03:00:00+00:00,0.0,,uppsala,5f9fe38afd517828962fde29
5644,2019-12-22 04:00:00+00:00,0.0,,uppsala,5f9fe38afd517828962fde29
5645,2019-12-22 05:00:00+00:00,0.0,,uppsala,5f9fe38afd517828962fde29
5646,2019-12-22 06:00:00+00:00,0.0,,uppsala,5f9fe38afd517828962fde29
5647,2019-12-22 07:00:00+00:00,0.0,,uppsala,5f9fe38afd517828962fde29
5648,2019-12-22 08:00:00+00:00,0.0,,uppsala,5f9fe38afd517828962fde29
5649,2019-12-22 09:00:00+00:00,0.0,,uppsala,5f9fe38afd517828962fde29
5650,2019-12-22 10:00:00+00:00,0.0,,uppsala,5f9fe38afd517828962fde29
5651,2019-12-22 11:00:00+00:00,0.0,,uppsala,5f9fe38afd517828962fde29
5652,2019-12-22 12:00:00+00:00,58.2,,uppsala,5f9fe38afd517828962fde29
5653,2019-12-22 13:00:00+00:00,5.7,,uppsala,5f9fe38afd517828962fde29
5654,2019-12-22 14:00:00+00:00,0.0,,uppsala,5f9fe38afd517828962fde29
5655,2019-12-22 15:00:00+00:00,0.0,,uppsala,5f9fe38afd517828962fde29
5656,2019-12-22 16:00:00+00:00,0.0,,uppsala,5f9fe38afd517828962fde29
5657,2019-12-22 17:00:00+00:00,0.0,,uppsala,5f9fe38afd517828962fde29
5658,2019-12-22 18:00:00+00:00,0.0,,uppsala,5f9fe38afd517828962fde29
5659,2019-12-22 19:00:00+00:00,0.0,,uppsala,5f9fe38afd517828962fde29
5660,2019-12-22 20:00:00+00:00,0.0,,uppsala,5f9fe38afd517828962fde29
5661,2019-12-22 21:00:00+00:00,0.0,,uppsala,5f9fe38afd517828962fde29
5662,2019-12-22 22:00:00+00:00,0.0,,uppsala,5f9fe38afd517828962fde29
5663,2019-12-22 23:00:00+00:00,0.0,,uppsala,5f9fe38afd517828962fde29
5664,2019-12-23 00:00:00+00:00,0.0,,uppsala,5f9fe38afd517828962fde29
5665,2019-12-23 01:00:00+00:00,0.0,,uppsala,5f9fe38afd517828962fde29
5666,2019-12-23 02:00:00+00:00,0.0,,uppsala,5f9fe38afd517828962fde29
5667,2019-12-23 03:00:00+00:00,0.0,,uppsala,5f9fe38afd517828962fde29
5668,2019-12-23 04:00:00+00:00,0.0,,uppsala,5f9fe38afd517828962fde29
5669,2019-12-23 05:00:00+00:00,0.0,,uppsala,5f9fe38afd517828962fde29
5670,2019-12-23 06:00:00+00:00,0.0,,uppsala,5f9fe38afd517828962fde29
5671,2019-12-23 07:00:00+00:00,0.0,,uppsala,5f9fe38afd517828962fde29
5672,2019-12-23 08:00:00+00:00,0.0,,uppsala,5f9fe38afd517828962fde29
5673,2019-12-23 09:00:00+00:00,0.0,,uppsala,5f9fe38afd517828962fde29
5674,2019-12-23 10:00:00+00:00,0.0,,uppsala,5f9fe38afd517828962fde29
5675,2019-12-23 11:00:00+00:00,0.0,,uppsala,5f9fe38afd517828962fde29
5676,2019-12-23 12:00:00+00:00,0.0,,uppsala,5f9fe38afd517828962fde29
5677,2019-12-23 13:00:00+00:00,0.0,,uppsala,5f9fe38afd517828962fde29
5678,2019-12-23 14:00:00+00:00,0.0,,uppsala,5f9fe38afd517828962fde29
5679,2019-12-23 15:00:00+00:00,0.0,,uppsala,5f9fe38afd517828962fde29
5680,2019-12-23 16:00:00+00:00,0.0,,uppsala,5f9fe38afd517828962fde29
5681,2019-12-23 17:00:00+00:00,0.0,,uppsala,5f9fe38afd517828962fde29
5682,2019-12-23 18:00:00+00:00,0.0,,uppsala,5f9fe38afd517828962fde29
5683,2019-12-23 19:00:00+00:00,0.0,,uppsala,5f9fe38afd517828962fde29
5684,2019-12-23 20:00:00+00:00,0.0,,uppsala,5f9fe38afd517828962fde29
5685,2019-12-23 21:00:00+00:00,0.0,,uppsala,5f9fe38afd517828962fde29
5686,2019-12-23 22:00:00+00:00,0.0,,uppsala,5f9fe38afd517828962fde29
5687,2019-12-23 23:00:00+00:00,0.0,,uppsala,5f9fe38afd517828962fde29
5688,2019-12-24 00:00:00+00:00,0.0,,uppsala,5f9fe38afd517828962fde29
5689,2019-12-24 01:00:00+00:00,0.0,,uppsala,5f9fe38afd517828962fde29
5690,2019-12-24 02:00:00+00:00,0.0,,uppsala,5f9fe38afd517828962fde29
5691,2019-12-24 03:00:00+00:00,0.0,,uppsala,5f9fe38afd517828962fde29
5692,2019-12-24 04:00:00+00:00,0.0,,uppsala,5f9fe38afd517828962fde29
5693,2019-12-24 05:00:00+00:00,0.0,,uppsala,5f9fe38afd517828962fde29
5694,2019-12-24 06:00:00+00:00,0.0,,uppsala,5f9fe38afd517828962fde29
5695,2019-12-24 07:00:00+00:00,0.0,,uppsala,5f9fe38afd517828962fde29
5696,2019-12-24 08:00:00+00:00,0.0,,uppsala,5f9fe38afd517828962fde29
5697,2019-12-24 09:00:00+00:00,0.0,,uppsala,5f9fe38afd517828962fde29
5698,2019-12-24 10:00:00+00:00,0.0,,uppsala,5f9fe38afd517828962fde29
5699,2019-12-24 11:00:00+00:00,0.0,,uppsala,5f9fe38afd517828962fde29
5700,2019-12-24 12:00:00+00:00,0.0,,uppsala,5f9fe38afd517828962fde29
5701,2019-12-24 13:00:00+00:00,0.0,,uppsala,5f9fe38afd517828962fde29
5702,2019-12-24 14:00:00+00:00,0.0,,uppsala,5f9fe38afd517828962fde29
5703,2019-12-24 15:00:00+00:00,0.0,,uppsala,5f9fe38afd517828962fde29
5704,2019-12-24 16:00:00+00:00,0.0,,uppsala,5f9fe38afd517828962fde29
5705,2019-12-24 17:00:00+00:00,0.0,,uppsala,5f9fe38afd517828962fde29
5706,2019-12-24 18:00:00+00:00,0.0,,uppsala,5f9fe38afd517828962fde29
5707,2019-12-24 19:00:00+00:00,0.0,,uppsala,5f9fe38afd517828962fde29
5708,2019-12-24 20:00:00+00:00,0.0,,uppsala,5f9fe38afd517828962fde29
5709,2019-12-24 21:00:00+00:00,0.0,,uppsala,5f9fe38afd517828962fde29
5710,2019-12-24 22:00:00+00:00,0.0,,uppsala,5f9fe38afd517828962fde29
5711,2019-12-24 23:00:00+00:00,0.0,,uppsala,5f9fe38afd517828962fde29
5712,2019-12-25 00:00:00+00:00,0.0,,uppsala,5f9fe38afd517828962fde29
5713,2019-12-25 01:00:00+00:00,0.0,,uppsala,5f9fe38afd517828962fde29
5714,2019-12-25 02:00:00+00:00,0.0,,uppsala,5f9fe38afd517828962fde29
5715,2019-12-25 03:00:00+00:00,0.0,,uppsala,5f9fe38afd517828962fde29
5716,2019-12-25 04:00:00+00:00,0.0,,uppsala,5f9fe38afd517828962fde29
5717,2019-12-25 05:00:00+00:00,0.0,,uppsala,5f9fe38afd517828962fde29
5718,2019-12-25 06:00:00+00:00,0.0,,uppsala,5f9fe38afd517828962fde29
5719,2019-12-25 07:00:00+00:00,0.0,,uppsala,5f9fe38afd517828962fde29
5720,2019-12-25 08:00:00+00:00,0.0,,uppsala,5f9fe38afd517828962fde29
5721,2019-12-25 09:00:00+00:00,22.8,,uppsala,5f9fe38afd517828962fde29
5722,2019-12-25 10:00:00+00:00,46.4,,uppsala,5f9fe38afd517828962fde29
5723,2019-12-25 11:00:00+00:00,51.6,,uppsala,5f9fe38afd517828962fde29
5724,2019-12-25 12:00:00+00:00,70.8,,uppsala,5f9fe38afd517828962fde29
5725,2019-12-25 13:00:00+00:00,35.0,,uppsala,5f9fe38afd517828962fde29
5726,2019-12-25 14:00:00+00:00,0.0,,uppsala,5f9fe38afd517828962fde29
5727,2019-12-25 15:00:00+00:00,0.0,,uppsala,5f9fe38afd517828962fde29
5728,2019-12-25 16:00:00+00:00,0.0,,uppsala,5f9fe38afd517828962fde29
5729,2019-12-25 17:00:00+00:00,0.0,,uppsala,5f9fe38afd517828962fde29
5730,2019-12-25 18:00:00+00:00,0.0,,uppsala,5f9fe38afd517828962fde29
5731,2019-12-25 19:00:00+00:00,0.0,,uppsala,5f9fe38afd517828962fde29
5732,2019-12-25 20:00:00+00:00,0.0,,uppsala,5f9fe38afd517828962fde29
5733,2019-12-25 21:00:00+00:00,0.0,,uppsala,5f9fe38afd517828962fde29
5734,2019-12-25 22:00:00+00:00,0.0,,uppsala,5f9fe38afd517828962fde29
5735,2019-12-25 23:00:00+00:00,0.0,,uppsala,5f9fe38afd517828962fde29
5736,2019-12-26 00:00:00+00:00,0.0,,uppsala,5f9fe38afd517828962fde29
5737,2019-12-26 01:00:00+00:00,0.0,,uppsala,5f9fe38afd517828962fde29
5738,2019-12-26 02:00:00+00:00,0.0,,uppsala,5f9fe38afd517828962fde29
5739,2019-12-26 03:00:00+00:00,0.0,,uppsala,5f9fe38afd517828962fde29
5740,2019-12-26 04:00:00+00:00,0.0,,uppsala,5f9fe38afd517828962fde29
5741,2019-12-26 05:00:00+00:00,0.0,,uppsala,5f9fe38afd517828962fde29
5742,2019-12-26 06:00:00+00:00,0.0,,uppsala,5f9fe38afd517828962fde29
5743,2019-12-26 07:00:00+00:00,0.0,,uppsala,5f9fe38afd517828962fde29
5744,2019-12-26 08:00:00+00:00,0.0,,uppsala,5f9fe38afd517828962fde29
5745,2019-12-26 09:00:00+00:00,14.6,,uppsala,5f9fe38afd517828962fde29
5746,2019-12-26 10:00:00+00:00,91.6,,uppsala,5f9fe38afd517828962fde29
5747,2019-12-26 11:00:00+00:00,39.3,,uppsala,5f9fe38afd517828962fde29
5748,2019-12-26 12:00:00+00:00,0.0,,uppsala,5f9fe38afd517828962fde29
5749,2019-12-26 13:00:00+00:00,0.0,,uppsala,5f9fe38afd517828962fde29
5750,2019-12-26 14:00:00+00:00,0.0,,uppsala,5f9fe38afd517828962fde29
5751,2019-12-26 15:00:00+00:00,0.0,,uppsala,5f9fe38afd517828962fde29
5752,2019-12-26 16:00:00+00:00,0.0,,uppsala,5f9fe38afd517828962fde29
5753,2019-12-26 17:00:00+00:00,0.0,,uppsala,5f9fe38afd517828962fde29
5754,2019-12-26 18:00:00+00:00,0.0,,uppsala,5f9fe38afd517828962fde29
5755,2019-12-26 19:00:00+00:00,0.0,,uppsala,5f9fe38afd517828962fde29
5756,2019-12-26 20:00:00+00:00,0.0,,uppsala,5f9fe38afd517828962fde29
5757,2019-12-26 21:00:00+00:00,0.0,,uppsala,5f9fe38afd517828962fde29
5758,2019-12-26 22:00:00+00:00,0.0,,uppsala,5f9fe38afd517828962fde29
5759,2019-12-26 23:00:00+00:00,0.0,,uppsala,5f9fe38afd517828962fde29
5760,2019-12-27 00:00:00+00:00,0.0,,uppsala,5f9fe38afd517828962fde29
5761,2019-12-27 01:00:00+00:00,0.0,,uppsala,5f9fe38afd517828962fde29
5762,2019-12-27 02:00:00+00:00,0.0,,uppsala,5f9fe38afd517828962fde29
5763,2019-12-27 03:00:00+00:00,0.0,,uppsala,5f9fe38afd517828962fde29
5764,2019-12-27 04:00:00+00:00,0.0,,uppsala,5f9fe38afd517828962fde29
5765,2019-12-27 05:00:00+00:00,0.0,,uppsala,5f9fe38afd517828962fde29
5766,2019-12-27 06:00:00+00:00,0.0,,uppsala,5f9fe38afd517828962fde29
5767,2019-12-27 07:00:00+00:00,0.0,,uppsala,5f9fe38afd517828962fde29
5768,2019-12-27 08:00:00+00:00,0.0,,uppsala,5f9fe38afd517828962fde29
5769,2019-12-27 09:00:00+00:00,0.0,,uppsala,5f9fe38afd517828962fde29
5770,2019-12-27 10:00:00+00:00,518.5,,uppsala,5f9fe38afd517828962fde29
5771,2019-12-27 11:00:00+00:00,505.4,,uppsala,5f9fe38afd517828962fde29
5772,2019-12-27 12:00:00+00:00,498.6,,uppsala,5f9fe38afd517828962fde29
5773,2019-12-27 13:00:00+00:00,89.8,,uppsala,5f9fe38afd517828962fde29
5774,2019-12-27 14:00:00+00:00,0.0,,uppsala,5f9fe38afd517828962fde29
5775,2019-12-27 15:00:00+00:00,0.0,,uppsala,5f9fe38afd517828962fde29
5776,2019-12-27 16:00:00+00:00,0.0,,uppsala,5f9fe38afd517828962fde29
5777,2019-12-27 17:00:00+00:00,0.0,,uppsala,5f9fe38afd517828962fde29
5778,2019-12-27 18:00:00+00:00,0.0,,uppsala,5f9fe38afd517828962fde29
5779,2019-12-27 19:00:00+00:00,0.0,,uppsala,5f9fe38afd517828962fde29
5780,2019-12-27 20:00:00+00:00,0.0,,uppsala,5f9fe38afd517828962fde29
5781,2019-12-27 21:00:00+00:00,0.0,,uppsala,5f9fe38afd517828962fde29
5782,2019-12-27 22:00:00+00:00,0.0,,uppsala,5f9fe38afd517828962fde29
5783,2019-12-27 23:00:00+00:00,0.0,,uppsala,5f9fe38afd517828962fde29
5784,2019-12-28 00:00:00+00:00,0.0,,uppsala,5f9fe38afd517828962fde29
5785,2019-12-28 01:00:00+00:00,0.0,,uppsala,5f9fe38afd517828962fde29
5786,2019-12-28 02:00:00+00:00,0.0,,uppsala,5f9fe38afd517828962fde29
5787,2019-12-28 03:00:00+00:00,0.0,,uppsala,5f9fe38afd517828962fde29
5788,2019-12-28 04:00:00+00:00,0.0,,uppsala,5f9fe38afd517828962fde29
5789,2019-12-28 05:00:00+00:00,0.0,,uppsala,5f9fe38afd517828962fde29
5790,2019-12-28 06:00:00+00:00,0.0,,uppsala,5f9fe38afd517828962fde29
5791,2019-12-28 07:00:00+00:00,0.0,,uppsala,5f9fe38afd517828962fde29
5792,2019-12-28 08:00:00+00:00,6.4,,uppsala,5f9fe38afd517828962fde29
5793,2019-12-28 09:00:00+00:00,24.2,,uppsala,5f9fe38afd517828962fde29
5794,2019-12-28 10:00:00+00:00,130.8,,uppsala,5f9fe38afd517828962fde29
5795,2019-12-28 11:00:00+00:00,250.4,,uppsala,5f9fe38afd517828962fde29
5796,2019-12-28 12:00:00+00:00,0.0,,uppsala,5f9fe38afd517828962fde29
5797,2019-12-28 13:00:00+00:00,52.7,,uppsala,5f9fe38afd517828962fde29
5798,2019-12-28 14:00:00+00:00,0.0,,uppsala,5f9fe38afd517828962fde29
5799,2019-12-28 15:00:00+00:00,0.0,,uppsala,5f9fe38afd517828962fde29
5800,2019-12-28 16:00:00+00:00,0.0,,uppsala,5f9fe38afd517828962fde29
5801,2019-12-28 17:00:00+00:00,0.0,,uppsala,5f9fe38afd517828962fde29
5802,2019-12-28 18:00:00+00:00,0.0,,uppsala,5f9fe38afd517828962fde29
5803,2019-12-28 19:00:00+00:00,0.0,,uppsala,5f9fe38afd517828962fde29
5804,2019-12-28 20:00:00+00:00,0.0,,uppsala,5f9fe38afd517828962fde29
5805,2019-12-28 21:00:00+00:00,0.0,,uppsala,5f9fe38afd517828962fde29
5806,2019-12-28 22:00:00+00:00,0.0,,uppsala,5f9fe38afd517828962fde29
5807,2019-12-28 23:00:00+00:00,0.0,,uppsala,5f9fe38afd517828962fde29
5808,2019-12-29 00:00:00+00:00,0.0,,uppsala,5f9fe38afd517828962fde29
5809,2019-12-29 01:00:00+00:00,0.0,,uppsala,5f9fe38afd517828962fde29
5810,2019-12-29 02:00:00+00:00,0.0,,uppsala,5f9fe38afd517828962fde29
5811,2019-12-29 03:00:00+00:00,0.0,,uppsala,5f9fe38afd517828962fde29
5812,2019-12-29 04:00:00+00:00,0.0,,uppsala,5f9fe38afd517828962fde29
5813,2019-12-29 05:00:00+00:00,0.0,,uppsala,5f9fe38afd517828962fde29
5814,2019-12-29 06:00:00+00:00,0.0,,uppsala,5f9fe38afd517828962fde29
5815,2019-12-29 07:00:00+00:00,0.0,,uppsala,5f9fe38afd517828962fde29
5816,2019-12-29 08:00:00+00:00,0.0,,uppsala,5f9fe38afd517828962fde29
5817,2019-12-29 09:00:00+00:00,0.0,,uppsala,5f9fe38afd517828962fde29
5818,2019-12-29 10:00:00+00:00,0.0,,uppsala,5f9fe38afd517828962fde29
5819,2019-12-29 11:00:00+00:00,0.0,,uppsala,5f9fe38afd517828962fde29
5820,2019-12-29 12:00:00+00:00,0.0,,uppsala,5f9fe38afd517828962fde29
5821,2019-12-29 13:00:00+00:00,0.0,,uppsala,5f9fe38afd517828962fde29
5822,2019-12-29 14:00:00+00:00,0.0,,uppsala,5f9fe38afd517828962fde29
5823,2019-12-29 15:00:00+00:00,0.0,,uppsala,5f9fe38afd517828962fde29
5824,2019-12-29 16:00:00+00:00,0.0,,uppsala,5f9fe38afd517828962fde29
5825,2019-12-29 17:00:00+00:00,0.0,,uppsala,5f9fe38afd517828962fde29
5826,2019-12-29 18:00:00+00:00,0.0,,uppsala,5f9fe38afd517828962fde29
5827,2019-12-29 19:00:00+00:00,0.0,,uppsala,5f9fe38afd517828962fde29
5828,2019-12-29 20:00:00+00:00,0.0,,uppsala,5f9fe38afd517828962fde29
5829,2019-12-29 21:00:00+00:00,0.0,,uppsala,5f9fe38afd517828962fde29
5830,2019-12-29 22:00:00+00:00,0.0,,uppsala,5f9fe38afd517828962fde29
5831,2019-12-29 23:00:00+00:00,0.0,,uppsala,5f9fe38afd517828962fde29
5832,2019-12-30 00:00:00+00:00,0.0,,uppsala,5f9fe38afd517828962fde29
5833,2019-12-30 01:00:00+00:00,0.0,,uppsala,5f9fe38afd517828962fde29
5834,2019-12-30 02:00:00+00:00,0.0,,uppsala,5f9fe38afd517828962fde29
5835,2019-12-30 03:00:00+00:00,0.0,,uppsala,5f9fe38afd517828962fde29
5836,2019-12-30 04:00:00+00:00,0.0,,uppsala,5f9fe38afd517828962fde29
5837,2019-12-30 05:00:00+00:00,0.0,,uppsala,5f9fe38afd517828962fde29
5838,2019-12-30 06:00:00+00:00,0.0,,uppsala,5f9fe38afd517828962fde29
5839,2019-12-30 07:00:00+00:00,0.0,,uppsala,5f9fe38afd517828962fde29
5840,2019-12-30 08:00:00+00:00,0.0,,uppsala,5f9fe38afd517828962fde29
5841,2019-12-30 09:00:00+00:00,0.0,,uppsala,5f9fe38afd517828962fde29
5842,2019-12-30 10:00:00+00:00,0.0,,uppsala,5f9fe38afd517828962fde29
5843,2019-12-30 11:00:00+00:00,65.9,,uppsala,5f9fe38afd517828962fde29
5844,2019-12-30 12:00:00+00:00,222.8,,uppsala,5f9fe38afd517828962fde29
5845,2019-12-30 13:00:00+00:00,0.0,,uppsala,5f9fe38afd517828962fde29
5846,2019-12-30 14:00:00+00:00,0.0,,uppsala,5f9fe38afd517828962fde29
5847,2019-12-30 15:00:00+00:00,0.0,,uppsala,5f9fe38afd517828962fde29
5848,2019-12-30 16:00:00+00:00,0.0,,uppsala,5f9fe38afd517828962fde29
5849,2019-12-30 17:00:00+00:00,0.0,,uppsala,5f9fe38afd517828962fde29
5850,2019-12-30 18:00:00+00:00,0.0,,uppsala,5f9fe38afd517828962fde29
5851,2019-12-30 19:00:00+00:00,0.0,,uppsala,5f9fe38afd517828962fde29
5852,2019-12-30 20:00:00+00:00,0.0,,uppsala,5f9fe38afd517828962fde29
5853,2019-12-30 21:00:00+00:00,0.0,,uppsala,5f9fe38afd517828962fde29
5854,2019-12-30 22:00:00+00:00,0.0,,uppsala,5f9fe38afd517828962fde29
5855,2019-12-30 23:00:00+00:00,0.0,,uppsala,5f9fe38afd517828962fde29
5856,2019-12-31 00:00:00+00:00,0.0,,uppsala,5f9fe38afd517828962fde29
5857,2019-12-31 01:00:00+00:00,0.0,,uppsala,5f9fe38afd517828962fde29
5858,2019-12-31 02:00:00+00:00,0.0,,uppsala,5f9fe38afd517828962fde29
5859,2019-12-31 03:00:00+00:00,0.0,,uppsala,5f9fe38afd517828962fde29
5860,2019-12-31 04:00:00+00:00,0.0,,uppsala,5f9fe38afd517828962fde29
5861,2019-12-31 05:00:00+00:00,0.0,,uppsala,5f9fe38afd517828962fde29
5862,2019-12-31 06:00:00+00:00,0.0,,uppsala,5f9fe38afd517828962fde29
5863,2019-12-31 07:00:00+00:00,0.0,,uppsala,5f9fe38afd517828962fde29
5864,2019-12-31 08:00:00+00:00,23.4,,uppsala,5f9fe38afd517828962fde29
5865,2019-12-31 09:00:00+00:00,426.9,,uppsala,5f9fe38afd517828962fde29
5866,2019-12-31 10:00:00+00:00,548.8,,uppsala,5f9fe38afd517828962fde29
5867,2019-12-31 11:00:00+00:00,556.7,,uppsala,5f9fe38afd517828962fde29
5868,2019-12-31 12:00:00+00:00,492.6,,uppsala,5f9fe38afd517828962fde29
5869,2019-12-31 13:00:00+00:00,314.1,,uppsala,5f9fe38afd517828962fde29
5870,2019-12-31 14:00:00+00:00,0.0,,uppsala,5f9fe38afd517828962fde29
5871,2019-12-31 15:00:00+00:00,0.0,,uppsala,5f9fe38afd517828962fde29
5872,2019-12-31 16:00:00+00:00,0.0,,uppsala,5f9fe38afd517828962fde29
5873,2019-12-31 17:00:00+00:00,0.0,,uppsala,5f9fe38afd517828962fde29
5874,2019-12-31 18:00:00+00:00,0.0,,uppsala,5f9fe38afd517828962fde29
5875,2019-12-31 19:00:00+00:00,0.0,,uppsala,5f9fe38afd517828962fde29
5876,2019-12-31 20:00:00+00:00,0.0,,uppsala,5f9fe38afd517828962fde29
5877,2019-12-31 21:00:00+00:00,0.0,,uppsala,5f9fe38afd517828962fde29
5878,2019-12-31 22:00:00+00:00,0.0,,uppsala,5f9fe38afd517828962fde29
5879,2019-12-31 23:00:00+00:00,0.0,,uppsala,5f9fe38afd517828962fde29
5880,2020-01-01 00:00:00+00:00,0.0,,uppsala,5f9fe38afd517828962fde29
5881,2020-01-01 01:00:00+00:00,0.0,,uppsala,5f9fe38afd517828962fde29
5882,2020-01-01 02:00:00+00:00,0.0,,uppsala,5f9fe38afd517828962fde29
5883,2020-01-01 03:00:00+00:00,0.0,,uppsala,5f9fe38afd517828962fde29
5884,2020-01-01 04:00:00+00:00,0.0,,uppsala,5f9fe38afd517828962fde29
5885,2020-01-01 05:00:00+00:00,0.0,,uppsala,5f9fe38afd517828962fde29
5886,2020-01-01 06:00:00+00:00,0.0,,uppsala,5f9fe38afd517828962fde29
5887,2020-01-01 07:00:00+00:00,0.0,,uppsala,5f9fe38afd517828962fde29
5888,2020-01-01 08:00:00+00:00,0.0,,uppsala,5f9fe38afd517828962fde29
5889,2020-01-01 09:00:00+00:00,0.0,,uppsala,5f9fe38afd517828962fde29
5890,2020-01-01 10:00:00+00:00,465.0,,uppsala,5f9fe38afd517828962fde29
5891,2020-01-01 11:00:00+00:00,43.8,,uppsala,5f9fe38afd517828962fde29
5892,2020-01-01 12:00:00+00:00,48.4,,uppsala,5f9fe38afd517828962fde29
5893,2020-01-01 13:00:00+00:00,336.5,,uppsala,5f9fe38afd517828962fde29
5894,2020-01-01 14:00:00+00:00,0.0,,uppsala,5f9fe38afd517828962fde29
5895,2020-01-01 15:00:00+00:00,0.0,,uppsala,5f9fe38afd517828962fde29
5896,2020-01-01 16:00:00+00:00,0.0,,uppsala,5f9fe38afd517828962fde29
5897,2020-01-01 17:00:00+00:00,0.0,,uppsala,5f9fe38afd517828962fde29
5898,2020-01-01 18:00:00+00:00,0.0,,uppsala,5f9fe38afd517828962fde29
5899,2020-01-01 19:00:00+00:00,0.0,,uppsala,5f9fe38afd517828962fde29
5900,2020-01-01 20:00:00+00:00,0.0,,uppsala,5f9fe38afd517828962fde29
5901,2020-01-01 21:00:00+00:00,0.0,,uppsala,5f9fe38afd517828962fde29
5902,2020-01-01 22:00:00+00:00,0.0,,uppsala,5f9fe38afd517828962fde29
5903,2020-01-01 23:00:00+00:00,0.0,,uppsala,5f9fe38afd517828962fde29
5904,2020-01-02 00:00:00+00:00,0.0,,uppsala,5f9fe38afd517828962fde29
5905,2020-01-02 01:00:00+00:00,0.0,,uppsala,5f9fe38afd517828962fde29
5906,2020-01-02 02:00:00+00:00,0.0,,uppsala,5f9fe38afd517828962fde29
5907,2020-01-02 03:00:00+00:00,0.0,,uppsala,5f9fe38afd517828962fde29
5908,2020-01-02 04:00:00+00:00,0.0,,uppsala,5f9fe38afd517828962fde29
5909,2020-01-02 05:00:00+00:00,0.0,,uppsala,5f9fe38afd517828962fde29
5910,2020-01-02 06:00:00+00:00,0.0,,uppsala,5f9fe38afd517828962fde29
5911,2020-01-02 07:00:00+00:00,0.0,,uppsala,5f9fe38afd517828962fde29
5912,2020-01-02 08:00:00+00:00,0.0,,uppsala,5f9fe38afd517828962fde29
5913,2020-01-02 09:00:00+00:00,0.0,,uppsala,5f9fe38afd517828962fde29
5914,2020-01-02 10:00:00+00:00,104.1,,uppsala,5f9fe38afd517828962fde29
5915,2020-01-02 11:00:00+00:00,206.0,,uppsala,5f9fe38afd517828962fde29
5916,2020-01-02 12:00:00+00:00,0.0,,uppsala,5f9fe38afd517828962fde29
5917,2020-01-02 13:00:00+00:00,0.0,,uppsala,5f9fe38afd517828962fde29
5918,2020-01-02 14:00:00+00:00,0.0,,uppsala,5f9fe38afd517828962fde29
5919,2020-01-02 15:00:00+00:00,0.0,,uppsala,5f9fe38afd517828962fde29
5920,2020-01-02 16:00:00+00:00,0.0,,uppsala,5f9fe38afd517828962fde29
5921,2020-01-02 17:00:00+00:00,0.0,,uppsala,5f9fe38afd517828962fde29
5922,2020-01-02 18:00:00+00:00,0.0,,uppsala,5f9fe38afd517828962fde29
5923,2020-01-02 19:00:00+00:00,0.0,,uppsala,5f9fe38afd517828962fde29
5924,2020-01-02 20:00:00+00:00,0.0,,uppsala,5f9fe38afd517828962fde29
5925,2020-01-02 21:00:00+00:00,0.0,,uppsala,5f9fe38afd517828962fde29
5926,2020-01-02 22:00:00+00:00,0.0,,uppsala,5f9fe38afd517828962fde29
5927,2020-01-02 23:00:00+00:00,0.0,,uppsala,5f9fe38afd517828962fde29
5928,2020-01-03 00:00:00+00:00,0.0,,uppsala,5f9fe38afd517828962fde29
5929,2020-01-03 01:00:00+00:00,0.0,,uppsala,5f9fe38afd517828962fde29
5930,2020-01-03 02:00:00+00:00,0.0,,uppsala,5f9fe38afd517828962fde29
5931,2020-01-03 03:00:00+00:00,0.0,,uppsala,5f9fe38afd517828962fde29
5932,2020-01-03 04:00:00+00:00,0.0,,uppsala,5f9fe38afd517828962fde29
5933,2020-01-03 05:00:00+00:00,0.0,,uppsala,5f9fe38afd517828962fde29
5934,2020-01-03 06:00:00+00:00,0.0,,uppsala,5f9fe38afd517828962fde29
5935,2020-01-03 07:00:00+00:00,0.0,,uppsala,5f9fe38afd517828962fde29
5936,2020-01-03 08:00:00+00:00,0.0,,uppsala,5f9fe38afd517828962fde29
5937,2020-01-03 09:00:00+00:00,0.0,,uppsala,5f9fe38afd517828962fde29
5938,2020-01-03 10:00:00+00:00,0.0,,uppsala,5f9fe38afd517828962fde29
5939,2020-01-03 11:00:00+00:00,19.8,,uppsala,5f9fe38afd517828962fde29
5940,2020-01-03 12:00:00+00:00,492.0,,uppsala,5f9fe38afd517828962fde29
5941,2020-01-03 13:00:00+00:00,344.4,,uppsala,5f9fe38afd517828962fde29
5942,2020-01-03 14:00:00+00:00,0.0,,uppsala,5f9fe38afd517828962fde29
5943,2020-01-03 15:00:00+00:00,0.0,,uppsala,5f9fe38afd517828962fde29
5944,2020-01-03 16:00:00+00:00,0.0,,uppsala,5f9fe38afd517828962fde29
5945,2020-01-03 17:00:00+00:00,0.0,,uppsala,5f9fe38afd517828962fde29
5946,2020-01-03 18:00:00+00:00,0.0,,uppsala,5f9fe38afd517828962fde29
5947,2020-01-03 19:00:00+00:00,0.0,,uppsala,5f9fe38afd517828962fde29
5948,2020-01-03 20:00:00+00:00,0.0,,uppsala,5f9fe38afd517828962fde29
5949,2020-01-03 21:00:00+00:00,0.0,,uppsala,5f9fe38afd517828962fde29
5950,2020-01-03 22:00:00+00:00,0.0,,uppsala,5f9fe38afd517828962fde29
5951,2020-01-03 23:00:00+00:00,0.0,,uppsala,5f9fe38afd517828962fde29
5952,2020-01-04 00:00:00+00:00,0.0,,uppsala,5f9fe38afd517828962fde29
5953,2020-01-04 01:00:00+00:00,0.0,,uppsala,5f9fe38afd517828962fde29
5954,2020-01-04 02:00:00+00:00,0.0,,uppsala,5f9fe38afd517828962fde29
5955,2020-01-04 03:00:00+00:00,0.0,,uppsala,5f9fe38afd517828962fde29
5956,2020-01-04 04:00:00+00:00,0.0,,uppsala,5f9fe38afd517828962fde29
5957,2020-01-04 05:00:00+00:00,0.0,,uppsala,5f9fe38afd517828962fde29
5958,2020-01-04 06:00:00+00:00,0.0,,uppsala,5f9fe38afd517828962fde29
5959,2020-01-04 07:00:00+00:00,0.0,,uppsala,5f9fe38afd517828962fde29
5960,2020-01-04 08:00:00+00:00,3.4,,uppsala,5f9fe38afd517828962fde29
5961,2020-01-04 09:00:00+00:00,248.2,,uppsala,5f9fe38afd517828962fde29
5962,2020-01-04 10:00:00+00:00,394.7,,uppsala,5f9fe38afd517828962fde29
5963,2020-01-04 11:00:00+00:00,427.8,,uppsala,5f9fe38afd517828962fde29
5964,2020-01-04 12:00:00+00:00,368.7,,uppsala,5f9fe38afd517828962fde29
5965,2020-01-04 13:00:00+00:00,6.0,,uppsala,5f9fe38afd517828962fde29
5966,2020-01-04 14:00:00+00:00,0.0,,uppsala,5f9fe38afd517828962fde29
5967,2020-01-04 15:00:00+00:00,0.0,,uppsala,5f9fe38afd517828962fde29
5968,2020-01-04 16:00:00+00:00,0.0,,uppsala,5f9fe38afd517828962fde29
5969,2020-01-04 17:00:00+00:00,0.0,,uppsala,5f9fe38afd517828962fde29
5970,2020-01-04 18:00:00+00:00,0.0,,uppsala,5f9fe38afd517828962fde29
5971,2020-01-04 19:00:00+00:00,0.0,,uppsala,5f9fe38afd517828962fde29
5972,2020-01-04 20:00:00+00:00,0.0,,uppsala,5f9fe38afd517828962fde29
5973,2020-01-04 21:00:00+00:00,0.0,,uppsala,5f9fe38afd517828962fde29
5974,2020-01-04 22:00:00+00:00,0.0,,uppsala,5f9fe38afd517828962fde29
5975,2020-01-04 23:00:00+00:00,0.0,,uppsala,5f9fe38afd517828962fde29
5976,2020-01-05 00:00:00+00:00,0.0,,uppsala,5f9fe38afd517828962fde29
5977,2020-01-05 01:00:00+00:00,0.0,,uppsala,5f9fe38afd517828962fde29
5978,2020-01-05 02:00:00+00:00,0.0,,uppsala,5f9fe38afd517828962fde29
5979,2020-01-05 03:00:00+00:00,0.0,,uppsala,5f9fe38afd517828962fde29
5980,2020-01-05 04:00:00+00:00,0.0,,uppsala,5f9fe38afd517828962fde29
5981,2020-01-05 05:00:00+00:00,0.0,,uppsala,5f9fe38afd517828962fde29
5982,2020-01-05 06:00:00+00:00,0.0,,uppsala,5f9fe38afd517828962fde29
5983,2020-01-05 07:00:00+00:00,0.0,,uppsala,5f9fe38afd517828962fde29
5984,2020-01-05 08:00:00+00:00,3.9,,uppsala,5f9fe38afd517828962fde29
5985,2020-01-05 09:00:00+00:00,449.3,,uppsala,5f9fe38afd517828962fde29
5986,2020-01-05 10:00:00+00:00,578.7,,uppsala,5f9fe38afd517828962fde29
5987,2020-01-05 11:00:00+00:00,7.6,,uppsala,5f9fe38afd517828962fde29
5988,2020-01-05 12:00:00+00:00,3.5,,uppsala,5f9fe38afd517828962fde29
5989,2020-01-05 13:00:00+00:00,0.0,,uppsala,5f9fe38afd517828962fde29
5990,2020-01-05 14:00:00+00:00,0.0,,uppsala,5f9fe38afd517828962fde29
5991,2020-01-05 15:00:00+00:00,0.0,,uppsala,5f9fe38afd517828962fde29
5992,2020-01-05 16:00:00+00:00,0.0,,uppsala,5f9fe38afd517828962fde29
5993,2020-01-05 17:00:00+00:00,0.0,,uppsala,5f9fe38afd517828962fde29
5994,2020-01-05 18:00:00+00:00,0.0,,uppsala,5f9fe38afd517828962fde29
5995,2020-01-05 19:00:00+00:00,0.0,,uppsala,5f9fe38afd517828962fde29
5996,2020-01-05 20:00:00+00:00,0.0,,uppsala,5f9fe38afd517828962fde29
5997,2020-01-05 21:00:00+00:00,0.0,,uppsala,5f9fe38afd517828962fde29
5998,2020-01-05 22:00:00+00:00,0.0,,uppsala,5f9fe38afd517828962fde29
5999,2020-01-05 23:00:00+00:00,0.0,,uppsala,5f9fe38afd517828962fde29
6000,2020-01-06 00:00:00+00:00,0.0,,uppsala,5f9fe38afd517828962fde29
6001,2020-01-06 01:00:00+00:00,0.0,,uppsala,5f9fe38afd517828962fde29
6002,2020-01-06 02:00:00+00:00,0.0,,uppsala,5f9fe38afd517828962fde29
6003,2020-01-06 03:00:00+00:00,0.0,,uppsala,5f9fe38afd517828962fde29
6004,2020-01-06 04:00:00+00:00,0.0,,uppsala,5f9fe38afd517828962fde29
6005,2020-01-06 05:00:00+00:00,0.0,,uppsala,5f9fe38afd517828962fde29
6006,2020-01-06 06:00:00+00:00,0.0,,uppsala,5f9fe38afd517828962fde29
6007,2020-01-06 07:00:00+00:00,0.0,,uppsala,5f9fe38afd517828962fde29
6008,2020-01-06 08:00:00+00:00,0.0,,uppsala,5f9fe38afd517828962fde29
6009,2020-01-06 09:00:00+00:00,2.2,,uppsala,5f9fe38afd517828962fde29
6010,2020-01-06 10:00:00+00:00,35.9,,uppsala,5f9fe38afd517828962fde29
6011,2020-01-06 11:00:00+00:00,94.4,,uppsala,5f9fe38afd517828962fde29
6012,2020-01-06 12:00:00+00:00,64.5,,uppsala,5f9fe38afd517828962fde29
6013,2020-01-06 13:00:00+00:00,101.1,,uppsala,5f9fe38afd517828962fde29
6014,2020-01-06 14:00:00+00:00,0.0,,uppsala,5f9fe38afd517828962fde29
6015,2020-01-06 15:00:00+00:00,0.0,,uppsala,5f9fe38afd517828962fde29
6016,2020-01-06 16:00:00+00:00,0.0,,uppsala,5f9fe38afd517828962fde29
6017,2020-01-06 17:00:00+00:00,0.0,,uppsala,5f9fe38afd517828962fde29
6018,2020-01-06 18:00:00+00:00,0.0,,uppsala,5f9fe38afd517828962fde29
6019,2020-01-06 19:00:00+00:00,0.0,,uppsala,5f9fe38afd517828962fde29
6020,2020-01-06 20:00:00+00:00,0.0,,uppsala,5f9fe38afd517828962fde29
6021,2020-01-06 21:00:00+00:00,0.0,,uppsala,5f9fe38afd517828962fde29
6022,2020-01-06 22:00:00+00:00,0.0,,uppsala,5f9fe38afd517828962fde29
6023,2020-01-06 23:00:00+00:00,0.0,,uppsala,5f9fe38afd517828962fde29
6024,2020-01-07 00:00:00+00:00,0.0,,uppsala,5f9fe38afd517828962fde29
6025,2020-01-07 01:00:00+00:00,0.0,,uppsala,5f9fe38afd517828962fde29
6026,2020-01-07 02:00:00+00:00,0.0,,uppsala,5f9fe38afd517828962fde29
6027,2020-01-07 03:00:00+00:00,0.0,,uppsala,5f9fe38afd517828962fde29
6028,2020-01-07 04:00:00+00:00,0.0,,uppsala,5f9fe38afd517828962fde29
6029,2020-01-07 05:00:00+00:00,0.0,,uppsala,5f9fe38afd517828962fde29
6030,2020-01-07 06:00:00+00:00,0.0,,uppsala,5f9fe38afd517828962fde29
6031,2020-01-07 07:00:00+00:00,0.0,,uppsala,5f9fe38afd517828962fde29
6032,2020-01-07 08:00:00+00:00,0.0,,uppsala,5f9fe38afd517828962fde29
6033,2020-01-07 09:00:00+00:00,1.2,,uppsala,5f9fe38afd517828962fde29
6034,2020-01-07 10:00:00+00:00,0.0,,uppsala,5f9fe38afd517828962fde29
6035,2020-01-07 11:00:00+00:00,12.1,,uppsala,5f9fe38afd517828962fde29
6036,2020-01-07 12:00:00+00:00,11.2,,uppsala,5f9fe38afd517828962fde29
6037,2020-01-07 13:00:00+00:00,0.0,,uppsala,5f9fe38afd517828962fde29
6038,2020-01-07 14:00:00+00:00,0.0,,uppsala,5f9fe38afd517828962fde29
6039,2020-01-07 15:00:00+00:00,0.0,,uppsala,5f9fe38afd517828962fde29
6040,2020-01-07 16:00:00+00:00,0.0,,uppsala,5f9fe38afd517828962fde29
6041,2020-01-07 17:00:00+00:00,0.0,,uppsala,5f9fe38afd517828962fde29
6042,2020-01-07 18:00:00+00:00,0.0,,uppsala,5f9fe38afd517828962fde29
6043,2020-01-07 19:00:00+00:00,0.0,,uppsala,5f9fe38afd517828962fde29
6044,2020-01-07 20:00:00+00:00,0.0,,uppsala,5f9fe38afd517828962fde29
6045,2020-01-07 21:00:00+00:00,0.0,,uppsala,5f9fe38afd517828962fde29
6046,2020-01-07 22:00:00+00:00,0.0,,uppsala,5f9fe38afd517828962fde29
6047,2020-01-07 23:00:00+00:00,0.0,,uppsala,5f9fe38afd517828962fde29
6048,2020-01-08 00:00:00+00:00,0.0,,uppsala,5f9fe38afd517828962fde29
6049,2020-01-08 01:00:00+00:00,0.0,,uppsala,5f9fe38afd517828962fde29
6050,2020-01-08 02:00:00+00:00,0.0,,uppsala,5f9fe38afd517828962fde29
6051,2020-01-08 03:00:00+00:00,0.0,,uppsala,5f9fe38afd517828962fde29
6052,2020-01-08 04:00:00+00:00,0.0,,uppsala,5f9fe38afd517828962fde29
6053,2020-01-08 05:00:00+00:00,0.0,,uppsala,5f9fe38afd517828962fde29
6054,2020-01-08 06:00:00+00:00,0.0,,uppsala,5f9fe38afd517828962fde29
6055,2020-01-08 07:00:00+00:00,0.0,,uppsala,5f9fe38afd517828962fde29
6056,2020-01-08 08:00:00+00:00,0.0,,uppsala,5f9fe38afd517828962fde29
6057,2020-01-08 09:00:00+00:00,0.0,,uppsala,5f9fe38afd517828962fde29
6058,2020-01-08 10:00:00+00:00,3.6,,uppsala,5f9fe38afd517828962fde29
6059,2020-01-08 11:00:00+00:00,285.0,,uppsala,5f9fe38afd517828962fde29
6060,2020-01-08 12:00:00+00:00,0.0,,uppsala,5f9fe38afd517828962fde29
6061,2020-01-08 13:00:00+00:00,396.3,,uppsala,5f9fe38afd517828962fde29
6062,2020-01-08 14:00:00+00:00,1.9,,uppsala,5f9fe38afd517828962fde29
6063,2020-01-08 15:00:00+00:00,0.0,,uppsala,5f9fe38afd517828962fde29
6064,2020-01-08 16:00:00+00:00,0.0,,uppsala,5f9fe38afd517828962fde29
6065,2020-01-08 17:00:00+00:00,0.0,,uppsala,5f9fe38afd517828962fde29
6066,2020-01-08 18:00:00+00:00,0.0,,uppsala,5f9fe38afd517828962fde29
6067,2020-01-08 19:00:00+00:00,0.0,,uppsala,5f9fe38afd517828962fde29
6068,2020-01-08 20:00:00+00:00,0.0,,uppsala,5f9fe38afd517828962fde29
6069,2020-01-08 21:00:00+00:00,0.0,,uppsala,5f9fe38afd517828962fde29
6070,2020-01-08 22:00:00+00:00,0.0,,uppsala,5f9fe38afd517828962fde29
6071,2020-01-08 23:00:00+00:00,0.0,,uppsala,5f9fe38afd517828962fde29
6072,2020-01-09 00:00:00+00:00,0.0,,uppsala,5f9fe38afd517828962fde29
6073,2020-01-09 01:00:00+00:00,0.0,,uppsala,5f9fe38afd517828962fde29
6074,2020-01-09 02:00:00+00:00,0.0,,uppsala,5f9fe38afd517828962fde29
6075,2020-01-09 03:00:00+00:00,0.0,,uppsala,5f9fe38afd517828962fde29
6076,2020-01-09 04:00:00+00:00,0.0,,uppsala,5f9fe38afd517828962fde29
6077,2020-01-09 05:00:00+00:00,0.0,,uppsala,5f9fe38afd517828962fde29
6078,2020-01-09 06:00:00+00:00,0.0,,uppsala,5f9fe38afd517828962fde29
6079,2020-01-09 07:00:00+00:00,0.0,,uppsala,5f9fe38afd517828962fde29
6080,2020-01-09 08:00:00+00:00,84.9,,uppsala,5f9fe38afd517828962fde29
6081,2020-01-09 09:00:00+00:00,420.4,,uppsala,5f9fe38afd517828962fde29
6082,2020-01-09 10:00:00+00:00,2.1,,uppsala,5f9fe38afd517828962fde29
6083,2020-01-09 11:00:00+00:00,27.5,,uppsala,5f9fe38afd517828962fde29
6084,2020-01-09 12:00:00+00:00,0.0,,uppsala,5f9fe38afd517828962fde29
6085,2020-01-09 13:00:00+00:00,136.8,,uppsala,5f9fe38afd517828962fde29
6086,2020-01-09 14:00:00+00:00,0.0,,uppsala,5f9fe38afd517828962fde29
6087,2020-01-09 15:00:00+00:00,0.0,,uppsala,5f9fe38afd517828962fde29
6088,2020-01-09 16:00:00+00:00,0.0,,uppsala,5f9fe38afd517828962fde29
6089,2020-01-09 17:00:00+00:00,0.0,,uppsala,5f9fe38afd517828962fde29
6090,2020-01-09 18:00:00+00:00,0.0,,uppsala,5f9fe38afd517828962fde29
6091,2020-01-09 19:00:00+00:00,0.0,,uppsala,5f9fe38afd517828962fde29
6092,2020-01-09 20:00:00+00:00,0.0,,uppsala,5f9fe38afd517828962fde29
6093,2020-01-09 21:00:00+00:00,0.0,,uppsala,5f9fe38afd517828962fde29
6094,2020-01-09 22:00:00+00:00,0.0,,uppsala,5f9fe38afd517828962fde29
6095,2020-01-09 23:00:00+00:00,0.0,,uppsala,5f9fe38afd517828962fde29
6096,2020-01-10 00:00:00+00:00,0.0,,uppsala,5f9fe38afd517828962fde29
6097,2020-01-10 01:00:00+00:00,0.0,,uppsala,5f9fe38afd517828962fde29
6098,2020-01-10 02:00:00+00:00,0.0,,uppsala,5f9fe38afd517828962fde29
6099,2020-01-10 03:00:00+00:00,0.0,,uppsala,5f9fe38afd517828962fde29
6100,2020-01-10 04:00:00+00:00,0.0,,uppsala,5f9fe38afd517828962fde29
6101,2020-01-10 05:00:00+00:00,0.0,,uppsala,5f9fe38afd517828962fde29
6102,2020-01-10 06:00:00+00:00,0.0,,uppsala,5f9fe38afd517828962fde29
6103,2020-01-10 07:00:00+00:00,0.0,,uppsala,5f9fe38afd517828962fde29
6104,2020-01-10 08:00:00+00:00,80.3,,uppsala,5f9fe38afd517828962fde29
6105,2020-01-10 09:00:00+00:00,402.3,,uppsala,5f9fe38afd517828962fde29
6106,2020-01-10 10:00:00+00:00,554.1,,uppsala,5f9fe38afd517828962fde29
6107,2020-01-10 11:00:00+00:00,224.2,,uppsala,5f9fe38afd517828962fde29
6108,2020-01-10 12:00:00+00:00,523.4,,uppsala,5f9fe38afd517828962fde29
6109,2020-01-10 13:00:00+00:00,414.7,,uppsala,5f9fe38afd517828962fde29
6110,2020-01-10 14:00:00+00:00,42.7,,uppsala,5f9fe38afd517828962fde29
6111,2020-01-10 15:00:00+00:00,0.0,,uppsala,5f9fe38afd517828962fde29
6112,2020-01-10 16:00:00+00:00,0.0,,uppsala,5f9fe38afd517828962fde29
6113,2020-01-10 17:00:00+00:00,0.0,,uppsala,5f9fe38afd517828962fde29
6114,2020-01-10 18:00:00+00:00,0.0,,uppsala,5f9fe38afd517828962fde29
6115,2020-01-10 19:00:00+00:00,0.0,,uppsala,5f9fe38afd517828962fde29
6116,2020-01-10 20:00:00+00:00,0.0,,uppsala,5f9fe38afd517828962fde29
6117,2020-01-10 21:00:00+00:00,0.0,,uppsala,5f9fe38afd517828962fde29
6118,2020-01-10 22:00:00+00:00,0.0,,uppsala,5f9fe38afd517828962fde29
6119,2020-01-10 23:00:00+00:00,0.0,,uppsala,5f9fe38afd517828962fde29
6120,2020-01-11 00:00:00+00:00,0.0,,uppsala,5f9fe38afd517828962fde29
6121,2020-01-11 01:00:00+00:00,0.0,,uppsala,5f9fe38afd517828962fde29
6122,2020-01-11 02:00:00+00:00,0.0,,uppsala,5f9fe38afd517828962fde29
6123,2020-01-11 03:00:00+00:00,0.0,,uppsala,5f9fe38afd517828962fde29
6124,2020-01-11 04:00:00+00:00,0.0,,uppsala,5f9fe38afd517828962fde29
6125,2020-01-11 05:00:00+00:00,0.0,,uppsala,5f9fe38afd517828962fde29
6126,2020-01-11 06:00:00+00:00,0.0,,uppsala,5f9fe38afd517828962fde29
6127,2020-01-11 07:00:00+00:00,0.0,,uppsala,5f9fe38afd517828962fde29
6128,2020-01-11 08:00:00+00:00,0.0,,uppsala,5f9fe38afd517828962fde29
6129,2020-01-11 09:00:00+00:00,0.0,,uppsala,5f9fe38afd517828962fde29
6130,2020-01-11 10:00:00+00:00,8.8,,uppsala,5f9fe38afd517828962fde29
6131,2020-01-11 11:00:00+00:00,54.8,,uppsala,5f9fe38afd517828962fde29
6132,2020-01-11 12:00:00+00:00,0.0,,uppsala,5f9fe38afd517828962fde29
6133,2020-01-11 13:00:00+00:00,0.0,,uppsala,5f9fe38afd517828962fde29
6134,2020-01-11 14:00:00+00:00,0.0,,uppsala,5f9fe38afd517828962fde29
6135,2020-01-11 15:00:00+00:00,0.0,,uppsala,5f9fe38afd517828962fde29
6136,2020-01-11 16:00:00+00:00,0.0,,uppsala,5f9fe38afd517828962fde29
6137,2020-01-11 17:00:00+00:00,0.0,,uppsala,5f9fe38afd517828962fde29
6138,2020-01-11 18:00:00+00:00,0.0,,uppsala,5f9fe38afd517828962fde29
6139,2020-01-11 19:00:00+00:00,0.0,,uppsala,5f9fe38afd517828962fde29
6140,2020-01-11 20:00:00+00:00,0.0,,uppsala,5f9fe38afd517828962fde29
6141,2020-01-11 21:00:00+00:00,0.0,,uppsala,5f9fe38afd517828962fde29
6142,2020-01-11 22:00:00+00:00,0.0,,uppsala,5f9fe38afd517828962fde29
6143,2020-01-11 23:00:00+00:00,0.0,,uppsala,5f9fe38afd517828962fde29
6144,2020-01-12 00:00:00+00:00,0.0,,uppsala,5f9fe38afd517828962fde29
6145,2020-01-12 01:00:00+00:00,0.0,,uppsala,5f9fe38afd517828962fde29
6146,2020-01-12 02:00:00+00:00,0.0,,uppsala,5f9fe38afd517828962fde29
6147,2020-01-12 03:00:00+00:00,0.0,,uppsala,5f9fe38afd517828962fde29
6148,2020-01-12 04:00:00+00:00,0.0,,uppsala,5f9fe38afd517828962fde29
6149,2020-01-12 05:00:00+00:00,0.0,,uppsala,5f9fe38afd517828962fde29
6150,2020-01-12 06:00:00+00:00,0.0,,uppsala,5f9fe38afd517828962fde29
6151,2020-01-12 07:00:00+00:00,0.0,,uppsala,5f9fe38afd517828962fde29
6152,2020-01-12 08:00:00+00:00,0.2,,uppsala,5f9fe38afd517828962fde29
6153,2020-01-12 09:00:00+00:00,291.8,,uppsala,5f9fe38afd517828962fde29
6154,2020-01-12 10:00:00+00:00,532.3,,uppsala,5f9fe38afd517828962fde29
6155,2020-01-12 11:00:00+00:00,1.7000000000000002,,uppsala,5f9fe38afd517828962fde29
6156,2020-01-12 12:00:00+00:00,304.6,,uppsala,5f9fe38afd517828962fde29
6157,2020-01-12 13:00:00+00:00,453.7,,uppsala,5f9fe38afd517828962fde29
6158,2020-01-12 14:00:00+00:00,80.9,,uppsala,5f9fe38afd517828962fde29
6159,2020-01-12 15:00:00+00:00,0.0,,uppsala,5f9fe38afd517828962fde29
6160,2020-01-12 16:00:00+00:00,0.0,,uppsala,5f9fe38afd517828962fde29
6161,2020-01-12 17:00:00+00:00,0.0,,uppsala,5f9fe38afd517828962fde29
6162,2020-01-12 18:00:00+00:00,0.0,,uppsala,5f9fe38afd517828962fde29
6163,2020-01-12 19:00:00+00:00,0.0,,uppsala,5f9fe38afd517828962fde29
6164,2020-01-12 20:00:00+00:00,0.0,,uppsala,5f9fe38afd517828962fde29
6165,2020-01-12 21:00:00+00:00,0.0,,uppsala,5f9fe38afd517828962fde29
6166,2020-01-12 22:00:00+00:00,0.0,,uppsala,5f9fe38afd517828962fde29
6167,2020-01-12 23:00:00+00:00,0.0,,uppsala,5f9fe38afd517828962fde29
6168,2020-01-13 00:00:00+00:00,0.0,,uppsala,5f9fe38afd517828962fde29
6169,2020-01-13 01:00:00+00:00,0.0,,uppsala,5f9fe38afd517828962fde29
6170,2020-01-13 02:00:00+00:00,0.0,,uppsala,5f9fe38afd517828962fde29
6171,2020-01-13 03:00:00+00:00,0.0,,uppsala,5f9fe38afd517828962fde29
6172,2020-01-13 04:00:00+00:00,0.0,,uppsala,5f9fe38afd517828962fde29
6173,2020-01-13 05:00:00+00:00,0.0,,uppsala,5f9fe38afd517828962fde29
6174,2020-01-13 06:00:00+00:00,0.0,,uppsala,5f9fe38afd517828962fde29
6175,2020-01-13 07:00:00+00:00,0.0,,uppsala,5f9fe38afd517828962fde29
6176,2020-01-13 08:00:00+00:00,143.7,,uppsala,5f9fe38afd517828962fde29
6177,2020-01-13 09:00:00+00:00,463.7,,uppsala,5f9fe38afd517828962fde29
6178,2020-01-13 10:00:00+00:00,570.8,,uppsala,5f9fe38afd517828962fde29
6179,2020-01-13 11:00:00+00:00,123.1,,uppsala,5f9fe38afd517828962fde29
6180,2020-01-13 12:00:00+00:00,536.2,,uppsala,5f9fe38afd517828962fde29
6181,2020-01-13 13:00:00+00:00,0.0,,uppsala,5f9fe38afd517828962fde29
6182,2020-01-13 14:00:00+00:00,107.4,,uppsala,5f9fe38afd517828962fde29
6183,2020-01-13 15:00:00+00:00,0.0,,uppsala,5f9fe38afd517828962fde29
6184,2020-01-13 16:00:00+00:00,0.0,,uppsala,5f9fe38afd517828962fde29
6185,2020-01-13 17:00:00+00:00,0.0,,uppsala,5f9fe38afd517828962fde29
6186,2020-01-13 18:00:00+00:00,0.0,,uppsala,5f9fe38afd517828962fde29
6187,2020-01-13 19:00:00+00:00,0.0,,uppsala,5f9fe38afd517828962fde29
6188,2020-01-13 20:00:00+00:00,0.0,,uppsala,5f9fe38afd517828962fde29
6189,2020-01-13 21:00:00+00:00,0.0,,uppsala,5f9fe38afd517828962fde29
6190,2020-01-13 22:00:00+00:00,0.0,,uppsala,5f9fe38afd517828962fde29
6191,2020-01-13 23:00:00+00:00,0.0,,uppsala,5f9fe38afd517828962fde29
6192,2020-01-14 00:00:00+00:00,0.0,,uppsala,5f9fe38afd517828962fde29
6193,2020-01-14 01:00:00+00:00,0.0,,uppsala,5f9fe38afd517828962fde29
6194,2020-01-14 02:00:00+00:00,0.0,,uppsala,5f9fe38afd517828962fde29
6195,2020-01-14 03:00:00+00:00,0.0,,uppsala,5f9fe38afd517828962fde29
6196,2020-01-14 04:00:00+00:00,0.0,,uppsala,5f9fe38afd517828962fde29
6197,2020-01-14 05:00:00+00:00,0.0,,uppsala,5f9fe38afd517828962fde29
6198,2020-01-14 06:00:00+00:00,0.0,,uppsala,5f9fe38afd517828962fde29
6199,2020-01-14 07:00:00+00:00,0.0,,uppsala,5f9fe38afd517828962fde29
6200,2020-01-14 08:00:00+00:00,1.4,,uppsala,5f9fe38afd517828962fde29
6201,2020-01-14 09:00:00+00:00,0.0,,uppsala,5f9fe38afd517828962fde29
6202,2020-01-14 10:00:00+00:00,0.0,,uppsala,5f9fe38afd517828962fde29
6203,2020-01-14 11:00:00+00:00,0.0,,uppsala,5f9fe38afd517828962fde29
6204,2020-01-14 12:00:00+00:00,0.0,,uppsala,5f9fe38afd517828962fde29
6205,2020-01-14 13:00:00+00:00,0.0,,uppsala,5f9fe38afd517828962fde29
6206,2020-01-14 14:00:00+00:00,0.0,,uppsala,5f9fe38afd517828962fde29
6207,2020-01-14 15:00:00+00:00,0.0,,uppsala,5f9fe38afd517828962fde29
6208,2020-01-14 16:00:00+00:00,0.0,,uppsala,5f9fe38afd517828962fde29
6209,2020-01-14 17:00:00+00:00,0.0,,uppsala,5f9fe38afd517828962fde29
6210,2020-01-14 18:00:00+00:00,0.0,,uppsala,5f9fe38afd517828962fde29
6211,2020-01-14 19:00:00+00:00,0.0,,uppsala,5f9fe38afd517828962fde29
6212,2020-01-14 20:00:00+00:00,0.0,,uppsala,5f9fe38afd517828962fde29
6213,2020-01-14 21:00:00+00:00,0.0,,uppsala,5f9fe38afd517828962fde29
6214,2020-01-14 22:00:00+00:00,0.0,,uppsala,5f9fe38afd517828962fde29
6215,2020-01-14 23:00:00+00:00,0.0,,uppsala,5f9fe38afd517828962fde29
6216,2020-01-15 00:00:00+00:00,0.0,,uppsala,5f9fe38afd517828962fde29
6217,2020-01-15 01:00:00+00:00,0.0,,uppsala,5f9fe38afd517828962fde29
6218,2020-01-15 02:00:00+00:00,0.0,,uppsala,5f9fe38afd517828962fde29
6219,2020-01-15 03:00:00+00:00,0.0,,uppsala,5f9fe38afd517828962fde29
6220,2020-01-15 04:00:00+00:00,0.0,,uppsala,5f9fe38afd517828962fde29
6221,2020-01-15 05:00:00+00:00,0.0,,uppsala,5f9fe38afd517828962fde29
6222,2020-01-15 06:00:00+00:00,0.0,,uppsala,5f9fe38afd517828962fde29
6223,2020-01-15 07:00:00+00:00,0.0,,uppsala,5f9fe38afd517828962fde29
6224,2020-01-15 08:00:00+00:00,0.0,,uppsala,5f9fe38afd517828962fde29
6225,2020-01-15 09:00:00+00:00,52.3,,uppsala,5f9fe38afd517828962fde29
6226,2020-01-15 10:00:00+00:00,195.4,,uppsala,5f9fe38afd517828962fde29
6227,2020-01-15 11:00:00+00:00,513.0,,uppsala,5f9fe38afd517828962fde29
6228,2020-01-15 12:00:00+00:00,500.8,,uppsala,5f9fe38afd517828962fde29
6229,2020-01-15 13:00:00+00:00,0.0,,uppsala,5f9fe38afd517828962fde29
6230,2020-01-15 14:00:00+00:00,0.0,,uppsala,5f9fe38afd517828962fde29
6231,2020-01-15 15:00:00+00:00,0.0,,uppsala,5f9fe38afd517828962fde29
6232,2020-01-15 16:00:00+00:00,0.0,,uppsala,5f9fe38afd517828962fde29
6233,2020-01-15 17:00:00+00:00,0.0,,uppsala,5f9fe38afd517828962fde29
6234,2020-01-15 18:00:00+00:00,0.0,,uppsala,5f9fe38afd517828962fde29
6235,2020-01-15 19:00:00+00:00,0.0,,uppsala,5f9fe38afd517828962fde29
6236,2020-01-15 20:00:00+00:00,0.0,,uppsala,5f9fe38afd517828962fde29
6237,2020-01-15 21:00:00+00:00,0.0,,uppsala,5f9fe38afd517828962fde29
6238,2020-01-15 22:00:00+00:00,0.0,,uppsala,5f9fe38afd517828962fde29
6239,2020-01-15 23:00:00+00:00,0.0,,uppsala,5f9fe38afd517828962fde29
6240,2020-01-16 00:00:00+00:00,0.0,,uppsala,5f9fe38afd517828962fde29
6241,2020-01-16 01:00:00+00:00,0.0,,uppsala,5f9fe38afd517828962fde29
6242,2020-01-16 02:00:00+00:00,0.0,,uppsala,5f9fe38afd517828962fde29
6243,2020-01-16 03:00:00+00:00,0.0,,uppsala,5f9fe38afd517828962fde29
6244,2020-01-16 04:00:00+00:00,0.0,,uppsala,5f9fe38afd517828962fde29
6245,2020-01-16 05:00:00+00:00,0.0,,uppsala,5f9fe38afd517828962fde29
6246,2020-01-16 06:00:00+00:00,0.0,,uppsala,5f9fe38afd517828962fde29
6247,2020-01-16 07:00:00+00:00,0.0,,uppsala,5f9fe38afd517828962fde29
6248,2020-01-16 08:00:00+00:00,0.0,,uppsala,5f9fe38afd517828962fde29
6249,2020-01-16 09:00:00+00:00,9.0,,uppsala,5f9fe38afd517828962fde29
6250,2020-01-16 10:00:00+00:00,97.3,,uppsala,5f9fe38afd517828962fde29
6251,2020-01-16 11:00:00+00:00,601.3,,uppsala,5f9fe38afd517828962fde29
6252,2020-01-16 12:00:00+00:00,589.2,,uppsala,5f9fe38afd517828962fde29
6253,2020-01-16 13:00:00+00:00,472.4,,uppsala,5f9fe38afd517828962fde29
6254,2020-01-16 14:00:00+00:00,173.0,,uppsala,5f9fe38afd517828962fde29
6255,2020-01-16 15:00:00+00:00,0.0,,uppsala,5f9fe38afd517828962fde29
6256,2020-01-16 16:00:00+00:00,0.0,,uppsala,5f9fe38afd517828962fde29
6257,2020-01-16 17:00:00+00:00,0.0,,uppsala,5f9fe38afd517828962fde29
6258,2020-01-16 18:00:00+00:00,0.0,,uppsala,5f9fe38afd517828962fde29
6259,2020-01-16 19:00:00+00:00,0.0,,uppsala,5f9fe38afd517828962fde29
6260,2020-01-16 20:00:00+00:00,0.0,,uppsala,5f9fe38afd517828962fde29
6261,2020-01-16 21:00:00+00:00,0.0,,uppsala,5f9fe38afd517828962fde29
6262,2020-01-16 22:00:00+00:00,0.0,,uppsala,5f9fe38afd517828962fde29
6263,2020-01-16 23:00:00+00:00,0.0,,uppsala,5f9fe38afd517828962fde29
6264,2020-01-17 00:00:00+00:00,0.0,,uppsala,5f9fe38afd517828962fde29
6265,2020-01-17 01:00:00+00:00,0.0,,uppsala,5f9fe38afd517828962fde29
6266,2020-01-17 02:00:00+00:00,0.0,,uppsala,5f9fe38afd517828962fde29
6267,2020-01-17 03:00:00+00:00,0.0,,uppsala,5f9fe38afd517828962fde29
6268,2020-01-17 04:00:00+00:00,0.0,,uppsala,5f9fe38afd517828962fde29
6269,2020-01-17 05:00:00+00:00,0.0,,uppsala,5f9fe38afd517828962fde29
6270,2020-01-17 06:00:00+00:00,0.0,,uppsala,5f9fe38afd517828962fde29
6271,2020-01-17 07:00:00+00:00,0.0,,uppsala,5f9fe38afd517828962fde29
6272,2020-01-17 08:00:00+00:00,0.0,,uppsala,5f9fe38afd517828962fde29
6273,2020-01-17 09:00:00+00:00,0.0,,uppsala,5f9fe38afd517828962fde29
6274,2020-01-17 10:00:00+00:00,8.0,,uppsala,5f9fe38afd517828962fde29
6275,2020-01-17 11:00:00+00:00,7.5,,uppsala,5f9fe38afd517828962fde29
6276,2020-01-17 12:00:00+00:00,2.6,,uppsala,5f9fe38afd517828962fde29
6277,2020-01-17 13:00:00+00:00,0.9,,uppsala,5f9fe38afd517828962fde29
6278,2020-01-17 14:00:00+00:00,0.0,,uppsala,5f9fe38afd517828962fde29
6279,2020-01-17 15:00:00+00:00,0.0,,uppsala,5f9fe38afd517828962fde29
6280,2020-01-17 16:00:00+00:00,0.0,,uppsala,5f9fe38afd517828962fde29
6281,2020-01-17 17:00:00+00:00,0.0,,uppsala,5f9fe38afd517828962fde29
6282,2020-01-17 18:00:00+00:00,0.0,,uppsala,5f9fe38afd517828962fde29
6283,2020-01-17 19:00:00+00:00,0.0,,uppsala,5f9fe38afd517828962fde29
6284,2020-01-17 20:00:00+00:00,0.0,,uppsala,5f9fe38afd517828962fde29
6285,2020-01-17 21:00:00+00:00,0.0,,uppsala,5f9fe38afd517828962fde29
6286,2020-01-17 22:00:00+00:00,0.0,,uppsala,5f9fe38afd517828962fde29
6287,2020-01-17 23:00:00+00:00,0.0,,uppsala,5f9fe38afd517828962fde29
6288,2020-01-18 00:00:00+00:00,0.0,,uppsala,5f9fe38afd517828962fde29
6289,2020-01-18 01:00:00+00:00,0.0,,uppsala,5f9fe38afd517828962fde29
6290,2020-01-18 02:00:00+00:00,0.0,,uppsala,5f9fe38afd517828962fde29
6291,2020-01-18 03:00:00+00:00,0.0,,uppsala,5f9fe38afd517828962fde29
6292,2020-01-18 04:00:00+00:00,0.0,,uppsala,5f9fe38afd517828962fde29
6293,2020-01-18 05:00:00+00:00,0.0,,uppsala,5f9fe38afd517828962fde29
6294,2020-01-18 06:00:00+00:00,0.0,,uppsala,5f9fe38afd517828962fde29
6295,2020-01-18 07:00:00+00:00,0.0,,uppsala,5f9fe38afd517828962fde29
6296,2020-01-18 08:00:00+00:00,0.0,,uppsala,5f9fe38afd517828962fde29
6297,2020-01-18 09:00:00+00:00,4.5,,uppsala,5f9fe38afd517828962fde29
6298,2020-01-18 10:00:00+00:00,0.0,,uppsala,5f9fe38afd517828962fde29
6299,2020-01-18 11:00:00+00:00,0.7000000000000001,,uppsala,5f9fe38afd517828962fde29
6300,2020-01-18 12:00:00+00:00,0.0,,uppsala,5f9fe38afd517828962fde29
6301,2020-01-18 13:00:00+00:00,0.0,,uppsala,5f9fe38afd517828962fde29
6302,2020-01-18 14:00:00+00:00,0.0,,uppsala,5f9fe38afd517828962fde29
6303,2020-01-18 15:00:00+00:00,0.0,,uppsala,5f9fe38afd517828962fde29
6304,2020-01-18 16:00:00+00:00,0.0,,uppsala,5f9fe38afd517828962fde29
6305,2020-01-18 17:00:00+00:00,0.0,,uppsala,5f9fe38afd517828962fde29
6306,2020-01-18 18:00:00+00:00,0.0,,uppsala,5f9fe38afd517828962fde29
6307,2020-01-18 19:00:00+00:00,0.0,,uppsala,5f9fe38afd517828962fde29
6308,2020-01-18 20:00:00+00:00,0.0,,uppsala,5f9fe38afd517828962fde29
6309,2020-01-18 21:00:00+00:00,0.0,,uppsala,5f9fe38afd517828962fde29
6310,2020-01-18 22:00:00+00:00,0.0,,uppsala,5f9fe38afd517828962fde29
6311,2020-01-18 23:00:00+00:00,0.0,,uppsala,5f9fe38afd517828962fde29
6312,2020-01-19 00:00:00+00:00,0.0,,uppsala,5f9fe38afd517828962fde29
6313,2020-01-19 01:00:00+00:00,0.0,,uppsala,5f9fe38afd517828962fde29
6314,2020-01-19 02:00:00+00:00,0.0,,uppsala,5f9fe38afd517828962fde29
6315,2020-01-19 03:00:00+00:00,0.0,,uppsala,5f9fe38afd517828962fde29
6316,2020-01-19 04:00:00+00:00,0.0,,uppsala,5f9fe38afd517828962fde29
6317,2020-01-19 05:00:00+00:00,0.0,,uppsala,5f9fe38afd517828962fde29
6318,2020-01-19 06:00:00+00:00,0.0,,uppsala,5f9fe38afd517828962fde29
6319,2020-01-19 07:00:00+00:00,0.0,,uppsala,5f9fe38afd517828962fde29
6320,2020-01-19 08:00:00+00:00,254.4,,uppsala,5f9fe38afd517828962fde29
6321,2020-01-19 09:00:00+00:00,533.5,,uppsala,5f9fe38afd517828962fde29
6322,2020-01-19 10:00:00+00:00,640.1,,uppsala,5f9fe38afd517828962fde29
6323,2020-01-19 11:00:00+00:00,666.0,,uppsala,5f9fe38afd517828962fde29
6324,2020-01-19 12:00:00+00:00,613.6,,uppsala,5f9fe38afd517828962fde29
6325,2020-01-19 13:00:00+00:00,510.8,,uppsala,5f9fe38afd517828962fde29
6326,2020-01-19 14:00:00+00:00,240.0,,uppsala,5f9fe38afd517828962fde29
6327,2020-01-19 15:00:00+00:00,0.0,,uppsala,5f9fe38afd517828962fde29
6328,2020-01-19 16:00:00+00:00,0.0,,uppsala,5f9fe38afd517828962fde29
6329,2020-01-19 17:00:00+00:00,0.0,,uppsala,5f9fe38afd517828962fde29
6330,2020-01-19 18:00:00+00:00,0.0,,uppsala,5f9fe38afd517828962fde29
6331,2020-01-19 19:00:00+00:00,0.0,,uppsala,5f9fe38afd517828962fde29
6332,2020-01-19 20:00:00+00:00,0.0,,uppsala,5f9fe38afd517828962fde29
6333,2020-01-19 21:00:00+00:00,0.0,,uppsala,5f9fe38afd517828962fde29
6334,2020-01-19 22:00:00+00:00,0.0,,uppsala,5f9fe38afd517828962fde29
6335,2020-01-19 23:00:00+00:00,0.0,,uppsala,5f9fe38afd517828962fde29
6336,2020-01-20 00:00:00+00:00,0.0,,uppsala,5f9fe38afd517828962fde29
6337,2020-01-20 01:00:00+00:00,0.0,,uppsala,5f9fe38afd517828962fde29
6338,2020-01-20 02:00:00+00:00,0.0,,uppsala,5f9fe38afd517828962fde29
6339,2020-01-20 03:00:00+00:00,0.0,,uppsala,5f9fe38afd517828962fde29
6340,2020-01-20 04:00:00+00:00,0.0,,uppsala,5f9fe38afd517828962fde29
6341,2020-01-20 05:00:00+00:00,0.0,,uppsala,5f9fe38afd517828962fde29
6342,2020-01-20 06:00:00+00:00,0.0,,uppsala,5f9fe38afd517828962fde29
6343,2020-01-20 07:00:00+00:00,0.0,,uppsala,5f9fe38afd517828962fde29
6344,2020-01-20 08:00:00+00:00,16.4,,uppsala,5f9fe38afd517828962fde29
6345,2020-01-20 09:00:00+00:00,54.4,,uppsala,5f9fe38afd517828962fde29
6346,2020-01-20 10:00:00+00:00,34.9,,uppsala,5f9fe38afd517828962fde29
6347,2020-01-20 11:00:00+00:00,141.3,,uppsala,5f9fe38afd517828962fde29
6348,2020-01-20 12:00:00+00:00,3.0,,uppsala,5f9fe38afd517828962fde29
6349,2020-01-20 13:00:00+00:00,498.8,,uppsala,5f9fe38afd517828962fde29
6350,2020-01-20 14:00:00+00:00,69.1,,uppsala,5f9fe38afd517828962fde29
6351,2020-01-20 15:00:00+00:00,0.0,,uppsala,5f9fe38afd517828962fde29
6352,2020-01-20 16:00:00+00:00,0.0,,uppsala,5f9fe38afd517828962fde29
6353,2020-01-20 17:00:00+00:00,0.0,,uppsala,5f9fe38afd517828962fde29
6354,2020-01-20 18:00:00+00:00,0.0,,uppsala,5f9fe38afd517828962fde29
6355,2020-01-20 19:00:00+00:00,0.0,,uppsala,5f9fe38afd517828962fde29
6356,2020-01-20 20:00:00+00:00,0.0,,uppsala,5f9fe38afd517828962fde29
6357,2020-01-20 21:00:00+00:00,0.0,,uppsala,5f9fe38afd517828962fde29
6358,2020-01-20 22:00:00+00:00,0.0,,uppsala,5f9fe38afd517828962fde29
6359,2020-01-20 23:00:00+00:00,0.0,,uppsala,5f9fe38afd517828962fde29
6360,2020-01-21 00:00:00+00:00,0.0,,uppsala,5f9fe38afd517828962fde29
6361,2020-01-21 01:00:00+00:00,0.0,,uppsala,5f9fe38afd517828962fde29
6362,2020-01-21 02:00:00+00:00,0.0,,uppsala,5f9fe38afd517828962fde29
6363,2020-01-21 03:00:00+00:00,0.0,,uppsala,5f9fe38afd517828962fde29
6364,2020-01-21 04:00:00+00:00,0.0,,uppsala,5f9fe38afd517828962fde29
6365,2020-01-21 05:00:00+00:00,0.0,,uppsala,5f9fe38afd517828962fde29
6366,2020-01-21 06:00:00+00:00,0.0,,uppsala,5f9fe38afd517828962fde29
6367,2020-01-21 07:00:00+00:00,0.0,,uppsala,5f9fe38afd517828962fde29
6368,2020-01-21 08:00:00+00:00,0.0,,uppsala,5f9fe38afd517828962fde29
6369,2020-01-21 09:00:00+00:00,107.0,,uppsala,5f9fe38afd517828962fde29
6370,2020-01-21 10:00:00+00:00,433.4,,uppsala,5f9fe38afd517828962fde29
6371,2020-01-21 11:00:00+00:00,644.3,,uppsala,5f9fe38afd517828962fde29
6372,2020-01-21 12:00:00+00:00,590.8,,uppsala,5f9fe38afd517828962fde29
6373,2020-01-21 13:00:00+00:00,493.7,,uppsala,5f9fe38afd517828962fde29
6374,2020-01-21 14:00:00+00:00,0.0,,uppsala,5f9fe38afd517828962fde29
6375,2020-01-21 15:00:00+00:00,0.0,,uppsala,5f9fe38afd517828962fde29
6376,2020-01-21 16:00:00+00:00,0.0,,uppsala,5f9fe38afd517828962fde29
6377,2020-01-21 17:00:00+00:00,0.0,,uppsala,5f9fe38afd517828962fde29
6378,2020-01-21 18:00:00+00:00,0.0,,uppsala,5f9fe38afd517828962fde29
6379,2020-01-21 19:00:00+00:00,0.0,,uppsala,5f9fe38afd517828962fde29
6380,2020-01-21 20:00:00+00:00,0.0,,uppsala,5f9fe38afd517828962fde29
6381,2020-01-21 21:00:00+00:00,0.0,,uppsala,5f9fe38afd517828962fde29
6382,2020-01-21 22:00:00+00:00,0.0,,uppsala,5f9fe38afd517828962fde29
6383,2020-01-21 23:00:00+00:00,0.0,,uppsala,5f9fe38afd517828962fde29
6384,2020-01-22 00:00:00+00:00,0.0,,uppsala,5f9fe38afd517828962fde29
6385,2020-01-22 01:00:00+00:00,0.0,,uppsala,5f9fe38afd517828962fde29
6386,2020-01-22 02:00:00+00:00,0.0,,uppsala,5f9fe38afd517828962fde29
6387,2020-01-22 03:00:00+00:00,0.0,,uppsala,5f9fe38afd517828962fde29
6388,2020-01-22 04:00:00+00:00,0.0,,uppsala,5f9fe38afd517828962fde29
6389,2020-01-22 05:00:00+00:00,0.0,,uppsala,5f9fe38afd517828962fde29
6390,2020-01-22 06:00:00+00:00,0.0,,uppsala,5f9fe38afd517828962fde29
6391,2020-01-22 07:00:00+00:00,0.0,,uppsala,5f9fe38afd517828962fde29
6392,2020-01-22 08:00:00+00:00,200.8,,uppsala,5f9fe38afd517828962fde29
6393,2020-01-22 09:00:00+00:00,473.1,,uppsala,5f9fe38afd517828962fde29
6394,2020-01-22 10:00:00+00:00,76.0,,uppsala,5f9fe38afd517828962fde29
6395,2020-01-22 11:00:00+00:00,659.6,,uppsala,5f9fe38afd517828962fde29
6396,2020-01-22 12:00:00+00:00,628.4,,uppsala,5f9fe38afd517828962fde29
6397,2020-01-22 13:00:00+00:00,549.0,,uppsala,5f9fe38afd517828962fde29
6398,2020-01-22 14:00:00+00:00,296.5,,uppsala,5f9fe38afd517828962fde29
6399,2020-01-22 15:00:00+00:00,0.0,,uppsala,5f9fe38afd517828962fde29
6400,2020-01-22 16:00:00+00:00,0.0,,uppsala,5f9fe38afd517828962fde29
6401,2020-01-22 17:00:00+00:00,0.0,,uppsala,5f9fe38afd517828962fde29
6402,2020-01-22 18:00:00+00:00,0.0,,uppsala,5f9fe38afd517828962fde29
6403,2020-01-22 19:00:00+00:00,0.0,,uppsala,5f9fe38afd517828962fde29
6404,2020-01-22 20:00:00+00:00,0.0,,uppsala,5f9fe38afd517828962fde29
6405,2020-01-22 21:00:00+00:00,0.0,,uppsala,5f9fe38afd517828962fde29
6406,2020-01-22 22:00:00+00:00,0.0,,uppsala,5f9fe38afd517828962fde29
6407,2020-01-22 23:00:00+00:00,0.0,,uppsala,5f9fe38afd517828962fde29
6408,2020-01-23 00:00:00+00:00,0.0,,uppsala,5f9fe38afd517828962fde29
6409,2020-01-23 01:00:00+00:00,0.0,,uppsala,5f9fe38afd517828962fde29
6410,2020-01-23 02:00:00+00:00,0.0,,uppsala,5f9fe38afd517828962fde29
6411,2020-01-23 03:00:00+00:00,0.0,,uppsala,5f9fe38afd517828962fde29
6412,2020-01-23 04:00:00+00:00,0.0,,uppsala,5f9fe38afd517828962fde29
6413,2020-01-23 05:00:00+00:00,0.0,,uppsala,5f9fe38afd517828962fde29
6414,2020-01-23 06:00:00+00:00,0.0,,uppsala,5f9fe38afd517828962fde29
6415,2020-01-23 07:00:00+00:00,0.0,,uppsala,5f9fe38afd517828962fde29
6416,2020-01-23 08:00:00+00:00,5.7,,uppsala,5f9fe38afd517828962fde29
6417,2020-01-23 09:00:00+00:00,314.1,,uppsala,5f9fe38afd517828962fde29
6418,2020-01-23 10:00:00+00:00,21.9,,uppsala,5f9fe38afd517828962fde29
6419,2020-01-23 11:00:00+00:00,150.7,,uppsala,5f9fe38afd517828962fde29
6420,2020-01-23 12:00:00+00:00,1.6,,uppsala,5f9fe38afd517828962fde29
6421,2020-01-23 13:00:00+00:00,0.9,,uppsala,5f9fe38afd517828962fde29
6422,2020-01-23 14:00:00+00:00,0.0,,uppsala,5f9fe38afd517828962fde29
6423,2020-01-23 15:00:00+00:00,0.0,,uppsala,5f9fe38afd517828962fde29
6424,2020-01-23 16:00:00+00:00,0.0,,uppsala,5f9fe38afd517828962fde29
6425,2020-01-23 17:00:00+00:00,0.0,,uppsala,5f9fe38afd517828962fde29
6426,2020-01-23 18:00:00+00:00,0.0,,uppsala,5f9fe38afd517828962fde29
6427,2020-01-23 19:00:00+00:00,0.0,,uppsala,5f9fe38afd517828962fde29
6428,2020-01-23 20:00:00+00:00,0.0,,uppsala,5f9fe38afd517828962fde29
6429,2020-01-23 21:00:00+00:00,0.0,,uppsala,5f9fe38afd517828962fde29
6430,2020-01-23 22:00:00+00:00,0.0,,uppsala,5f9fe38afd517828962fde29
6431,2020-01-23 23:00:00+00:00,0.0,,uppsala,5f9fe38afd517828962fde29
6432,2020-01-24 00:00:00+00:00,0.0,,uppsala,5f9fe38afd517828962fde29
6433,2020-01-24 01:00:00+00:00,0.0,,uppsala,5f9fe38afd517828962fde29
6434,2020-01-24 02:00:00+00:00,0.0,,uppsala,5f9fe38afd517828962fde29
6435,2020-01-24 03:00:00+00:00,0.0,,uppsala,5f9fe38afd517828962fde29
6436,2020-01-24 04:00:00+00:00,0.0,,uppsala,5f9fe38afd517828962fde29
6437,2020-01-24 05:00:00+00:00,0.0,,uppsala,5f9fe38afd517828962fde29
6438,2020-01-24 06:00:00+00:00,0.0,,uppsala,5f9fe38afd517828962fde29
6439,2020-01-24 07:00:00+00:00,0.0,,uppsala,5f9fe38afd517828962fde29
6440,2020-01-24 08:00:00+00:00,0.0,,uppsala,5f9fe38afd517828962fde29
6441,2020-01-24 09:00:00+00:00,578.6,,uppsala,5f9fe38afd517828962fde29
6442,2020-01-24 10:00:00+00:00,678.6,,uppsala,5f9fe38afd517828962fde29
6443,2020-01-24 11:00:00+00:00,711.6,,uppsala,5f9fe38afd517828962fde29
6444,2020-01-24 12:00:00+00:00,686.8,,uppsala,5f9fe38afd517828962fde29
6445,2020-01-24 13:00:00+00:00,599.3,,uppsala,5f9fe38afd517828962fde29
6446,2020-01-24 14:00:00+00:00,367.9,,uppsala,5f9fe38afd517828962fde29
6447,2020-01-24 15:00:00+00:00,0.0,,uppsala,5f9fe38afd517828962fde29
6448,2020-01-24 16:00:00+00:00,0.0,,uppsala,5f9fe38afd517828962fde29
6449,2020-01-24 17:00:00+00:00,0.0,,uppsala,5f9fe38afd517828962fde29
6450,2020-01-24 18:00:00+00:00,0.0,,uppsala,5f9fe38afd517828962fde29
6451,2020-01-24 19:00:00+00:00,0.0,,uppsala,5f9fe38afd517828962fde29
6452,2020-01-24 20:00:00+00:00,0.0,,uppsala,5f9fe38afd517828962fde29
6453,2020-01-24 21:00:00+00:00,0.0,,uppsala,5f9fe38afd517828962fde29
6454,2020-01-24 22:00:00+00:00,0.0,,uppsala,5f9fe38afd517828962fde29
6455,2020-01-24 23:00:00+00:00,0.0,,uppsala,5f9fe38afd517828962fde29
6456,2020-01-25 00:00:00+00:00,0.0,,uppsala,5f9fe38afd517828962fde29
6457,2020-01-25 01:00:00+00:00,0.0,,uppsala,5f9fe38afd517828962fde29
6458,2020-01-25 02:00:00+00:00,0.0,,uppsala,5f9fe38afd517828962fde29
6459,2020-01-25 03:00:00+00:00,0.0,,uppsala,5f9fe38afd517828962fde29
6460,2020-01-25 04:00:00+00:00,0.0,,uppsala,5f9fe38afd517828962fde29
6461,2020-01-25 05:00:00+00:00,0.0,,uppsala,5f9fe38afd517828962fde29
6462,2020-01-25 06:00:00+00:00,0.0,,uppsala,5f9fe38afd517828962fde29
6463,2020-01-25 07:00:00+00:00,0.0,,uppsala,5f9fe38afd517828962fde29
6464,2020-01-25 08:00:00+00:00,0.0,,uppsala,5f9fe38afd517828962fde29
6465,2020-01-25 09:00:00+00:00,323.3,,uppsala,5f9fe38afd517828962fde29
6466,2020-01-25 10:00:00+00:00,230.1,,uppsala,5f9fe38afd517828962fde29
6467,2020-01-25 11:00:00+00:00,38.0,,uppsala,5f9fe38afd517828962fde29
6468,2020-01-25 12:00:00+00:00,6.0,,uppsala,5f9fe38afd517828962fde29
6469,2020-01-25 13:00:00+00:00,30.6,,uppsala,5f9fe38afd517828962fde29
6470,2020-01-25 14:00:00+00:00,359.6,,uppsala,5f9fe38afd517828962fde29
6471,2020-01-25 15:00:00+00:00,0.0,,uppsala,5f9fe38afd517828962fde29
6472,2020-01-25 16:00:00+00:00,0.0,,uppsala,5f9fe38afd517828962fde29
6473,2020-01-25 17:00:00+00:00,0.0,,uppsala,5f9fe38afd517828962fde29
6474,2020-01-25 18:00:00+00:00,0.0,,uppsala,5f9fe38afd517828962fde29
6475,2020-01-25 19:00:00+00:00,0.0,,uppsala,5f9fe38afd517828962fde29
6476,2020-01-25 20:00:00+00:00,0.0,,uppsala,5f9fe38afd517828962fde29
6477,2020-01-25 21:00:00+00:00,0.0,,uppsala,5f9fe38afd517828962fde29
6478,2020-01-25 22:00:00+00:00,0.0,,uppsala,5f9fe38afd517828962fde29
6479,2020-01-25 23:00:00+00:00,0.0,,uppsala,5f9fe38afd517828962fde29
6480,2020-01-26 00:00:00+00:00,0.0,,uppsala,5f9fe38afd517828962fde29
6481,2020-01-26 01:00:00+00:00,0.0,,uppsala,5f9fe38afd517828962fde29
6482,2020-01-26 02:00:00+00:00,0.0,,uppsala,5f9fe38afd517828962fde29
6483,2020-01-26 03:00:00+00:00,0.0,,uppsala,5f9fe38afd517828962fde29
6484,2020-01-26 04:00:00+00:00,0.0,,uppsala,5f9fe38afd517828962fde29
6485,2020-01-26 05:00:00+00:00,0.0,,uppsala,5f9fe38afd517828962fde29
6486,2020-01-26 06:00:00+00:00,0.0,,uppsala,5f9fe38afd517828962fde29
6487,2020-01-26 07:00:00+00:00,0.0,,uppsala,5f9fe38afd517828962fde29
6488,2020-01-26 08:00:00+00:00,29.5,,uppsala,5f9fe38afd517828962fde29
6489,2020-01-26 09:00:00+00:00,8.3,,uppsala,5f9fe38afd517828962fde29
6490,2020-01-26 10:00:00+00:00,0.0,,uppsala,5f9fe38afd517828962fde29
6491,2020-01-26 11:00:00+00:00,1.9,,uppsala,5f9fe38afd517828962fde29
6492,2020-01-26 12:00:00+00:00,10.2,,uppsala,5f9fe38afd517828962fde29
6493,2020-01-26 13:00:00+00:00,0.30000000000000004,,uppsala,5f9fe38afd517828962fde29
6494,2020-01-26 14:00:00+00:00,0.0,,uppsala,5f9fe38afd517828962fde29
6495,2020-01-26 15:00:00+00:00,0.0,,uppsala,5f9fe38afd517828962fde29
6496,2020-01-26 16:00:00+00:00,0.0,,uppsala,5f9fe38afd517828962fde29
6497,2020-01-26 17:00:00+00:00,0.0,,uppsala,5f9fe38afd517828962fde29
6498,2020-01-26 18:00:00+00:00,0.0,,uppsala,5f9fe38afd517828962fde29
6499,2020-01-26 19:00:00+00:00,0.0,,uppsala,5f9fe38afd517828962fde29
6500,2020-01-26 20:00:00+00:00,0.0,,uppsala,5f9fe38afd517828962fde29
6501,2020-01-26 21:00:00+00:00,0.0,,uppsala,5f9fe38afd517828962fde29
6502,2020-01-26 22:00:00+00:00,0.0,,uppsala,5f9fe38afd517828962fde29
6503,2020-01-26 23:00:00+00:00,0.0,,uppsala,5f9fe38afd517828962fde29
6504,2020-01-27 00:00:00+00:00,0.0,,uppsala,5f9fe38afd517828962fde29
6505,2020-01-27 01:00:00+00:00,0.0,,uppsala,5f9fe38afd517828962fde29
6506,2020-01-27 02:00:00+00:00,0.0,,uppsala,5f9fe38afd517828962fde29
6507,2020-01-27 03:00:00+00:00,0.0,,uppsala,5f9fe38afd517828962fde29
6508,2020-01-27 04:00:00+00:00,0.0,,uppsala,5f9fe38afd517828962fde29
6509,2020-01-27 05:00:00+00:00,0.0,,uppsala,5f9fe38afd517828962fde29
6510,2020-01-27 06:00:00+00:00,0.0,,uppsala,5f9fe38afd517828962fde29
6511,2020-01-27 07:00:00+00:00,0.0,,uppsala,5f9fe38afd517828962fde29
6512,2020-01-27 08:00:00+00:00,0.0,,uppsala,5f9fe38afd517828962fde29
6513,2020-01-27 09:00:00+00:00,0.0,,uppsala,5f9fe38afd517828962fde29
6514,2020-01-27 10:00:00+00:00,0.30000000000000004,,uppsala,5f9fe38afd517828962fde29
6515,2020-01-27 11:00:00+00:00,1.5,,uppsala,5f9fe38afd517828962fde29
6516,2020-01-27 12:00:00+00:00,0.8,,uppsala,5f9fe38afd517828962fde29
6517,2020-01-27 13:00:00+00:00,0.0,,uppsala,5f9fe38afd517828962fde29
6518,2020-01-27 14:00:00+00:00,0.0,,uppsala,5f9fe38afd517828962fde29
6519,2020-01-27 15:00:00+00:00,0.0,,uppsala,5f9fe38afd517828962fde29
6520,2020-01-27 16:00:00+00:00,0.0,,uppsala,5f9fe38afd517828962fde29
6521,2020-01-27 17:00:00+00:00,0.0,,uppsala,5f9fe38afd517828962fde29
6522,2020-01-27 18:00:00+00:00,0.0,,uppsala,5f9fe38afd517828962fde29
6523,2020-01-27 19:00:00+00:00,0.0,,uppsala,5f9fe38afd517828962fde29
6524,2020-01-27 20:00:00+00:00,0.0,,uppsala,5f9fe38afd517828962fde29
6525,2020-01-27 21:00:00+00:00,0.0,,uppsala,5f9fe38afd517828962fde29
6526,2020-01-27 22:00:00+00:00,0.0,,uppsala,5f9fe38afd517828962fde29
6527,2020-01-27 23:00:00+00:00,0.0,,uppsala,5f9fe38afd517828962fde29
6528,2020-01-28 00:00:00+00:00,0.0,,uppsala,5f9fe38afd517828962fde29
6529,2020-01-28 01:00:00+00:00,0.0,,uppsala,5f9fe38afd517828962fde29
6530,2020-01-28 02:00:00+00:00,0.0,,uppsala,5f9fe38afd517828962fde29
6531,2020-01-28 03:00:00+00:00,0.0,,uppsala,5f9fe38afd517828962fde29
6532,2020-01-28 04:00:00+00:00,0.0,,uppsala,5f9fe38afd517828962fde29
6533,2020-01-28 05:00:00+00:00,0.0,,uppsala,5f9fe38afd517828962fde29
6534,2020-01-28 06:00:00+00:00,0.0,,uppsala,5f9fe38afd517828962fde29
6535,2020-01-28 07:00:00+00:00,0.0,,uppsala,5f9fe38afd517828962fde29
6536,2020-01-28 08:00:00+00:00,0.0,,uppsala,5f9fe38afd517828962fde29
6537,2020-01-28 09:00:00+00:00,0.7000000000000001,,uppsala,5f9fe38afd517828962fde29
6538,2020-01-28 10:00:00+00:00,4.4,,uppsala,5f9fe38afd517828962fde29
6539,2020-01-28 11:00:00+00:00,5.6,,uppsala,5f9fe38afd517828962fde29
6540,2020-01-28 12:00:00+00:00,8.8,,uppsala,5f9fe38afd517828962fde29
6541,2020-01-28 13:00:00+00:00,0.0,,uppsala,5f9fe38afd517828962fde29
6542,2020-01-28 14:00:00+00:00,0.0,,uppsala,5f9fe38afd517828962fde29
6543,2020-01-28 15:00:00+00:00,0.0,,uppsala,5f9fe38afd517828962fde29
6544,2020-01-28 16:00:00+00:00,0.0,,uppsala,5f9fe38afd517828962fde29
6545,2020-01-28 17:00:00+00:00,0.0,,uppsala,5f9fe38afd517828962fde29
6546,2020-01-28 18:00:00+00:00,0.0,,uppsala,5f9fe38afd517828962fde29
6547,2020-01-28 19:00:00+00:00,0.0,,uppsala,5f9fe38afd517828962fde29
6548,2020-01-28 20:00:00+00:00,0.0,,uppsala,5f9fe38afd517828962fde29
6549,2020-01-28 21:00:00+00:00,0.0,,uppsala,5f9fe38afd517828962fde29
6550,2020-01-28 22:00:00+00:00,0.0,,uppsala,5f9fe38afd517828962fde29
6551,2020-01-28 23:00:00+00:00,0.0,,uppsala,5f9fe38afd517828962fde29
6552,2020-01-29 00:00:00+00:00,0.0,,uppsala,5f9fe38afd517828962fde29
6553,2020-01-29 01:00:00+00:00,0.0,,uppsala,5f9fe38afd517828962fde29
6554,2020-01-29 02:00:00+00:00,0.0,,uppsala,5f9fe38afd517828962fde29
6555,2020-01-29 03:00:00+00:00,0.0,,uppsala,5f9fe38afd517828962fde29
6556,2020-01-29 04:00:00+00:00,0.0,,uppsala,5f9fe38afd517828962fde29
6557,2020-01-29 05:00:00+00:00,0.0,,uppsala,5f9fe38afd517828962fde29
6558,2020-01-29 06:00:00+00:00,0.0,,uppsala,5f9fe38afd517828962fde29
6559,2020-01-29 07:00:00+00:00,0.0,,uppsala,5f9fe38afd517828962fde29
6560,2020-01-29 08:00:00+00:00,0.0,,uppsala,5f9fe38afd517828962fde29
6561,2020-01-29 09:00:00+00:00,1.4,,uppsala,5f9fe38afd517828962fde29
6562,2020-01-29 10:00:00+00:00,4.9,,uppsala,5f9fe38afd517828962fde29
6563,2020-01-29 11:00:00+00:00,5.9,,uppsala,5f9fe38afd517828962fde29
6564,2020-01-29 12:00:00+00:00,4.1,,uppsala,5f9fe38afd517828962fde29
6565,2020-01-29 13:00:00+00:00,0.30000000000000004,,uppsala,5f9fe38afd517828962fde29
6566,2020-01-29 14:00:00+00:00,0.0,,uppsala,5f9fe38afd517828962fde29
6567,2020-01-29 15:00:00+00:00,0.0,,uppsala,5f9fe38afd517828962fde29
6568,2020-01-29 16:00:00+00:00,0.0,,uppsala,5f9fe38afd517828962fde29
6569,2020-01-29 17:00:00+00:00,0.0,,uppsala,5f9fe38afd517828962fde29
6570,2020-01-29 18:00:00+00:00,0.0,,uppsala,5f9fe38afd517828962fde29
6571,2020-01-29 19:00:00+00:00,0.0,,uppsala,5f9fe38afd517828962fde29
6572,2020-01-29 20:00:00+00:00,0.0,,uppsala,5f9fe38afd517828962fde29
6573,2020-01-29 21:00:00+00:00,0.0,,uppsala,5f9fe38afd517828962fde29
6574,2020-01-29 22:00:00+00:00,0.0,,uppsala,5f9fe38afd517828962fde29
6575,2020-01-29 23:00:00+00:00,0.0,,uppsala,5f9fe38afd517828962fde29
6576,2020-01-30 00:00:00+00:00,0.0,,uppsala,5f9fe38afd517828962fde29
6577,2020-01-30 01:00:00+00:00,0.0,,uppsala,5f9fe38afd517828962fde29
6578,2020-01-30 02:00:00+00:00,0.0,,uppsala,5f9fe38afd517828962fde29
6579,2020-01-30 03:00:00+00:00,0.0,,uppsala,5f9fe38afd517828962fde29
6580,2020-01-30 04:00:00+00:00,0.0,,uppsala,5f9fe38afd517828962fde29
6581,2020-01-30 05:00:00+00:00,0.0,,uppsala,5f9fe38afd517828962fde29
6582,2020-01-30 06:00:00+00:00,0.0,,uppsala,5f9fe38afd517828962fde29
6583,2020-01-30 07:00:00+00:00,0.0,,uppsala,5f9fe38afd517828962fde29
6584,2020-01-30 08:00:00+00:00,0.0,,uppsala,5f9fe38afd517828962fde29
6585,2020-01-30 09:00:00+00:00,1.5,,uppsala,5f9fe38afd517828962fde29
6586,2020-01-30 10:00:00+00:00,11.0,,uppsala,5f9fe38afd517828962fde29
6587,2020-01-30 11:00:00+00:00,12.3,,uppsala,5f9fe38afd517828962fde29
6588,2020-01-30 12:00:00+00:00,117.2,,uppsala,5f9fe38afd517828962fde29
6589,2020-01-30 13:00:00+00:00,2.5,,uppsala,5f9fe38afd517828962fde29
6590,2020-01-30 14:00:00+00:00,0.0,,uppsala,5f9fe38afd517828962fde29
6591,2020-01-30 15:00:00+00:00,0.0,,uppsala,5f9fe38afd517828962fde29
6592,2020-01-30 16:00:00+00:00,0.0,,uppsala,5f9fe38afd517828962fde29
6593,2020-01-30 17:00:00+00:00,0.0,,uppsala,5f9fe38afd517828962fde29
6594,2020-01-30 18:00:00+00:00,0.0,,uppsala,5f9fe38afd517828962fde29
6595,2020-01-30 19:00:00+00:00,0.0,,uppsala,5f9fe38afd517828962fde29
6596,2020-01-30 20:00:00+00:00,0.0,,uppsala,5f9fe38afd517828962fde29
6597,2020-01-30 21:00:00+00:00,0.0,,uppsala,5f9fe38afd517828962fde29
6598,2020-01-30 22:00:00+00:00,0.0,,uppsala,5f9fe38afd517828962fde29
6599,2020-01-30 23:00:00+00:00,0.0,,uppsala,5f9fe38afd517828962fde29
6600,2020-01-31 00:00:00+00:00,0.0,,uppsala,5f9fe38afd517828962fde29
6601,2020-01-31 01:00:00+00:00,0.0,,uppsala,5f9fe38afd517828962fde29
6602,2020-01-31 02:00:00+00:00,0.0,,uppsala,5f9fe38afd517828962fde29
6603,2020-01-31 03:00:00+00:00,0.0,,uppsala,5f9fe38afd517828962fde29
6604,2020-01-31 04:00:00+00:00,0.0,,uppsala,5f9fe38afd517828962fde29
6605,2020-01-31 05:00:00+00:00,0.0,,uppsala,5f9fe38afd517828962fde29
6606,2020-01-31 06:00:00+00:00,0.0,,uppsala,5f9fe38afd517828962fde29
6607,2020-01-31 07:00:00+00:00,0.0,,uppsala,5f9fe38afd517828962fde29
6608,2020-01-31 08:00:00+00:00,56.9,,uppsala,5f9fe38afd517828962fde29
6609,2020-01-31 09:00:00+00:00,46.8,,uppsala,5f9fe38afd517828962fde29
6610,2020-01-31 10:00:00+00:00,412.9,,uppsala,5f9fe38afd517828962fde29
6611,2020-01-31 11:00:00+00:00,12.7,,uppsala,5f9fe38afd517828962fde29
6612,2020-01-31 12:00:00+00:00,56.8,,uppsala,5f9fe38afd517828962fde29
6613,2020-01-31 13:00:00+00:00,2.2,,uppsala,5f9fe38afd517828962fde29
6614,2020-01-31 14:00:00+00:00,2.0,,uppsala,5f9fe38afd517828962fde29
6615,2020-01-31 15:00:00+00:00,0.0,,uppsala,5f9fe38afd517828962fde29
6616,2020-01-31 16:00:00+00:00,0.0,,uppsala,5f9fe38afd517828962fde29
6617,2020-01-31 17:00:00+00:00,0.0,,uppsala,5f9fe38afd517828962fde29
6618,2020-01-31 18:00:00+00:00,0.0,,uppsala,5f9fe38afd517828962fde29
6619,2020-01-31 19:00:00+00:00,0.0,,uppsala,5f9fe38afd517828962fde29
6620,2020-01-31 20:00:00+00:00,0.0,,uppsala,5f9fe38afd517828962fde29
6621,2020-01-31 21:00:00+00:00,0.0,,uppsala,5f9fe38afd517828962fde29
6622,2020-01-31 22:00:00+00:00,0.0,,uppsala,5f9fe38afd517828962fde29
6623,2020-01-31 23:00:00+00:00,0.0,,uppsala,5f9fe38afd517828962fde29
6624,2020-02-01 00:00:00+00:00,0.0,,uppsala,5f9fe38afd517828962fde29
6625,2020-02-01 01:00:00+00:00,0.0,,uppsala,5f9fe38afd517828962fde29
6626,2020-02-01 02:00:00+00:00,0.0,,uppsala,5f9fe38afd517828962fde29
6627,2020-02-01 03:00:00+00:00,0.0,,uppsala,5f9fe38afd517828962fde29
6628,2020-02-01 04:00:00+00:00,0.0,,uppsala,5f9fe38afd517828962fde29
6629,2020-02-01 05:00:00+00:00,0.0,,uppsala,5f9fe38afd517828962fde29
6630,2020-02-01 06:00:00+00:00,0.0,,uppsala,5f9fe38afd517828962fde29
6631,2020-02-01 07:00:00+00:00,0.0,,uppsala,5f9fe38afd517828962fde29
6632,2020-02-01 08:00:00+00:00,0.0,,uppsala,5f9fe38afd517828962fde29
6633,2020-02-01 09:00:00+00:00,0.0,,uppsala,5f9fe38afd517828962fde29
6634,2020-02-01 10:00:00+00:00,2.1,,uppsala,5f9fe38afd517828962fde29
6635,2020-02-01 11:00:00+00:00,2.0,,uppsala,5f9fe38afd517828962fde29
6636,2020-02-01 12:00:00+00:00,57.4,,uppsala,5f9fe38afd517828962fde29
6637,2020-02-01 13:00:00+00:00,53.9,,uppsala,5f9fe38afd517828962fde29
6638,2020-02-01 14:00:00+00:00,4.6,,uppsala,5f9fe38afd517828962fde29
6639,2020-02-01 15:00:00+00:00,0.0,,uppsala,5f9fe38afd517828962fde29
6640,2020-02-01 16:00:00+00:00,0.0,,uppsala,5f9fe38afd517828962fde29
6641,2020-02-01 17:00:00+00:00,0.0,,uppsala,5f9fe38afd517828962fde29
6642,2020-02-01 18:00:00+00:00,0.0,,uppsala,5f9fe38afd517828962fde29
6643,2020-02-01 19:00:00+00:00,0.0,,uppsala,5f9fe38afd517828962fde29
6644,2020-02-01 20:00:00+00:00,0.0,,uppsala,5f9fe38afd517828962fde29
6645,2020-02-01 21:00:00+00:00,0.0,,uppsala,5f9fe38afd517828962fde29
6646,2020-02-01 22:00:00+00:00,0.0,,uppsala,5f9fe38afd517828962fde29
6647,2020-02-01 23:00:00+00:00,0.0,,uppsala,5f9fe38afd517828962fde29
6648,2020-02-02 00:00:00+00:00,0.0,,uppsala,5f9fe38afd517828962fde29
6649,2020-02-02 01:00:00+00:00,0.0,,uppsala,5f9fe38afd517828962fde29
6650,2020-02-02 02:00:00+00:00,0.0,,uppsala,5f9fe38afd517828962fde29
6651,2020-02-02 03:00:00+00:00,0.0,,uppsala,5f9fe38afd517828962fde29
6652,2020-02-02 04:00:00+00:00,0.0,,uppsala,5f9fe38afd517828962fde29
6653,2020-02-02 05:00:00+00:00,0.0,,uppsala,5f9fe38afd517828962fde29
6654,2020-02-02 06:00:00+00:00,0.0,,uppsala,5f9fe38afd517828962fde29
6655,2020-02-02 07:00:00+00:00,0.0,,uppsala,5f9fe38afd517828962fde29
6656,2020-02-02 08:00:00+00:00,491.2,,uppsala,5f9fe38afd517828962fde29
6657,2020-02-02 09:00:00+00:00,648.9,,uppsala,5f9fe38afd517828962fde29
6658,2020-02-02 10:00:00+00:00,724.1,,uppsala,5f9fe38afd517828962fde29
6659,2020-02-02 11:00:00+00:00,727.6,,uppsala,5f9fe38afd517828962fde29
6660,2020-02-02 12:00:00+00:00,707.8,,uppsala,5f9fe38afd517828962fde29
6661,2020-02-02 13:00:00+00:00,633.9,,uppsala,5f9fe38afd517828962fde29
6662,2020-02-02 14:00:00+00:00,486.3,,uppsala,5f9fe38afd517828962fde29
6663,2020-02-02 15:00:00+00:00,4.7,,uppsala,5f9fe38afd517828962fde29
6664,2020-02-02 16:00:00+00:00,0.0,,uppsala,5f9fe38afd517828962fde29
6665,2020-02-02 17:00:00+00:00,0.0,,uppsala,5f9fe38afd517828962fde29
6666,2020-02-02 18:00:00+00:00,0.0,,uppsala,5f9fe38afd517828962fde29
6667,2020-02-02 19:00:00+00:00,0.0,,uppsala,5f9fe38afd517828962fde29
6668,2020-02-02 20:00:00+00:00,0.0,,uppsala,5f9fe38afd517828962fde29
6669,2020-02-02 21:00:00+00:00,0.0,,uppsala,5f9fe38afd517828962fde29
6670,2020-02-02 22:00:00+00:00,0.0,,uppsala,5f9fe38afd517828962fde29
6671,2020-02-02 23:00:00+00:00,0.0,,uppsala,5f9fe38afd517828962fde29
6672,2020-02-03 00:00:00+00:00,0.0,,uppsala,5f9fe38afd517828962fde29
6673,2020-02-03 01:00:00+00:00,0.0,,uppsala,5f9fe38afd517828962fde29
6674,2020-02-03 02:00:00+00:00,0.0,,uppsala,5f9fe38afd517828962fde29
6675,2020-02-03 03:00:00+00:00,0.0,,uppsala,5f9fe38afd517828962fde29
6676,2020-02-03 04:00:00+00:00,0.0,,uppsala,5f9fe38afd517828962fde29
6677,2020-02-03 05:00:00+00:00,0.0,,uppsala,5f9fe38afd517828962fde29
6678,2020-02-03 06:00:00+00:00,0.0,,uppsala,5f9fe38afd517828962fde29
6679,2020-02-03 07:00:00+00:00,0.0,,uppsala,5f9fe38afd517828962fde29
6680,2020-02-03 08:00:00+00:00,480.0,,uppsala,5f9fe38afd517828962fde29
6681,2020-02-03 09:00:00+00:00,670.3,,uppsala,5f9fe38afd517828962fde29
6682,2020-02-03 10:00:00+00:00,752.8,,uppsala,5f9fe38afd517828962fde29
6683,2020-02-03 11:00:00+00:00,804.2,,uppsala,5f9fe38afd517828962fde29
6684,2020-02-03 12:00:00+00:00,786.6,,uppsala,5f9fe38afd517828962fde29
6685,2020-02-03 13:00:00+00:00,715.9,,uppsala,5f9fe38afd517828962fde29
6686,2020-02-03 14:00:00+00:00,555.7,,uppsala,5f9fe38afd517828962fde29
6687,2020-02-03 15:00:00+00:00,41.1,,uppsala,5f9fe38afd517828962fde29
6688,2020-02-03 16:00:00+00:00,0.0,,uppsala,5f9fe38afd517828962fde29
6689,2020-02-03 17:00:00+00:00,0.0,,uppsala,5f9fe38afd517828962fde29
6690,2020-02-03 18:00:00+00:00,0.0,,uppsala,5f9fe38afd517828962fde29
6691,2020-02-03 19:00:00+00:00,0.0,,uppsala,5f9fe38afd517828962fde29
6692,2020-02-03 20:00:00+00:00,0.0,,uppsala,5f9fe38afd517828962fde29
6693,2020-02-03 21:00:00+00:00,0.0,,uppsala,5f9fe38afd517828962fde29
6694,2020-02-03 22:00:00+00:00,0.0,,uppsala,5f9fe38afd517828962fde29
6695,2020-02-03 23:00:00+00:00,0.0,,uppsala,5f9fe38afd517828962fde29
6696,2020-02-04 00:00:00+00:00,0.0,,uppsala,5f9fe38afd517828962fde29
6697,2020-02-04 01:00:00+00:00,0.0,,uppsala,5f9fe38afd517828962fde29
6698,2020-02-04 02:00:00+00:00,0.0,,uppsala,5f9fe38afd517828962fde29
6699,2020-02-04 03:00:00+00:00,0.0,,uppsala,5f9fe38afd517828962fde29
6700,2020-02-04 04:00:00+00:00,0.0,,uppsala,5f9fe38afd517828962fde29
6701,2020-02-04 05:00:00+00:00,0.0,,uppsala,5f9fe38afd517828962fde29
6702,2020-02-04 06:00:00+00:00,0.0,,uppsala,5f9fe38afd517828962fde29
6703,2020-02-04 07:00:00+00:00,0.0,,uppsala,5f9fe38afd517828962fde29
6704,2020-02-04 08:00:00+00:00,146.1,,uppsala,5f9fe38afd517828962fde29
6705,2020-02-04 09:00:00+00:00,5.2,,uppsala,5f9fe38afd517828962fde29
6706,2020-02-04 10:00:00+00:00,8.5,,uppsala,5f9fe38afd517828962fde29
6707,2020-02-04 11:00:00+00:00,9.3,,uppsala,5f9fe38afd517828962fde29
6708,2020-02-04 12:00:00+00:00,8.4,,uppsala,5f9fe38afd517828962fde29
6709,2020-02-04 13:00:00+00:00,5.0,,uppsala,5f9fe38afd517828962fde29
6710,2020-02-04 14:00:00+00:00,0.0,,uppsala,5f9fe38afd517828962fde29
6711,2020-02-04 15:00:00+00:00,0.0,,uppsala,5f9fe38afd517828962fde29
6712,2020-02-04 16:00:00+00:00,0.0,,uppsala,5f9fe38afd517828962fde29
6713,2020-02-04 17:00:00+00:00,0.0,,uppsala,5f9fe38afd517828962fde29
6714,2020-02-04 18:00:00+00:00,0.0,,uppsala,5f9fe38afd517828962fde29
6715,2020-02-04 19:00:00+00:00,0.0,,uppsala,5f9fe38afd517828962fde29
6716,2020-02-04 20:00:00+00:00,0.0,,uppsala,5f9fe38afd517828962fde29
6717,2020-02-04 21:00:00+00:00,0.0,,uppsala,5f9fe38afd517828962fde29
6718,2020-02-04 22:00:00+00:00,0.0,,uppsala,5f9fe38afd517828962fde29
6719,2020-02-04 23:00:00+00:00,0.0,,uppsala,5f9fe38afd517828962fde29
6720,2020-02-05 00:00:00+00:00,0.0,,uppsala,5f9fe38afd517828962fde29
6721,2020-02-05 01:00:00+00:00,0.0,,uppsala,5f9fe38afd517828962fde29
6722,2020-02-05 02:00:00+00:00,0.0,,uppsala,5f9fe38afd517828962fde29
6723,2020-02-05 03:00:00+00:00,0.0,,uppsala,5f9fe38afd517828962fde29
6724,2020-02-05 04:00:00+00:00,0.0,,uppsala,5f9fe38afd517828962fde29
6725,2020-02-05 05:00:00+00:00,0.0,,uppsala,5f9fe38afd517828962fde29
6726,2020-02-05 06:00:00+00:00,0.0,,uppsala,5f9fe38afd517828962fde29
6727,2020-02-05 07:00:00+00:00,0.1,,uppsala,5f9fe38afd517828962fde29
6728,2020-02-05 08:00:00+00:00,486.9,,uppsala,5f9fe38afd517828962fde29
6729,2020-02-05 09:00:00+00:00,637.5,,uppsala,5f9fe38afd517828962fde29
6730,2020-02-05 10:00:00+00:00,714.7,,uppsala,5f9fe38afd517828962fde29
6731,2020-02-05 11:00:00+00:00,171.3,,uppsala,5f9fe38afd517828962fde29
6732,2020-02-05 12:00:00+00:00,7.8,,uppsala,5f9fe38afd517828962fde29
6733,2020-02-05 13:00:00+00:00,4.7,,uppsala,5f9fe38afd517828962fde29
6734,2020-02-05 14:00:00+00:00,542.1,,uppsala,5f9fe38afd517828962fde29
6735,2020-02-05 15:00:00+00:00,0.0,,uppsala,5f9fe38afd517828962fde29
6736,2020-02-05 16:00:00+00:00,0.0,,uppsala,5f9fe38afd517828962fde29
6737,2020-02-05 17:00:00+00:00,0.0,,uppsala,5f9fe38afd517828962fde29
6738,2020-02-05 18:00:00+00:00,0.0,,uppsala,5f9fe38afd517828962fde29
6739,2020-02-05 19:00:00+00:00,0.0,,uppsala,5f9fe38afd517828962fde29
6740,2020-02-05 20:00:00+00:00,0.0,,uppsala,5f9fe38afd517828962fde29
6741,2020-02-05 21:00:00+00:00,0.0,,uppsala,5f9fe38afd517828962fde29
6742,2020-02-05 22:00:00+00:00,0.0,,uppsala,5f9fe38afd517828962fde29
6743,2020-02-05 23:00:00+00:00,0.0,,uppsala,5f9fe38afd517828962fde29
6744,2020-02-06 00:00:00+00:00,0.0,,uppsala,5f9fe38afd517828962fde29
6745,2020-02-06 01:00:00+00:00,0.0,,uppsala,5f9fe38afd517828962fde29
6746,2020-02-06 02:00:00+00:00,0.0,,uppsala,5f9fe38afd517828962fde29
6747,2020-02-06 03:00:00+00:00,0.0,,uppsala,5f9fe38afd517828962fde29
6748,2020-02-06 04:00:00+00:00,0.0,,uppsala,5f9fe38afd517828962fde29
6749,2020-02-06 05:00:00+00:00,0.0,,uppsala,5f9fe38afd517828962fde29
6750,2020-02-06 06:00:00+00:00,0.0,,uppsala,5f9fe38afd517828962fde29
6751,2020-02-06 07:00:00+00:00,0.0,,uppsala,5f9fe38afd517828962fde29
6752,2020-02-06 08:00:00+00:00,11.1,,uppsala,5f9fe38afd517828962fde29
6753,2020-02-06 09:00:00+00:00,90.1,,uppsala,5f9fe38afd517828962fde29
6754,2020-02-06 10:00:00+00:00,75.0,,uppsala,5f9fe38afd517828962fde29
6755,2020-02-06 11:00:00+00:00,263.9,,uppsala,5f9fe38afd517828962fde29
6756,2020-02-06 12:00:00+00:00,757.9,,uppsala,5f9fe38afd517828962fde29
6757,2020-02-06 13:00:00+00:00,697.4,,uppsala,5f9fe38afd517828962fde29
6758,2020-02-06 14:00:00+00:00,566.7,,uppsala,5f9fe38afd517828962fde29
6759,2020-02-06 15:00:00+00:00,130.3,,uppsala,5f9fe38afd517828962fde29
6760,2020-02-06 16:00:00+00:00,0.0,,uppsala,5f9fe38afd517828962fde29
6761,2020-02-06 17:00:00+00:00,0.0,,uppsala,5f9fe38afd517828962fde29
6762,2020-02-06 18:00:00+00:00,0.0,,uppsala,5f9fe38afd517828962fde29
6763,2020-02-06 19:00:00+00:00,0.0,,uppsala,5f9fe38afd517828962fde29
6764,2020-02-06 20:00:00+00:00,0.0,,uppsala,5f9fe38afd517828962fde29
6765,2020-02-06 21:00:00+00:00,0.0,,uppsala,5f9fe38afd517828962fde29
6766,2020-02-06 22:00:00+00:00,0.0,,uppsala,5f9fe38afd517828962fde29
6767,2020-02-06 23:00:00+00:00,0.0,,uppsala,5f9fe38afd517828962fde29
6768,2020-02-07 00:00:00+00:00,0.0,,uppsala,5f9fe38afd517828962fde29
6769,2020-02-07 01:00:00+00:00,0.0,,uppsala,5f9fe38afd517828962fde29
6770,2020-02-07 02:00:00+00:00,0.0,,uppsala,5f9fe38afd517828962fde29
6771,2020-02-07 03:00:00+00:00,0.0,,uppsala,5f9fe38afd517828962fde29
6772,2020-02-07 04:00:00+00:00,0.0,,uppsala,5f9fe38afd517828962fde29
6773,2020-02-07 05:00:00+00:00,0.0,,uppsala,5f9fe38afd517828962fde29
6774,2020-02-07 06:00:00+00:00,0.0,,uppsala,5f9fe38afd517828962fde29
6775,2020-02-07 07:00:00+00:00,0.0,,uppsala,5f9fe38afd517828962fde29
6776,2020-02-07 08:00:00+00:00,48.9,,uppsala,5f9fe38afd517828962fde29
6777,2020-02-07 09:00:00+00:00,135.8,,uppsala,5f9fe38afd517828962fde29
6778,2020-02-07 10:00:00+00:00,27.4,,uppsala,5f9fe38afd517828962fde29
6779,2020-02-07 11:00:00+00:00,271.1,,uppsala,5f9fe38afd517828962fde29
6780,2020-02-07 12:00:00+00:00,566.2,,uppsala,5f9fe38afd517828962fde29
6781,2020-02-07 13:00:00+00:00,12.4,,uppsala,5f9fe38afd517828962fde29
6782,2020-02-07 14:00:00+00:00,0.0,,uppsala,5f9fe38afd517828962fde29
6783,2020-02-07 15:00:00+00:00,7.2,,uppsala,5f9fe38afd517828962fde29
6784,2020-02-07 16:00:00+00:00,0.0,,uppsala,5f9fe38afd517828962fde29
6785,2020-02-07 17:00:00+00:00,0.0,,uppsala,5f9fe38afd517828962fde29
6786,2020-02-07 18:00:00+00:00,0.0,,uppsala,5f9fe38afd517828962fde29
6787,2020-02-07 19:00:00+00:00,0.0,,uppsala,5f9fe38afd517828962fde29
6788,2020-02-07 20:00:00+00:00,0.0,,uppsala,5f9fe38afd517828962fde29
6789,2020-02-07 21:00:00+00:00,0.0,,uppsala,5f9fe38afd517828962fde29
6790,2020-02-07 22:00:00+00:00,0.0,,uppsala,5f9fe38afd517828962fde29
6791,2020-02-07 23:00:00+00:00,0.0,,uppsala,5f9fe38afd517828962fde29
6792,2020-02-08 00:00:00+00:00,0.0,,uppsala,5f9fe38afd517828962fde29
6793,2020-02-08 01:00:00+00:00,0.0,,uppsala,5f9fe38afd517828962fde29
6794,2020-02-08 02:00:00+00:00,0.0,,uppsala,5f9fe38afd517828962fde29
6795,2020-02-08 03:00:00+00:00,0.0,,uppsala,5f9fe38afd517828962fde29
6796,2020-02-08 04:00:00+00:00,0.0,,uppsala,5f9fe38afd517828962fde29
6797,2020-02-08 05:00:00+00:00,0.0,,uppsala,5f9fe38afd517828962fde29
6798,2020-02-08 06:00:00+00:00,0.0,,uppsala,5f9fe38afd517828962fde29
6799,2020-02-08 07:00:00+00:00,0.0,,uppsala,5f9fe38afd517828962fde29
6800,2020-02-08 08:00:00+00:00,0.0,,uppsala,5f9fe38afd517828962fde29
6801,2020-02-08 09:00:00+00:00,0.9,,uppsala,5f9fe38afd517828962fde29
6802,2020-02-08 10:00:00+00:00,8.0,,uppsala,5f9fe38afd517828962fde29
6803,2020-02-08 11:00:00+00:00,5.1,,uppsala,5f9fe38afd517828962fde29
6804,2020-02-08 12:00:00+00:00,4.6,,uppsala,5f9fe38afd517828962fde29
6805,2020-02-08 13:00:00+00:00,2.3,,uppsala,5f9fe38afd517828962fde29
6806,2020-02-08 14:00:00+00:00,0.0,,uppsala,5f9fe38afd517828962fde29
6807,2020-02-08 15:00:00+00:00,0.0,,uppsala,5f9fe38afd517828962fde29
6808,2020-02-08 16:00:00+00:00,0.0,,uppsala,5f9fe38afd517828962fde29
6809,2020-02-08 17:00:00+00:00,0.0,,uppsala,5f9fe38afd517828962fde29
6810,2020-02-08 18:00:00+00:00,0.0,,uppsala,5f9fe38afd517828962fde29
6811,2020-02-08 19:00:00+00:00,0.0,,uppsala,5f9fe38afd517828962fde29
6812,2020-02-08 20:00:00+00:00,0.0,,uppsala,5f9fe38afd517828962fde29
6813,2020-02-08 21:00:00+00:00,0.0,,uppsala,5f9fe38afd517828962fde29
6814,2020-02-08 22:00:00+00:00,0.0,,uppsala,5f9fe38afd517828962fde29
6815,2020-02-08 23:00:00+00:00,0.0,,uppsala,5f9fe38afd517828962fde29
6816,2020-02-09 00:00:00+00:00,0.0,,uppsala,5f9fe38afd517828962fde29
6817,2020-02-09 01:00:00+00:00,0.0,,uppsala,5f9fe38afd517828962fde29
6818,2020-02-09 02:00:00+00:00,0.0,,uppsala,5f9fe38afd517828962fde29
6819,2020-02-09 03:00:00+00:00,0.0,,uppsala,5f9fe38afd517828962fde29
6820,2020-02-09 04:00:00+00:00,0.0,,uppsala,5f9fe38afd517828962fde29
6821,2020-02-09 05:00:00+00:00,0.0,,uppsala,5f9fe38afd517828962fde29
6822,2020-02-09 06:00:00+00:00,0.0,,uppsala,5f9fe38afd517828962fde29
6823,2020-02-09 07:00:00+00:00,0.0,,uppsala,5f9fe38afd517828962fde29
6824,2020-02-09 08:00:00+00:00,0.0,,uppsala,5f9fe38afd517828962fde29
6825,2020-02-09 09:00:00+00:00,31.9,,uppsala,5f9fe38afd517828962fde29
6826,2020-02-09 10:00:00+00:00,9.9,,uppsala,5f9fe38afd517828962fde29
6827,2020-02-09 11:00:00+00:00,8.4,,uppsala,5f9fe38afd517828962fde29
6828,2020-02-09 12:00:00+00:00,170.6,,uppsala,5f9fe38afd517828962fde29
6829,2020-02-09 13:00:00+00:00,37.8,,uppsala,5f9fe38afd517828962fde29
6830,2020-02-09 14:00:00+00:00,62.6,,uppsala,5f9fe38afd517828962fde29
6831,2020-02-09 15:00:00+00:00,0.0,,uppsala,5f9fe38afd517828962fde29
6832,2020-02-09 16:00:00+00:00,0.0,,uppsala,5f9fe38afd517828962fde29
6833,2020-02-09 17:00:00+00:00,0.0,,uppsala,5f9fe38afd517828962fde29
6834,2020-02-09 18:00:00+00:00,0.0,,uppsala,5f9fe38afd517828962fde29
6835,2020-02-09 19:00:00+00:00,0.0,,uppsala,5f9fe38afd517828962fde29
6836,2020-02-09 20:00:00+00:00,0.0,,uppsala,5f9fe38afd517828962fde29
6837,2020-02-09 21:00:00+00:00,0.0,,uppsala,5f9fe38afd517828962fde29
6838,2020-02-09 22:00:00+00:00,0.0,,uppsala,5f9fe38afd517828962fde29
6839,2020-02-09 23:00:00+00:00,0.0,,uppsala,5f9fe38afd517828962fde29
6840,2020-02-10 00:00:00+00:00,0.0,,uppsala,5f9fe38afd517828962fde29
6841,2020-02-10 01:00:00+00:00,0.0,,uppsala,5f9fe38afd517828962fde29
6842,2020-02-10 02:00:00+00:00,0.0,,uppsala,5f9fe38afd517828962fde29
6843,2020-02-10 03:00:00+00:00,0.0,,uppsala,5f9fe38afd517828962fde29
6844,2020-02-10 04:00:00+00:00,0.0,,uppsala,5f9fe38afd517828962fde29
6845,2020-02-10 05:00:00+00:00,0.0,,uppsala,5f9fe38afd517828962fde29
6846,2020-02-10 06:00:00+00:00,0.0,,uppsala,5f9fe38afd517828962fde29
6847,2020-02-10 07:00:00+00:00,0.0,,uppsala,5f9fe38afd517828962fde29
6848,2020-02-10 08:00:00+00:00,3.2,,uppsala,5f9fe38afd517828962fde29
6849,2020-02-10 09:00:00+00:00,65.8,,uppsala,5f9fe38afd517828962fde29
6850,2020-02-10 10:00:00+00:00,6.4,,uppsala,5f9fe38afd517828962fde29
6851,2020-02-10 11:00:00+00:00,7.0,,uppsala,5f9fe38afd517828962fde29
6852,2020-02-10 12:00:00+00:00,7.3,,uppsala,5f9fe38afd517828962fde29
6853,2020-02-10 13:00:00+00:00,9.0,,uppsala,5f9fe38afd517828962fde29
6854,2020-02-10 14:00:00+00:00,0.0,,uppsala,5f9fe38afd517828962fde29
6855,2020-02-10 15:00:00+00:00,0.0,,uppsala,5f9fe38afd517828962fde29
6856,2020-02-10 16:00:00+00:00,0.0,,uppsala,5f9fe38afd517828962fde29
6857,2020-02-10 17:00:00+00:00,0.0,,uppsala,5f9fe38afd517828962fde29
6858,2020-02-10 18:00:00+00:00,0.0,,uppsala,5f9fe38afd517828962fde29
6859,2020-02-10 19:00:00+00:00,0.0,,uppsala,5f9fe38afd517828962fde29
6860,2020-02-10 20:00:00+00:00,0.0,,uppsala,5f9fe38afd517828962fde29
6861,2020-02-10 21:00:00+00:00,0.0,,uppsala,5f9fe38afd517828962fde29
6862,2020-02-10 22:00:00+00:00,0.0,,uppsala,5f9fe38afd517828962fde29
6863,2020-02-10 23:00:00+00:00,0.0,,uppsala,5f9fe38afd517828962fde29
6864,2020-02-11 00:00:00+00:00,0.0,,uppsala,5f9fe38afd517828962fde29
6865,2020-02-11 01:00:00+00:00,0.0,,uppsala,5f9fe38afd517828962fde29
6866,2020-02-11 02:00:00+00:00,0.0,,uppsala,5f9fe38afd517828962fde29
6867,2020-02-11 03:00:00+00:00,0.0,,uppsala,5f9fe38afd517828962fde29
6868,2020-02-11 04:00:00+00:00,0.0,,uppsala,5f9fe38afd517828962fde29
6869,2020-02-11 05:00:00+00:00,0.0,,uppsala,5f9fe38afd517828962fde29
6870,2020-02-11 06:00:00+00:00,0.0,,uppsala,5f9fe38afd517828962fde29
6871,2020-02-11 07:00:00+00:00,17.0,,uppsala,5f9fe38afd517828962fde29
6872,2020-02-11 08:00:00+00:00,0.0,,uppsala,5f9fe38afd517828962fde29
6873,2020-02-11 09:00:00+00:00,206.7,,uppsala,5f9fe38afd517828962fde29
6874,2020-02-11 10:00:00+00:00,307.6,,uppsala,5f9fe38afd517828962fde29
6875,2020-02-11 11:00:00+00:00,110.2,,uppsala,5f9fe38afd517828962fde29
6876,2020-02-11 12:00:00+00:00,210.3,,uppsala,5f9fe38afd517828962fde29
6877,2020-02-11 13:00:00+00:00,83.2,,uppsala,5f9fe38afd517828962fde29
6878,2020-02-11 14:00:00+00:00,0.0,,uppsala,5f9fe38afd517828962fde29
6879,2020-02-11 15:00:00+00:00,0.0,,uppsala,5f9fe38afd517828962fde29
6880,2020-02-11 16:00:00+00:00,0.0,,uppsala,5f9fe38afd517828962fde29
6881,2020-02-11 17:00:00+00:00,0.0,,uppsala,5f9fe38afd517828962fde29
6882,2020-02-11 18:00:00+00:00,0.0,,uppsala,5f9fe38afd517828962fde29
6883,2020-02-11 19:00:00+00:00,0.0,,uppsala,5f9fe38afd517828962fde29
6884,2020-02-11 20:00:00+00:00,0.0,,uppsala,5f9fe38afd517828962fde29
6885,2020-02-11 21:00:00+00:00,0.0,,uppsala,5f9fe38afd517828962fde29
6886,2020-02-11 22:00:00+00:00,0.0,,uppsala,5f9fe38afd517828962fde29
6887,2020-02-11 23:00:00+00:00,0.0,,uppsala,5f9fe38afd517828962fde29
6888,2020-02-12 00:00:00+00:00,0.0,,uppsala,5f9fe38afd517828962fde29
6889,2020-02-12 01:00:00+00:00,0.0,,uppsala,5f9fe38afd517828962fde29
6890,2020-02-12 02:00:00+00:00,0.0,,uppsala,5f9fe38afd517828962fde29
6891,2020-02-12 03:00:00+00:00,0.0,,uppsala,5f9fe38afd517828962fde29
6892,2020-02-12 04:00:00+00:00,0.0,,uppsala,5f9fe38afd517828962fde29
6893,2020-02-12 05:00:00+00:00,0.0,,uppsala,5f9fe38afd517828962fde29
6894,2020-02-12 06:00:00+00:00,0.0,,uppsala,5f9fe38afd517828962fde29
6895,2020-02-12 07:00:00+00:00,0.0,,uppsala,5f9fe38afd517828962fde29
6896,2020-02-12 08:00:00+00:00,0.1,,uppsala,5f9fe38afd517828962fde29
6897,2020-02-12 09:00:00+00:00,181.6,,uppsala,5f9fe38afd517828962fde29
6898,2020-02-12 10:00:00+00:00,154.5,,uppsala,5f9fe38afd517828962fde29
6899,2020-02-12 11:00:00+00:00,51.7,,uppsala,5f9fe38afd517828962fde29
6900,2020-02-12 12:00:00+00:00,247.3,,uppsala,5f9fe38afd517828962fde29
6901,2020-02-12 13:00:00+00:00,352.0,,uppsala,5f9fe38afd517828962fde29
6902,2020-02-12 14:00:00+00:00,8.7,,uppsala,5f9fe38afd517828962fde29
6903,2020-02-12 15:00:00+00:00,4.8,,uppsala,5f9fe38afd517828962fde29
6904,2020-02-12 16:00:00+00:00,0.0,,uppsala,5f9fe38afd517828962fde29
6905,2020-02-12 17:00:00+00:00,0.0,,uppsala,5f9fe38afd517828962fde29
6906,2020-02-12 18:00:00+00:00,0.0,,uppsala,5f9fe38afd517828962fde29
6907,2020-02-12 19:00:00+00:00,0.0,,uppsala,5f9fe38afd517828962fde29
6908,2020-02-12 20:00:00+00:00,0.0,,uppsala,5f9fe38afd517828962fde29
6909,2020-02-12 21:00:00+00:00,0.0,,uppsala,5f9fe38afd517828962fde29
6910,2020-02-12 22:00:00+00:00,0.0,,uppsala,5f9fe38afd517828962fde29
6911,2020-02-12 23:00:00+00:00,0.0,,uppsala,5f9fe38afd517828962fde29
6912,2020-02-13 00:00:00+00:00,0.0,,uppsala,5f9fe38afd517828962fde29
6913,2020-02-13 01:00:00+00:00,0.0,,uppsala,5f9fe38afd517828962fde29
6914,2020-02-13 02:00:00+00:00,0.0,,uppsala,5f9fe38afd517828962fde29
6915,2020-02-13 03:00:00+00:00,0.0,,uppsala,5f9fe38afd517828962fde29
6916,2020-02-13 04:00:00+00:00,0.0,,uppsala,5f9fe38afd517828962fde29
6917,2020-02-13 05:00:00+00:00,0.0,,uppsala,5f9fe38afd517828962fde29
6918,2020-02-13 06:00:00+00:00,0.0,,uppsala,5f9fe38afd517828962fde29
6919,2020-02-13 07:00:00+00:00,242.6,,uppsala,5f9fe38afd517828962fde29
6920,2020-02-13 08:00:00+00:00,587.1,,uppsala,5f9fe38afd517828962fde29
6921,2020-02-13 09:00:00+00:00,721.5,,uppsala,5f9fe38afd517828962fde29
6922,2020-02-13 10:00:00+00:00,801.5,,uppsala,5f9fe38afd517828962fde29
6923,2020-02-13 11:00:00+00:00,828.3,,uppsala,5f9fe38afd517828962fde29
6924,2020-02-13 12:00:00+00:00,814.8,,uppsala,5f9fe38afd517828962fde29
6925,2020-02-13 13:00:00+00:00,753.8,,uppsala,5f9fe38afd517828962fde29
6926,2020-02-13 14:00:00+00:00,624.5,,uppsala,5f9fe38afd517828962fde29
6927,2020-02-13 15:00:00+00:00,331.6,,uppsala,5f9fe38afd517828962fde29
6928,2020-02-13 16:00:00+00:00,0.0,,uppsala,5f9fe38afd517828962fde29
6929,2020-02-13 17:00:00+00:00,0.0,,uppsala,5f9fe38afd517828962fde29
6930,2020-02-13 18:00:00+00:00,0.0,,uppsala,5f9fe38afd517828962fde29
6931,2020-02-13 19:00:00+00:00,0.0,,uppsala,5f9fe38afd517828962fde29
6932,2020-02-13 20:00:00+00:00,0.0,,uppsala,5f9fe38afd517828962fde29
6933,2020-02-13 21:00:00+00:00,0.0,,uppsala,5f9fe38afd517828962fde29
6934,2020-02-13 22:00:00+00:00,0.0,,uppsala,5f9fe38afd517828962fde29
6935,2020-02-13 23:00:00+00:00,0.0,,uppsala,5f9fe38afd517828962fde29
6936,2020-02-14 00:00:00+00:00,0.0,,uppsala,5f9fe38afd517828962fde29
6937,2020-02-14 01:00:00+00:00,0.0,,uppsala,5f9fe38afd517828962fde29
6938,2020-02-14 02:00:00+00:00,0.0,,uppsala,5f9fe38afd517828962fde29
6939,2020-02-14 03:00:00+00:00,0.0,,uppsala,5f9fe38afd517828962fde29
6940,2020-02-14 04:00:00+00:00,0.0,,uppsala,5f9fe38afd517828962fde29
6941,2020-02-14 05:00:00+00:00,0.0,,uppsala,5f9fe38afd517828962fde29
6942,2020-02-14 06:00:00+00:00,0.0,,uppsala,5f9fe38afd517828962fde29
6943,2020-02-14 07:00:00+00:00,300.0,,uppsala,5f9fe38afd517828962fde29
6944,2020-02-14 08:00:00+00:00,26.5,,uppsala,5f9fe38afd517828962fde29
6945,2020-02-14 09:00:00+00:00,744.7,,uppsala,5f9fe38afd517828962fde29
6946,2020-02-14 10:00:00+00:00,800.7,,uppsala,5f9fe38afd517828962fde29
6947,2020-02-14 11:00:00+00:00,818.9,,uppsala,5f9fe38afd517828962fde29
6948,2020-02-14 12:00:00+00:00,802.0,,uppsala,5f9fe38afd517828962fde29
6949,2020-02-14 13:00:00+00:00,769.5,,uppsala,5f9fe38afd517828962fde29
6950,2020-02-14 14:00:00+00:00,658.6,,uppsala,5f9fe38afd517828962fde29
6951,2020-02-14 15:00:00+00:00,358.4,,uppsala,5f9fe38afd517828962fde29
6952,2020-02-14 16:00:00+00:00,0.0,,uppsala,5f9fe38afd517828962fde29
6953,2020-02-14 17:00:00+00:00,0.0,,uppsala,5f9fe38afd517828962fde29
6954,2020-02-14 18:00:00+00:00,0.0,,uppsala,5f9fe38afd517828962fde29
6955,2020-02-14 19:00:00+00:00,0.0,,uppsala,5f9fe38afd517828962fde29
6956,2020-02-14 20:00:00+00:00,0.0,,uppsala,5f9fe38afd517828962fde29
6957,2020-02-14 21:00:00+00:00,0.0,,uppsala,5f9fe38afd517828962fde29
6958,2020-02-14 22:00:00+00:00,0.0,,uppsala,5f9fe38afd517828962fde29
6959,2020-02-14 23:00:00+00:00,0.0,,uppsala,5f9fe38afd517828962fde29
6960,2020-02-15 00:00:00+00:00,0.0,,uppsala,5f9fe38afd517828962fde29
6961,2020-02-15 01:00:00+00:00,0.0,,uppsala,5f9fe38afd517828962fde29
6962,2020-02-15 02:00:00+00:00,0.0,,uppsala,5f9fe38afd517828962fde29
6963,2020-02-15 03:00:00+00:00,0.0,,uppsala,5f9fe38afd517828962fde29
6964,2020-02-15 04:00:00+00:00,0.0,,uppsala,5f9fe38afd517828962fde29
6965,2020-02-15 05:00:00+00:00,0.0,,uppsala,5f9fe38afd517828962fde29
6966,2020-02-15 06:00:00+00:00,0.0,,uppsala,5f9fe38afd517828962fde29
6967,2020-02-15 07:00:00+00:00,0.0,,uppsala,5f9fe38afd517828962fde29
6968,2020-02-15 08:00:00+00:00,0.0,,uppsala,5f9fe38afd517828962fde29
6969,2020-02-15 09:00:00+00:00,3.4,,uppsala,5f9fe38afd517828962fde29
6970,2020-02-15 10:00:00+00:00,6.2,,uppsala,5f9fe38afd517828962fde29
6971,2020-02-15 11:00:00+00:00,6.6,,uppsala,5f9fe38afd517828962fde29
6972,2020-02-15 12:00:00+00:00,11.1,,uppsala,5f9fe38afd517828962fde29
6973,2020-02-15 13:00:00+00:00,3.4,,uppsala,5f9fe38afd517828962fde29
6974,2020-02-15 14:00:00+00:00,14.0,,uppsala,5f9fe38afd517828962fde29
6975,2020-02-15 15:00:00+00:00,0.0,,uppsala,5f9fe38afd517828962fde29
6976,2020-02-15 16:00:00+00:00,0.0,,uppsala,5f9fe38afd517828962fde29
6977,2020-02-15 17:00:00+00:00,0.0,,uppsala,5f9fe38afd517828962fde29
6978,2020-02-15 18:00:00+00:00,0.0,,uppsala,5f9fe38afd517828962fde29
6979,2020-02-15 19:00:00+00:00,0.0,,uppsala,5f9fe38afd517828962fde29
6980,2020-02-15 20:00:00+00:00,0.0,,uppsala,5f9fe38afd517828962fde29
6981,2020-02-15 21:00:00+00:00,0.0,,uppsala,5f9fe38afd517828962fde29
6982,2020-02-15 22:00:00+00:00,0.0,,uppsala,5f9fe38afd517828962fde29
6983,2020-02-15 23:00:00+00:00,0.0,,uppsala,5f9fe38afd517828962fde29
6984,2020-02-16 00:00:00+00:00,0.0,,uppsala,5f9fe38afd517828962fde29
6985,2020-02-16 01:00:00+00:00,0.0,,uppsala,5f9fe38afd517828962fde29
6986,2020-02-16 02:00:00+00:00,0.0,,uppsala,5f9fe38afd517828962fde29
6987,2020-02-16 03:00:00+00:00,0.0,,uppsala,5f9fe38afd517828962fde29
6988,2020-02-16 04:00:00+00:00,0.0,,uppsala,5f9fe38afd517828962fde29
6989,2020-02-16 05:00:00+00:00,0.0,,uppsala,5f9fe38afd517828962fde29
6990,2020-02-16 06:00:00+00:00,0.0,,uppsala,5f9fe38afd517828962fde29
6991,2020-02-16 07:00:00+00:00,0.0,,uppsala,5f9fe38afd517828962fde29
6992,2020-02-16 08:00:00+00:00,0.0,,uppsala,5f9fe38afd517828962fde29
6993,2020-02-16 09:00:00+00:00,34.0,,uppsala,5f9fe38afd517828962fde29
6994,2020-02-16 10:00:00+00:00,5.6,,uppsala,5f9fe38afd517828962fde29
6995,2020-02-16 11:00:00+00:00,6.2,,uppsala,5f9fe38afd517828962fde29
6996,2020-02-16 12:00:00+00:00,5.3,,uppsala,5f9fe38afd517828962fde29
6997,2020-02-16 13:00:00+00:00,2.7,,uppsala,5f9fe38afd517828962fde29
6998,2020-02-16 14:00:00+00:00,0.0,,uppsala,5f9fe38afd517828962fde29
6999,2020-02-16 15:00:00+00:00,0.0,,uppsala,5f9fe38afd517828962fde29
7000,2020-02-16 16:00:00+00:00,0.0,,uppsala,5f9fe38afd517828962fde29
7001,2020-02-16 17:00:00+00:00,0.0,,uppsala,5f9fe38afd517828962fde29
7002,2020-02-16 18:00:00+00:00,0.0,,uppsala,5f9fe38afd517828962fde29
7003,2020-02-16 19:00:00+00:00,0.0,,uppsala,5f9fe38afd517828962fde29
7004,2020-02-16 20:00:00+00:00,0.0,,uppsala,5f9fe38afd517828962fde29
7005,2020-02-16 21:00:00+00:00,0.0,,uppsala,5f9fe38afd517828962fde29
7006,2020-02-16 22:00:00+00:00,0.0,,uppsala,5f9fe38afd517828962fde29
7007,2020-02-16 23:00:00+00:00,0.0,,uppsala,5f9fe38afd517828962fde29
7008,2020-02-17 00:00:00+00:00,0.0,,uppsala,5f9fe38afd517828962fde29
7009,2020-02-17 01:00:00+00:00,0.0,,uppsala,5f9fe38afd517828962fde29
7010,2020-02-17 02:00:00+00:00,0.0,,uppsala,5f9fe38afd517828962fde29
7011,2020-02-17 03:00:00+00:00,0.0,,uppsala,5f9fe38afd517828962fde29
7012,2020-02-17 04:00:00+00:00,0.0,,uppsala,5f9fe38afd517828962fde29
7013,2020-02-17 05:00:00+00:00,0.0,,uppsala,5f9fe38afd517828962fde29
7014,2020-02-17 06:00:00+00:00,0.0,,uppsala,5f9fe38afd517828962fde29
7015,2020-02-17 07:00:00+00:00,49.1,,uppsala,5f9fe38afd517828962fde29
7016,2020-02-17 08:00:00+00:00,15.3,,uppsala,5f9fe38afd517828962fde29
7017,2020-02-17 09:00:00+00:00,284.8,,uppsala,5f9fe38afd517828962fde29
7018,2020-02-17 10:00:00+00:00,59.5,,uppsala,5f9fe38afd517828962fde29
7019,2020-02-17 11:00:00+00:00,284.1,,uppsala,5f9fe38afd517828962fde29
7020,2020-02-17 12:00:00+00:00,24.8,,uppsala,5f9fe38afd517828962fde29
7021,2020-02-17 13:00:00+00:00,71.8,,uppsala,5f9fe38afd517828962fde29
7022,2020-02-17 14:00:00+00:00,5.5,,uppsala,5f9fe38afd517828962fde29
7023,2020-02-17 15:00:00+00:00,0.0,,uppsala,5f9fe38afd517828962fde29
7024,2020-02-17 16:00:00+00:00,0.0,,uppsala,5f9fe38afd517828962fde29
7025,2020-02-17 17:00:00+00:00,0.0,,uppsala,5f9fe38afd517828962fde29
7026,2020-02-17 18:00:00+00:00,0.0,,uppsala,5f9fe38afd517828962fde29
7027,2020-02-17 19:00:00+00:00,0.0,,uppsala,5f9fe38afd517828962fde29
7028,2020-02-17 20:00:00+00:00,0.0,,uppsala,5f9fe38afd517828962fde29
7029,2020-02-17 21:00:00+00:00,0.0,,uppsala,5f9fe38afd517828962fde29
7030,2020-02-17 22:00:00+00:00,0.0,,uppsala,5f9fe38afd517828962fde29
7031,2020-02-17 23:00:00+00:00,0.0,,uppsala,5f9fe38afd517828962fde29
7032,2020-02-18 00:00:00+00:00,0.0,,uppsala,5f9fe38afd517828962fde29
7033,2020-02-18 01:00:00+00:00,0.0,,uppsala,5f9fe38afd517828962fde29
7034,2020-02-18 02:00:00+00:00,0.0,,uppsala,5f9fe38afd517828962fde29
7035,2020-02-18 03:00:00+00:00,0.0,,uppsala,5f9fe38afd517828962fde29
7036,2020-02-18 04:00:00+00:00,0.0,,uppsala,5f9fe38afd517828962fde29
7037,2020-02-18 05:00:00+00:00,0.0,,uppsala,5f9fe38afd517828962fde29
7038,2020-02-18 06:00:00+00:00,0.0,,uppsala,5f9fe38afd517828962fde29
7039,2020-02-18 07:00:00+00:00,30.2,,uppsala,5f9fe38afd517828962fde29
7040,2020-02-18 08:00:00+00:00,22.1,,uppsala,5f9fe38afd517828962fde29
7041,2020-02-18 09:00:00+00:00,6.7,,uppsala,5f9fe38afd517828962fde29
7042,2020-02-18 10:00:00+00:00,12.6,,uppsala,5f9fe38afd517828962fde29
7043,2020-02-18 11:00:00+00:00,33.2,,uppsala,5f9fe38afd517828962fde29
7044,2020-02-18 12:00:00+00:00,8.2,,uppsala,5f9fe38afd517828962fde29
7045,2020-02-18 13:00:00+00:00,291.6,,uppsala,5f9fe38afd517828962fde29
7046,2020-02-18 14:00:00+00:00,14.4,,uppsala,5f9fe38afd517828962fde29
7047,2020-02-18 15:00:00+00:00,0.0,,uppsala,5f9fe38afd517828962fde29
7048,2020-02-18 16:00:00+00:00,0.0,,uppsala,5f9fe38afd517828962fde29
7049,2020-02-18 17:00:00+00:00,0.0,,uppsala,5f9fe38afd517828962fde29
7050,2020-02-18 18:00:00+00:00,0.0,,uppsala,5f9fe38afd517828962fde29
7051,2020-02-18 19:00:00+00:00,0.0,,uppsala,5f9fe38afd517828962fde29
7052,2020-02-18 20:00:00+00:00,0.0,,uppsala,5f9fe38afd517828962fde29
7053,2020-02-18 21:00:00+00:00,0.0,,uppsala,5f9fe38afd517828962fde29
7054,2020-02-18 22:00:00+00:00,0.0,,uppsala,5f9fe38afd517828962fde29
7055,2020-02-18 23:00:00+00:00,0.0,,uppsala,5f9fe38afd517828962fde29
7056,2020-02-19 00:00:00+00:00,0.0,,uppsala,5f9fe38afd517828962fde29
7057,2020-02-19 01:00:00+00:00,0.0,,uppsala,5f9fe38afd517828962fde29
7058,2020-02-19 02:00:00+00:00,0.0,,uppsala,5f9fe38afd517828962fde29
7059,2020-02-19 03:00:00+00:00,0.0,,uppsala,5f9fe38afd517828962fde29
7060,2020-02-19 04:00:00+00:00,0.0,,uppsala,5f9fe38afd517828962fde29
7061,2020-02-19 05:00:00+00:00,0.0,,uppsala,5f9fe38afd517828962fde29
7062,2020-02-19 06:00:00+00:00,0.0,,uppsala,5f9fe38afd517828962fde29
7063,2020-02-19 07:00:00+00:00,365.5,,uppsala,5f9fe38afd517828962fde29
7064,2020-02-19 08:00:00+00:00,629.7,,uppsala,5f9fe38afd517828962fde29
7065,2020-02-19 09:00:00+00:00,748.4,,uppsala,5f9fe38afd517828962fde29
7066,2020-02-19 10:00:00+00:00,799.5,,uppsala,5f9fe38afd517828962fde29
7067,2020-02-19 11:00:00+00:00,813.7,,uppsala,5f9fe38afd517828962fde29
7068,2020-02-19 12:00:00+00:00,799.3,,uppsala,5f9fe38afd517828962fde29
7069,2020-02-19 13:00:00+00:00,747.7,,uppsala,5f9fe38afd517828962fde29
7070,2020-02-19 14:00:00+00:00,660.7,,uppsala,5f9fe38afd517828962fde29
7071,2020-02-19 15:00:00+00:00,423.3,,uppsala,5f9fe38afd517828962fde29
7072,2020-02-19 16:00:00+00:00,0.0,,uppsala,5f9fe38afd517828962fde29
7073,2020-02-19 17:00:00+00:00,0.0,,uppsala,5f9fe38afd517828962fde29
7074,2020-02-19 18:00:00+00:00,0.0,,uppsala,5f9fe38afd517828962fde29
7075,2020-02-19 19:00:00+00:00,0.0,,uppsala,5f9fe38afd517828962fde29
7076,2020-02-19 20:00:00+00:00,0.0,,uppsala,5f9fe38afd517828962fde29
7077,2020-02-19 21:00:00+00:00,0.0,,uppsala,5f9fe38afd517828962fde29
7078,2020-02-19 22:00:00+00:00,0.0,,uppsala,5f9fe38afd517828962fde29
7079,2020-02-19 23:00:00+00:00,0.0,,uppsala,5f9fe38afd517828962fde29
7080,2020-02-20 00:00:00+00:00,0.0,,uppsala,5f9fe38afd517828962fde29
7081,2020-02-20 01:00:00+00:00,0.0,,uppsala,5f9fe38afd517828962fde29
7082,2020-02-20 02:00:00+00:00,0.0,,uppsala,5f9fe38afd517828962fde29
7083,2020-02-20 03:00:00+00:00,0.0,,uppsala,5f9fe38afd517828962fde29
7084,2020-02-20 04:00:00+00:00,0.0,,uppsala,5f9fe38afd517828962fde29
7085,2020-02-20 05:00:00+00:00,0.0,,uppsala,5f9fe38afd517828962fde29
7086,2020-02-20 06:00:00+00:00,0.0,,uppsala,5f9fe38afd517828962fde29
7087,2020-02-20 07:00:00+00:00,421.5,,uppsala,5f9fe38afd517828962fde29
7088,2020-02-20 08:00:00+00:00,650.7,,uppsala,5f9fe38afd517828962fde29
7089,2020-02-20 09:00:00+00:00,11.3,,uppsala,5f9fe38afd517828962fde29
7090,2020-02-20 10:00:00+00:00,11.5,,uppsala,5f9fe38afd517828962fde29
7091,2020-02-20 11:00:00+00:00,11.5,,uppsala,5f9fe38afd517828962fde29
7092,2020-02-20 12:00:00+00:00,37.1,,uppsala,5f9fe38afd517828962fde29
7093,2020-02-20 13:00:00+00:00,74.2,,uppsala,5f9fe38afd517828962fde29
7094,2020-02-20 14:00:00+00:00,203.3,,uppsala,5f9fe38afd517828962fde29
7095,2020-02-20 15:00:00+00:00,0.0,,uppsala,5f9fe38afd517828962fde29
7096,2020-02-20 16:00:00+00:00,0.0,,uppsala,5f9fe38afd517828962fde29
7097,2020-02-20 17:00:00+00:00,0.0,,uppsala,5f9fe38afd517828962fde29
7098,2020-02-20 18:00:00+00:00,0.0,,uppsala,5f9fe38afd517828962fde29
7099,2020-02-20 19:00:00+00:00,0.0,,uppsala,5f9fe38afd517828962fde29
7100,2020-02-20 20:00:00+00:00,0.0,,uppsala,5f9fe38afd517828962fde29
7101,2020-02-20 21:00:00+00:00,0.0,,uppsala,5f9fe38afd517828962fde29
7102,2020-02-20 22:00:00+00:00,0.0,,uppsala,5f9fe38afd517828962fde29
7103,2020-02-20 23:00:00+00:00,0.0,,uppsala,5f9fe38afd517828962fde29
7104,2020-02-21 00:00:00+00:00,0.0,,uppsala,5f9fe38afd517828962fde29
7105,2020-02-21 01:00:00+00:00,0.0,,uppsala,5f9fe38afd517828962fde29
7106,2020-02-21 02:00:00+00:00,0.0,,uppsala,5f9fe38afd517828962fde29
7107,2020-02-21 03:00:00+00:00,0.0,,uppsala,5f9fe38afd517828962fde29
7108,2020-02-21 04:00:00+00:00,0.0,,uppsala,5f9fe38afd517828962fde29
7109,2020-02-21 05:00:00+00:00,0.0,,uppsala,5f9fe38afd517828962fde29
7110,2020-02-21 06:00:00+00:00,0.0,,uppsala,5f9fe38afd517828962fde29
7111,2020-02-21 07:00:00+00:00,0.0,,uppsala,5f9fe38afd517828962fde29
7112,2020-02-21 08:00:00+00:00,708.1,,uppsala,5f9fe38afd517828962fde29
7113,2020-02-21 09:00:00+00:00,792.3,,uppsala,5f9fe38afd517828962fde29
7114,2020-02-21 10:00:00+00:00,845.7,,uppsala,5f9fe38afd517828962fde29
7115,2020-02-21 11:00:00+00:00,854.2,,uppsala,5f9fe38afd517828962fde29
7116,2020-02-21 12:00:00+00:00,807.4,,uppsala,5f9fe38afd517828962fde29
7117,2020-02-21 13:00:00+00:00,738.6,,uppsala,5f9fe38afd517828962fde29
7118,2020-02-21 14:00:00+00:00,637.3,,uppsala,5f9fe38afd517828962fde29
7119,2020-02-21 15:00:00+00:00,424.3,,uppsala,5f9fe38afd517828962fde29
7120,2020-02-21 16:00:00+00:00,0.0,,uppsala,5f9fe38afd517828962fde29
7121,2020-02-21 17:00:00+00:00,0.0,,uppsala,5f9fe38afd517828962fde29
7122,2020-02-21 18:00:00+00:00,0.0,,uppsala,5f9fe38afd517828962fde29
7123,2020-02-21 19:00:00+00:00,0.0,,uppsala,5f9fe38afd517828962fde29
7124,2020-02-21 20:00:00+00:00,0.0,,uppsala,5f9fe38afd517828962fde29
7125,2020-02-21 21:00:00+00:00,0.0,,uppsala,5f9fe38afd517828962fde29
7126,2020-02-21 22:00:00+00:00,0.0,,uppsala,5f9fe38afd517828962fde29
7127,2020-02-21 23:00:00+00:00,0.0,,uppsala,5f9fe38afd517828962fde29
7128,2020-02-22 00:00:00+00:00,0.0,,uppsala,5f9fe38afd517828962fde29
7129,2020-02-22 01:00:00+00:00,0.0,,uppsala,5f9fe38afd517828962fde29
7130,2020-02-22 02:00:00+00:00,0.0,,uppsala,5f9fe38afd517828962fde29
7131,2020-02-22 03:00:00+00:00,0.0,,uppsala,5f9fe38afd517828962fde29
7132,2020-02-22 04:00:00+00:00,0.0,,uppsala,5f9fe38afd517828962fde29
7133,2020-02-22 05:00:00+00:00,0.0,,uppsala,5f9fe38afd517828962fde29
7134,2020-02-22 06:00:00+00:00,0.0,,uppsala,5f9fe38afd517828962fde29
7135,2020-02-22 07:00:00+00:00,0.0,,uppsala,5f9fe38afd517828962fde29
7136,2020-02-22 08:00:00+00:00,0.6000000000000001,,uppsala,5f9fe38afd517828962fde29
7137,2020-02-22 09:00:00+00:00,4.1,,uppsala,5f9fe38afd517828962fde29
7138,2020-02-22 10:00:00+00:00,6.2,,uppsala,5f9fe38afd517828962fde29
7139,2020-02-22 11:00:00+00:00,12.4,,uppsala,5f9fe38afd517828962fde29
7140,2020-02-22 12:00:00+00:00,6.7,,uppsala,5f9fe38afd517828962fde29
7141,2020-02-22 13:00:00+00:00,9.9,,uppsala,5f9fe38afd517828962fde29
7142,2020-02-22 14:00:00+00:00,73.8,,uppsala,5f9fe38afd517828962fde29
7143,2020-02-22 15:00:00+00:00,0.0,,uppsala,5f9fe38afd517828962fde29
7144,2020-02-22 16:00:00+00:00,0.0,,uppsala,5f9fe38afd517828962fde29
7145,2020-02-22 17:00:00+00:00,0.0,,uppsala,5f9fe38afd517828962fde29
7146,2020-02-22 18:00:00+00:00,0.0,,uppsala,5f9fe38afd517828962fde29
7147,2020-02-22 19:00:00+00:00,0.0,,uppsala,5f9fe38afd517828962fde29
7148,2020-02-22 20:00:00+00:00,0.0,,uppsala,5f9fe38afd517828962fde29
7149,2020-02-22 21:00:00+00:00,0.0,,uppsala,5f9fe38afd517828962fde29
7150,2020-02-22 22:00:00+00:00,0.0,,uppsala,5f9fe38afd517828962fde29
7151,2020-02-22 23:00:00+00:00,0.0,,uppsala,5f9fe38afd517828962fde29
7152,2020-02-23 00:00:00+00:00,0.0,,uppsala,5f9fe38afd517828962fde29
7153,2020-02-23 01:00:00+00:00,0.0,,uppsala,5f9fe38afd517828962fde29
7154,2020-02-23 02:00:00+00:00,0.0,,uppsala,5f9fe38afd517828962fde29
7155,2020-02-23 03:00:00+00:00,0.0,,uppsala,5f9fe38afd517828962fde29
7156,2020-02-23 04:00:00+00:00,0.0,,uppsala,5f9fe38afd517828962fde29
7157,2020-02-23 05:00:00+00:00,0.0,,uppsala,5f9fe38afd517828962fde29
7158,2020-02-23 06:00:00+00:00,0.0,,uppsala,5f9fe38afd517828962fde29
7159,2020-02-23 07:00:00+00:00,367.2,,uppsala,5f9fe38afd517828962fde29
7160,2020-02-23 08:00:00+00:00,4.1,,uppsala,5f9fe38afd517828962fde29
7161,2020-02-23 09:00:00+00:00,605.1,,uppsala,5f9fe38afd517828962fde29
7162,2020-02-23 10:00:00+00:00,826.1,,uppsala,5f9fe38afd517828962fde29
7163,2020-02-23 11:00:00+00:00,845.3,,uppsala,5f9fe38afd517828962fde29
7164,2020-02-23 12:00:00+00:00,837.6,,uppsala,5f9fe38afd517828962fde29
7165,2020-02-23 13:00:00+00:00,228.9,,uppsala,5f9fe38afd517828962fde29
7166,2020-02-23 14:00:00+00:00,706.3,,uppsala,5f9fe38afd517828962fde29
7167,2020-02-23 15:00:00+00:00,549.5,,uppsala,5f9fe38afd517828962fde29
7168,2020-02-23 16:00:00+00:00,0.0,,uppsala,5f9fe38afd517828962fde29
7169,2020-02-23 17:00:00+00:00,0.0,,uppsala,5f9fe38afd517828962fde29
7170,2020-02-23 18:00:00+00:00,0.0,,uppsala,5f9fe38afd517828962fde29
7171,2020-02-23 19:00:00+00:00,0.0,,uppsala,5f9fe38afd517828962fde29
7172,2020-02-23 20:00:00+00:00,0.0,,uppsala,5f9fe38afd517828962fde29
7173,2020-02-23 21:00:00+00:00,0.0,,uppsala,5f9fe38afd517828962fde29
7174,2020-02-23 22:00:00+00:00,0.0,,uppsala,5f9fe38afd517828962fde29
7175,2020-02-23 23:00:00+00:00,0.0,,uppsala,5f9fe38afd517828962fde29
7176,2020-02-24 00:00:00+00:00,0.0,,uppsala,5f9fe38afd517828962fde29
7177,2020-02-24 01:00:00+00:00,0.0,,uppsala,5f9fe38afd517828962fde29
7178,2020-02-24 02:00:00+00:00,0.0,,uppsala,5f9fe38afd517828962fde29
7179,2020-02-24 03:00:00+00:00,0.0,,uppsala,5f9fe38afd517828962fde29
7180,2020-02-24 04:00:00+00:00,0.0,,uppsala,5f9fe38afd517828962fde29
7181,2020-02-24 05:00:00+00:00,0.0,,uppsala,5f9fe38afd517828962fde29
7182,2020-02-24 06:00:00+00:00,0.0,,uppsala,5f9fe38afd517828962fde29
7183,2020-02-24 07:00:00+00:00,475.1,,uppsala,5f9fe38afd517828962fde29
7184,2020-02-24 08:00:00+00:00,636.9,,uppsala,5f9fe38afd517828962fde29
7185,2020-02-24 09:00:00+00:00,790.7,,uppsala,5f9fe38afd517828962fde29
7186,2020-02-24 10:00:00+00:00,839.6,,uppsala,5f9fe38afd517828962fde29
7187,2020-02-24 11:00:00+00:00,856.0,,uppsala,5f9fe38afd517828962fde29
7188,2020-02-24 12:00:00+00:00,843.1,,uppsala,5f9fe38afd517828962fde29
7189,2020-02-24 13:00:00+00:00,799.0,,uppsala,5f9fe38afd517828962fde29
7190,2020-02-24 14:00:00+00:00,703.3,,uppsala,5f9fe38afd517828962fde29
7191,2020-02-24 15:00:00+00:00,482.6,,uppsala,5f9fe38afd517828962fde29
7192,2020-02-24 16:00:00+00:00,0.0,,uppsala,5f9fe38afd517828962fde29
7193,2020-02-24 17:00:00+00:00,0.0,,uppsala,5f9fe38afd517828962fde29
7194,2020-02-24 18:00:00+00:00,0.0,,uppsala,5f9fe38afd517828962fde29
7195,2020-02-24 19:00:00+00:00,0.0,,uppsala,5f9fe38afd517828962fde29
7196,2020-02-24 20:00:00+00:00,0.0,,uppsala,5f9fe38afd517828962fde29
7197,2020-02-24 21:00:00+00:00,0.0,,uppsala,5f9fe38afd517828962fde29
7198,2020-02-24 22:00:00+00:00,0.0,,uppsala,5f9fe38afd517828962fde29
7199,2020-02-24 23:00:00+00:00,0.0,,uppsala,5f9fe38afd517828962fde29
7200,2020-02-25 00:00:00+00:00,0.0,,uppsala,5f9fe38afd517828962fde29
7201,2020-02-25 01:00:00+00:00,0.0,,uppsala,5f9fe38afd517828962fde29
7202,2020-02-25 02:00:00+00:00,0.0,,uppsala,5f9fe38afd517828962fde29
7203,2020-02-25 03:00:00+00:00,0.0,,uppsala,5f9fe38afd517828962fde29
7204,2020-02-25 04:00:00+00:00,0.0,,uppsala,5f9fe38afd517828962fde29
7205,2020-02-25 05:00:00+00:00,0.0,,uppsala,5f9fe38afd517828962fde29
7206,2020-02-25 06:00:00+00:00,0.0,,uppsala,5f9fe38afd517828962fde29
7207,2020-02-25 07:00:00+00:00,0.0,,uppsala,5f9fe38afd517828962fde29
7208,2020-02-25 08:00:00+00:00,139.6,,uppsala,5f9fe38afd517828962fde29
7209,2020-02-25 09:00:00+00:00,695.7,,uppsala,5f9fe38afd517828962fde29
7210,2020-02-25 10:00:00+00:00,438.7,,uppsala,5f9fe38afd517828962fde29
7211,2020-02-25 11:00:00+00:00,24.6,,uppsala,5f9fe38afd517828962fde29
7212,2020-02-25 12:00:00+00:00,11.5,,uppsala,5f9fe38afd517828962fde29
7213,2020-02-25 13:00:00+00:00,6.7,,uppsala,5f9fe38afd517828962fde29
7214,2020-02-25 14:00:00+00:00,371.0,,uppsala,5f9fe38afd517828962fde29
7215,2020-02-25 15:00:00+00:00,0.0,,uppsala,5f9fe38afd517828962fde29
7216,2020-02-25 16:00:00+00:00,0.0,,uppsala,5f9fe38afd517828962fde29
7217,2020-02-25 17:00:00+00:00,0.0,,uppsala,5f9fe38afd517828962fde29
7218,2020-02-25 18:00:00+00:00,0.0,,uppsala,5f9fe38afd517828962fde29
7219,2020-02-25 19:00:00+00:00,0.0,,uppsala,5f9fe38afd517828962fde29
7220,2020-02-25 20:00:00+00:00,0.0,,uppsala,5f9fe38afd517828962fde29
7221,2020-02-25 21:00:00+00:00,0.0,,uppsala,5f9fe38afd517828962fde29
7222,2020-02-25 22:00:00+00:00,0.0,,uppsala,5f9fe38afd517828962fde29
7223,2020-02-25 23:00:00+00:00,0.0,,uppsala,5f9fe38afd517828962fde29
7224,2020-02-26 00:00:00+00:00,0.0,,uppsala,5f9fe38afd517828962fde29
7225,2020-02-26 01:00:00+00:00,0.0,,uppsala,5f9fe38afd517828962fde29
7226,2020-02-26 02:00:00+00:00,0.0,,uppsala,5f9fe38afd517828962fde29
7227,2020-02-26 03:00:00+00:00,0.0,,uppsala,5f9fe38afd517828962fde29
7228,2020-02-26 04:00:00+00:00,0.0,,uppsala,5f9fe38afd517828962fde29
7229,2020-02-26 05:00:00+00:00,0.0,,uppsala,5f9fe38afd517828962fde29
7230,2020-02-26 06:00:00+00:00,0.0,,uppsala,5f9fe38afd517828962fde29
7231,2020-02-26 07:00:00+00:00,484.6,,uppsala,5f9fe38afd517828962fde29
7232,2020-02-26 08:00:00+00:00,684.2,,uppsala,5f9fe38afd517828962fde29
7233,2020-02-26 09:00:00+00:00,765.9,,uppsala,5f9fe38afd517828962fde29
7234,2020-02-26 10:00:00+00:00,813.1,,uppsala,5f9fe38afd517828962fde29
7235,2020-02-26 11:00:00+00:00,793.4,,uppsala,5f9fe38afd517828962fde29
7236,2020-02-26 12:00:00+00:00,11.1,,uppsala,5f9fe38afd517828962fde29
7237,2020-02-26 13:00:00+00:00,241.5,,uppsala,5f9fe38afd517828962fde29
7238,2020-02-26 14:00:00+00:00,691.1,,uppsala,5f9fe38afd517828962fde29
7239,2020-02-26 15:00:00+00:00,458.7,,uppsala,5f9fe38afd517828962fde29
7240,2020-02-26 16:00:00+00:00,0.0,,uppsala,5f9fe38afd517828962fde29
7241,2020-02-26 17:00:00+00:00,0.0,,uppsala,5f9fe38afd517828962fde29
7242,2020-02-26 18:00:00+00:00,0.0,,uppsala,5f9fe38afd517828962fde29
7243,2020-02-26 19:00:00+00:00,0.0,,uppsala,5f9fe38afd517828962fde29
7244,2020-02-26 20:00:00+00:00,0.0,,uppsala,5f9fe38afd517828962fde29
7245,2020-02-26 21:00:00+00:00,0.0,,uppsala,5f9fe38afd517828962fde29
7246,2020-02-26 22:00:00+00:00,0.0,,uppsala,5f9fe38afd517828962fde29
7247,2020-02-26 23:00:00+00:00,0.0,,uppsala,5f9fe38afd517828962fde29
7248,2020-02-27 00:00:00+00:00,0.0,,uppsala,5f9fe38afd517828962fde29
7249,2020-02-27 01:00:00+00:00,0.0,,uppsala,5f9fe38afd517828962fde29
7250,2020-02-27 02:00:00+00:00,0.0,,uppsala,5f9fe38afd517828962fde29
7251,2020-02-27 03:00:00+00:00,0.0,,uppsala,5f9fe38afd517828962fde29
7252,2020-02-27 04:00:00+00:00,0.0,,uppsala,5f9fe38afd517828962fde29
7253,2020-02-27 05:00:00+00:00,0.0,,uppsala,5f9fe38afd517828962fde29
7254,2020-02-27 06:00:00+00:00,0.0,,uppsala,5f9fe38afd517828962fde29
7255,2020-02-27 07:00:00+00:00,0.0,,uppsala,5f9fe38afd517828962fde29
7256,2020-02-27 08:00:00+00:00,4.4,,uppsala,5f9fe38afd517828962fde29
7257,2020-02-27 09:00:00+00:00,8.3,,uppsala,5f9fe38afd517828962fde29
7258,2020-02-27 10:00:00+00:00,10.0,,uppsala,5f9fe38afd517828962fde29
7259,2020-02-27 11:00:00+00:00,10.1,,uppsala,5f9fe38afd517828962fde29
7260,2020-02-27 12:00:00+00:00,10.2,,uppsala,5f9fe38afd517828962fde29
7261,2020-02-27 13:00:00+00:00,8.9,,uppsala,5f9fe38afd517828962fde29
7262,2020-02-27 14:00:00+00:00,6.8,,uppsala,5f9fe38afd517828962fde29
7263,2020-02-27 15:00:00+00:00,0.0,,uppsala,5f9fe38afd517828962fde29
7264,2020-02-27 16:00:00+00:00,0.0,,uppsala,5f9fe38afd517828962fde29
7265,2020-02-27 17:00:00+00:00,0.0,,uppsala,5f9fe38afd517828962fde29
7266,2020-02-27 18:00:00+00:00,0.0,,uppsala,5f9fe38afd517828962fde29
7267,2020-02-27 19:00:00+00:00,0.0,,uppsala,5f9fe38afd517828962fde29
7268,2020-02-27 20:00:00+00:00,0.0,,uppsala,5f9fe38afd517828962fde29
7269,2020-02-27 21:00:00+00:00,0.0,,uppsala,5f9fe38afd517828962fde29
7270,2020-02-27 22:00:00+00:00,0.0,,uppsala,5f9fe38afd517828962fde29
7271,2020-02-27 23:00:00+00:00,0.0,,uppsala,5f9fe38afd517828962fde29
7272,2020-02-28 00:00:00+00:00,0.0,,uppsala,5f9fe38afd517828962fde29
7273,2020-02-28 01:00:00+00:00,0.0,,uppsala,5f9fe38afd517828962fde29
7274,2020-02-28 02:00:00+00:00,0.0,,uppsala,5f9fe38afd517828962fde29
7275,2020-02-28 03:00:00+00:00,0.0,,uppsala,5f9fe38afd517828962fde29
7276,2020-02-28 04:00:00+00:00,0.0,,uppsala,5f9fe38afd517828962fde29
7277,2020-02-28 05:00:00+00:00,0.0,,uppsala,5f9fe38afd517828962fde29
7278,2020-02-28 06:00:00+00:00,0.0,,uppsala,5f9fe38afd517828962fde29
7279,2020-02-28 07:00:00+00:00,508.7,,uppsala,5f9fe38afd517828962fde29
7280,2020-02-28 08:00:00+00:00,711.4,,uppsala,5f9fe38afd517828962fde29
7281,2020-02-28 09:00:00+00:00,801.4,,uppsala,5f9fe38afd517828962fde29
7282,2020-02-28 10:00:00+00:00,847.7,,uppsala,5f9fe38afd517828962fde29
7283,2020-02-28 11:00:00+00:00,853.8,,uppsala,5f9fe38afd517828962fde29
7284,2020-02-28 12:00:00+00:00,856.9,,uppsala,5f9fe38afd517828962fde29
7285,2020-02-28 13:00:00+00:00,807.0,,uppsala,5f9fe38afd517828962fde29
7286,2020-02-28 14:00:00+00:00,719.5,,uppsala,5f9fe38afd517828962fde29
7287,2020-02-28 15:00:00+00:00,520.7,,uppsala,5f9fe38afd517828962fde29
7288,2020-02-28 16:00:00+00:00,108.6,,uppsala,5f9fe38afd517828962fde29
7289,2020-02-28 17:00:00+00:00,0.0,,uppsala,5f9fe38afd517828962fde29
7290,2020-02-28 18:00:00+00:00,0.0,,uppsala,5f9fe38afd517828962fde29
7291,2020-02-28 19:00:00+00:00,0.0,,uppsala,5f9fe38afd517828962fde29
7292,2020-02-28 20:00:00+00:00,0.0,,uppsala,5f9fe38afd517828962fde29
7293,2020-02-28 21:00:00+00:00,0.0,,uppsala,5f9fe38afd517828962fde29
7294,2020-02-28 22:00:00+00:00,0.0,,uppsala,5f9fe38afd517828962fde29
7295,2020-02-28 23:00:00+00:00,0.0,,uppsala,5f9fe38afd517828962fde29
7296,2020-02-29 00:00:00+00:00,0.0,,uppsala,5f9fe38afd517828962fde29
7297,2020-02-29 01:00:00+00:00,0.0,,uppsala,5f9fe38afd517828962fde29
7298,2020-02-29 02:00:00+00:00,0.0,,uppsala,5f9fe38afd517828962fde29
7299,2020-02-29 03:00:00+00:00,0.0,,uppsala,5f9fe38afd517828962fde29
7300,2020-02-29 04:00:00+00:00,0.0,,uppsala,5f9fe38afd517828962fde29
7301,2020-02-29 05:00:00+00:00,0.0,,uppsala,5f9fe38afd517828962fde29
7302,2020-02-29 06:00:00+00:00,0.0,,uppsala,5f9fe38afd517828962fde29
7303,2020-02-29 07:00:00+00:00,28.2,,uppsala,5f9fe38afd517828962fde29
7304,2020-02-29 08:00:00+00:00,3.6,,uppsala,5f9fe38afd517828962fde29
7305,2020-02-29 09:00:00+00:00,7.0,,uppsala,5f9fe38afd517828962fde29
7306,2020-02-29 10:00:00+00:00,8.2,,uppsala,5f9fe38afd517828962fde29
7307,2020-02-29 11:00:00+00:00,12.1,,uppsala,5f9fe38afd517828962fde29
7308,2020-02-29 12:00:00+00:00,10.6,,uppsala,5f9fe38afd517828962fde29
7309,2020-02-29 13:00:00+00:00,7.2,,uppsala,5f9fe38afd517828962fde29
7310,2020-02-29 14:00:00+00:00,4.1,,uppsala,5f9fe38afd517828962fde29
7311,2020-02-29 15:00:00+00:00,0.0,,uppsala,5f9fe38afd517828962fde29
7312,2020-02-29 16:00:00+00:00,0.0,,uppsala,5f9fe38afd517828962fde29
7313,2020-02-29 17:00:00+00:00,0.0,,uppsala,5f9fe38afd517828962fde29
7314,2020-02-29 18:00:00+00:00,0.0,,uppsala,5f9fe38afd517828962fde29
7315,2020-02-29 19:00:00+00:00,0.0,,uppsala,5f9fe38afd517828962fde29
7316,2020-02-29 20:00:00+00:00,0.0,,uppsala,5f9fe38afd517828962fde29
7317,2020-02-29 21:00:00+00:00,0.0,,uppsala,5f9fe38afd517828962fde29
7318,2020-02-29 22:00:00+00:00,0.0,,uppsala,5f9fe38afd517828962fde29
7319,2020-02-29 23:00:00+00:00,0.0,,uppsala,5f9fe38afd517828962fde29
7320,2020-03-01 00:00:00+00:00,0.0,,uppsala,5f9fe38afd517828962fde29
7321,2020-03-01 01:00:00+00:00,0.0,,uppsala,5f9fe38afd517828962fde29
7322,2020-03-01 02:00:00+00:00,0.0,,uppsala,5f9fe38afd517828962fde29
7323,2020-03-01 03:00:00+00:00,0.0,,uppsala,5f9fe38afd517828962fde29
7324,2020-03-01 04:00:00+00:00,0.0,,uppsala,5f9fe38afd517828962fde29
7325,2020-03-01 05:00:00+00:00,0.0,,uppsala,5f9fe38afd517828962fde29
7326,2020-03-01 06:00:00+00:00,0.0,,uppsala,5f9fe38afd517828962fde29
7327,2020-03-01 07:00:00+00:00,0.0,,uppsala,5f9fe38afd517828962fde29
7328,2020-03-01 08:00:00+00:00,4.4,,uppsala,5f9fe38afd517828962fde29
7329,2020-03-01 09:00:00+00:00,233.0,,uppsala,5f9fe38afd517828962fde29
7330,2020-03-01 10:00:00+00:00,9.5,,uppsala,5f9fe38afd517828962fde29
7331,2020-03-01 11:00:00+00:00,10.2,,uppsala,5f9fe38afd517828962fde29
7332,2020-03-01 12:00:00+00:00,21.2,,uppsala,5f9fe38afd517828962fde29
7333,2020-03-01 13:00:00+00:00,31.7,,uppsala,5f9fe38afd517828962fde29
7334,2020-03-01 14:00:00+00:00,3.3,,uppsala,5f9fe38afd517828962fde29
7335,2020-03-01 15:00:00+00:00,0.0,,uppsala,5f9fe38afd517828962fde29
7336,2020-03-01 16:00:00+00:00,0.0,,uppsala,5f9fe38afd517828962fde29
7337,2020-03-01 17:00:00+00:00,0.0,,uppsala,5f9fe38afd517828962fde29
7338,2020-03-01 18:00:00+00:00,0.0,,uppsala,5f9fe38afd517828962fde29
7339,2020-03-01 19:00:00+00:00,0.0,,uppsala,5f9fe38afd517828962fde29
7340,2020-03-01 20:00:00+00:00,0.0,,uppsala,5f9fe38afd517828962fde29
7341,2020-03-01 21:00:00+00:00,0.0,,uppsala,5f9fe38afd517828962fde29
7342,2020-03-01 22:00:00+00:00,0.0,,uppsala,5f9fe38afd517828962fde29
7343,2020-03-01 23:00:00+00:00,0.0,,uppsala,5f9fe38afd517828962fde29
7344,2020-03-02 00:00:00+00:00,0.0,,uppsala,5f9fe38afd517828962fde29
7345,2020-03-02 01:00:00+00:00,0.0,,uppsala,5f9fe38afd517828962fde29
7346,2020-03-02 02:00:00+00:00,0.0,,uppsala,5f9fe38afd517828962fde29
7347,2020-03-02 03:00:00+00:00,0.0,,uppsala,5f9fe38afd517828962fde29
7348,2020-03-02 04:00:00+00:00,0.0,,uppsala,5f9fe38afd517828962fde29
7349,2020-03-02 05:00:00+00:00,0.0,,uppsala,5f9fe38afd517828962fde29
7350,2020-03-02 06:00:00+00:00,79.1,,uppsala,5f9fe38afd517828962fde29
7351,2020-03-02 07:00:00+00:00,482.7,,uppsala,5f9fe38afd517828962fde29
7352,2020-03-02 08:00:00+00:00,644.1,,uppsala,5f9fe38afd517828962fde29
7353,2020-03-02 09:00:00+00:00,288.0,,uppsala,5f9fe38afd517828962fde29
7354,2020-03-02 10:00:00+00:00,15.7,,uppsala,5f9fe38afd517828962fde29
7355,2020-03-02 11:00:00+00:00,21.5,,uppsala,5f9fe38afd517828962fde29
7356,2020-03-02 12:00:00+00:00,206.5,,uppsala,5f9fe38afd517828962fde29
7357,2020-03-02 13:00:00+00:00,582.5,,uppsala,5f9fe38afd517828962fde29
7358,2020-03-02 14:00:00+00:00,54.7,,uppsala,5f9fe38afd517828962fde29
7359,2020-03-02 15:00:00+00:00,67.2,,uppsala,5f9fe38afd517828962fde29
7360,2020-03-02 16:00:00+00:00,0.0,,uppsala,5f9fe38afd517828962fde29
7361,2020-03-02 17:00:00+00:00,0.0,,uppsala,5f9fe38afd517828962fde29
7362,2020-03-02 18:00:00+00:00,0.0,,uppsala,5f9fe38afd517828962fde29
7363,2020-03-02 19:00:00+00:00,0.0,,uppsala,5f9fe38afd517828962fde29
7364,2020-03-02 20:00:00+00:00,0.0,,uppsala,5f9fe38afd517828962fde29
7365,2020-03-02 21:00:00+00:00,0.0,,uppsala,5f9fe38afd517828962fde29
7366,2020-03-02 22:00:00+00:00,0.0,,uppsala,5f9fe38afd517828962fde29
7367,2020-03-02 23:00:00+00:00,0.0,,uppsala,5f9fe38afd517828962fde29
7368,2020-03-03 00:00:00+00:00,0.0,,uppsala,5f9fe38afd517828962fde29
7369,2020-03-03 01:00:00+00:00,0.0,,uppsala,5f9fe38afd517828962fde29
7370,2020-03-03 02:00:00+00:00,0.0,,uppsala,5f9fe38afd517828962fde29
7371,2020-03-03 03:00:00+00:00,0.0,,uppsala,5f9fe38afd517828962fde29
7372,2020-03-03 04:00:00+00:00,0.0,,uppsala,5f9fe38afd517828962fde29
7373,2020-03-03 05:00:00+00:00,0.0,,uppsala,5f9fe38afd517828962fde29
7374,2020-03-03 06:00:00+00:00,0.0,,uppsala,5f9fe38afd517828962fde29
7375,2020-03-03 07:00:00+00:00,1.1,,uppsala,5f9fe38afd517828962fde29
7376,2020-03-03 08:00:00+00:00,3.3,,uppsala,5f9fe38afd517828962fde29
7377,2020-03-03 09:00:00+00:00,6.0,,uppsala,5f9fe38afd517828962fde29
7378,2020-03-03 10:00:00+00:00,7.5,,uppsala,5f9fe38afd517828962fde29
7379,2020-03-03 11:00:00+00:00,8.4,,uppsala,5f9fe38afd517828962fde29
7380,2020-03-03 12:00:00+00:00,8.4,,uppsala,5f9fe38afd517828962fde29
7381,2020-03-03 13:00:00+00:00,7.3,,uppsala,5f9fe38afd517828962fde29
7382,2020-03-03 14:00:00+00:00,4.2,,uppsala,5f9fe38afd517828962fde29
7383,2020-03-03 15:00:00+00:00,0.0,,uppsala,5f9fe38afd517828962fde29
7384,2020-03-03 16:00:00+00:00,0.0,,uppsala,5f9fe38afd517828962fde29
7385,2020-03-03 17:00:00+00:00,0.0,,uppsala,5f9fe38afd517828962fde29
7386,2020-03-03 18:00:00+00:00,0.0,,uppsala,5f9fe38afd517828962fde29
7387,2020-03-03 19:00:00+00:00,0.0,,uppsala,5f9fe38afd517828962fde29
7388,2020-03-03 20:00:00+00:00,0.0,,uppsala,5f9fe38afd517828962fde29
7389,2020-03-03 21:00:00+00:00,0.0,,uppsala,5f9fe38afd517828962fde29
7390,2020-03-03 22:00:00+00:00,0.0,,uppsala,5f9fe38afd517828962fde29
7391,2020-03-03 23:00:00+00:00,0.0,,uppsala,5f9fe38afd517828962fde29
7392,2020-03-04 00:00:00+00:00,0.0,,uppsala,5f9fe38afd517828962fde29
7393,2020-03-04 01:00:00+00:00,0.0,,uppsala,5f9fe38afd517828962fde29
7394,2020-03-04 02:00:00+00:00,0.0,,uppsala,5f9fe38afd517828962fde29
7395,2020-03-04 03:00:00+00:00,0.0,,uppsala,5f9fe38afd517828962fde29
7396,2020-03-04 04:00:00+00:00,0.0,,uppsala,5f9fe38afd517828962fde29
7397,2020-03-04 05:00:00+00:00,0.0,,uppsala,5f9fe38afd517828962fde29
7398,2020-03-04 06:00:00+00:00,0.0,,uppsala,5f9fe38afd517828962fde29
7399,2020-03-04 07:00:00+00:00,0.0,,uppsala,5f9fe38afd517828962fde29
7400,2020-03-04 08:00:00+00:00,2.9,,uppsala,5f9fe38afd517828962fde29
7401,2020-03-04 09:00:00+00:00,5.9,,uppsala,5f9fe38afd517828962fde29
7402,2020-03-04 10:00:00+00:00,7.5,,uppsala,5f9fe38afd517828962fde29
7403,2020-03-04 11:00:00+00:00,8.4,,uppsala,5f9fe38afd517828962fde29
7404,2020-03-04 12:00:00+00:00,8.0,,uppsala,5f9fe38afd517828962fde29
7405,2020-03-04 13:00:00+00:00,10.7,,uppsala,5f9fe38afd517828962fde29
7406,2020-03-04 14:00:00+00:00,3.2,,uppsala,5f9fe38afd517828962fde29
7407,2020-03-04 15:00:00+00:00,0.0,,uppsala,5f9fe38afd517828962fde29
7408,2020-03-04 16:00:00+00:00,0.0,,uppsala,5f9fe38afd517828962fde29
7409,2020-03-04 17:00:00+00:00,0.0,,uppsala,5f9fe38afd517828962fde29
7410,2020-03-04 18:00:00+00:00,0.0,,uppsala,5f9fe38afd517828962fde29
7411,2020-03-04 19:00:00+00:00,0.0,,uppsala,5f9fe38afd517828962fde29
7412,2020-03-04 20:00:00+00:00,0.0,,uppsala,5f9fe38afd517828962fde29
7413,2020-03-04 21:00:00+00:00,0.0,,uppsala,5f9fe38afd517828962fde29
7414,2020-03-04 22:00:00+00:00,0.0,,uppsala,5f9fe38afd517828962fde29
7415,2020-03-04 23:00:00+00:00,0.0,,uppsala,5f9fe38afd517828962fde29
7416,2020-03-05 00:00:00+00:00,0.0,,uppsala,5f9fe38afd517828962fde29
7417,2020-03-05 01:00:00+00:00,0.0,,uppsala,5f9fe38afd517828962fde29
7418,2020-03-05 02:00:00+00:00,0.0,,uppsala,5f9fe38afd517828962fde29
7419,2020-03-05 03:00:00+00:00,0.0,,uppsala,5f9fe38afd517828962fde29
7420,2020-03-05 04:00:00+00:00,0.0,,uppsala,5f9fe38afd517828962fde29
7421,2020-03-05 05:00:00+00:00,0.0,,uppsala,5f9fe38afd517828962fde29
7422,2020-03-05 06:00:00+00:00,0.7000000000000001,,uppsala,5f9fe38afd517828962fde29
7423,2020-03-05 07:00:00+00:00,5.0,,uppsala,5f9fe38afd517828962fde29
7424,2020-03-05 08:00:00+00:00,10.9,,uppsala,5f9fe38afd517828962fde29
7425,2020-03-05 09:00:00+00:00,8.2,,uppsala,5f9fe38afd517828962fde29
7426,2020-03-05 10:00:00+00:00,10.0,,uppsala,5f9fe38afd517828962fde29
7427,2020-03-05 11:00:00+00:00,10.9,,uppsala,5f9fe38afd517828962fde29
7428,2020-03-05 12:00:00+00:00,10.1,,uppsala,5f9fe38afd517828962fde29
7429,2020-03-05 13:00:00+00:00,14.8,,uppsala,5f9fe38afd517828962fde29
7430,2020-03-05 14:00:00+00:00,6.8,,uppsala,5f9fe38afd517828962fde29
7431,2020-03-05 15:00:00+00:00,50.5,,uppsala,5f9fe38afd517828962fde29
7432,2020-03-05 16:00:00+00:00,0.0,,uppsala,5f9fe38afd517828962fde29
7433,2020-03-05 17:00:00+00:00,0.0,,uppsala,5f9fe38afd517828962fde29
7434,2020-03-05 18:00:00+00:00,0.0,,uppsala,5f9fe38afd517828962fde29
7435,2020-03-05 19:00:00+00:00,0.0,,uppsala,5f9fe38afd517828962fde29
7436,2020-03-05 20:00:00+00:00,0.0,,uppsala,5f9fe38afd517828962fde29
7437,2020-03-05 21:00:00+00:00,0.0,,uppsala,5f9fe38afd517828962fde29
7438,2020-03-05 22:00:00+00:00,0.0,,uppsala,5f9fe38afd517828962fde29
7439,2020-03-05 23:00:00+00:00,0.0,,uppsala,5f9fe38afd517828962fde29
7440,2020-03-06 00:00:00+00:00,0.0,,uppsala,5f9fe38afd517828962fde29
7441,2020-03-06 01:00:00+00:00,0.0,,uppsala,5f9fe38afd517828962fde29
7442,2020-03-06 02:00:00+00:00,0.0,,uppsala,5f9fe38afd517828962fde29
7443,2020-03-06 03:00:00+00:00,0.0,,uppsala,5f9fe38afd517828962fde29
7444,2020-03-06 04:00:00+00:00,0.0,,uppsala,5f9fe38afd517828962fde29
7445,2020-03-06 05:00:00+00:00,0.0,,uppsala,5f9fe38afd517828962fde29
7446,2020-03-06 06:00:00+00:00,261.4,,uppsala,5f9fe38afd517828962fde29
7447,2020-03-06 07:00:00+00:00,540.8,,uppsala,5f9fe38afd517828962fde29
7448,2020-03-06 08:00:00+00:00,562.6,,uppsala,5f9fe38afd517828962fde29
7449,2020-03-06 09:00:00+00:00,557.8,,uppsala,5f9fe38afd517828962fde29
7450,2020-03-06 10:00:00+00:00,437.7,,uppsala,5f9fe38afd517828962fde29
7451,2020-03-06 11:00:00+00:00,688.6,,uppsala,5f9fe38afd517828962fde29
7452,2020-03-06 12:00:00+00:00,841.3,,uppsala,5f9fe38afd517828962fde29
7453,2020-03-06 13:00:00+00:00,814.9,,uppsala,5f9fe38afd517828962fde29
7454,2020-03-06 14:00:00+00:00,741.8,,uppsala,5f9fe38afd517828962fde29
7455,2020-03-06 15:00:00+00:00,448.5,,uppsala,5f9fe38afd517828962fde29
7456,2020-03-06 16:00:00+00:00,121.4,,uppsala,5f9fe38afd517828962fde29
7457,2020-03-06 17:00:00+00:00,0.0,,uppsala,5f9fe38afd517828962fde29
7458,2020-03-06 18:00:00+00:00,0.0,,uppsala,5f9fe38afd517828962fde29
7459,2020-03-06 19:00:00+00:00,0.0,,uppsala,5f9fe38afd517828962fde29
7460,2020-03-06 20:00:00+00:00,0.0,,uppsala,5f9fe38afd517828962fde29
7461,2020-03-06 21:00:00+00:00,0.0,,uppsala,5f9fe38afd517828962fde29
7462,2020-03-06 22:00:00+00:00,0.0,,uppsala,5f9fe38afd517828962fde29
7463,2020-03-06 23:00:00+00:00,0.0,,uppsala,5f9fe38afd517828962fde29
7464,2020-03-07 00:00:00+00:00,0.0,,uppsala,5f9fe38afd517828962fde29
7465,2020-03-07 01:00:00+00:00,0.0,,uppsala,5f9fe38afd517828962fde29
7466,2020-03-07 02:00:00+00:00,0.0,,uppsala,5f9fe38afd517828962fde29
7467,2020-03-07 03:00:00+00:00,0.0,,uppsala,5f9fe38afd517828962fde29
7468,2020-03-07 04:00:00+00:00,0.0,,uppsala,5f9fe38afd517828962fde29
7469,2020-03-07 05:00:00+00:00,0.0,,uppsala,5f9fe38afd517828962fde29
7470,2020-03-07 06:00:00+00:00,0.0,,uppsala,5f9fe38afd517828962fde29
7471,2020-03-07 07:00:00+00:00,7.3,,uppsala,5f9fe38afd517828962fde29
7472,2020-03-07 08:00:00+00:00,12.0,,uppsala,5f9fe38afd517828962fde29
7473,2020-03-07 09:00:00+00:00,6.3,,uppsala,5f9fe38afd517828962fde29
7474,2020-03-07 10:00:00+00:00,37.8,,uppsala,5f9fe38afd517828962fde29
7475,2020-03-07 11:00:00+00:00,40.6,,uppsala,5f9fe38afd517828962fde29
7476,2020-03-07 12:00:00+00:00,8.9,,uppsala,5f9fe38afd517828962fde29
7477,2020-03-07 13:00:00+00:00,9.1,,uppsala,5f9fe38afd517828962fde29
7478,2020-03-07 14:00:00+00:00,477.5,,uppsala,5f9fe38afd517828962fde29
7479,2020-03-07 15:00:00+00:00,380.7,,uppsala,5f9fe38afd517828962fde29
7480,2020-03-07 16:00:00+00:00,124.1,,uppsala,5f9fe38afd517828962fde29
7481,2020-03-07 17:00:00+00:00,0.0,,uppsala,5f9fe38afd517828962fde29
7482,2020-03-07 18:00:00+00:00,0.0,,uppsala,5f9fe38afd517828962fde29
7483,2020-03-07 19:00:00+00:00,0.0,,uppsala,5f9fe38afd517828962fde29
7484,2020-03-07 20:00:00+00:00,0.0,,uppsala,5f9fe38afd517828962fde29
7485,2020-03-07 21:00:00+00:00,0.0,,uppsala,5f9fe38afd517828962fde29
7486,2020-03-07 22:00:00+00:00,0.0,,uppsala,5f9fe38afd517828962fde29
7487,2020-03-07 23:00:00+00:00,0.0,,uppsala,5f9fe38afd517828962fde29
7488,2020-03-08 00:00:00+00:00,0.0,,uppsala,5f9fe38afd517828962fde29
7489,2020-03-08 01:00:00+00:00,0.0,,uppsala,5f9fe38afd517828962fde29
7490,2020-03-08 02:00:00+00:00,0.0,,uppsala,5f9fe38afd517828962fde29
7491,2020-03-08 03:00:00+00:00,0.0,,uppsala,5f9fe38afd517828962fde29
7492,2020-03-08 04:00:00+00:00,0.0,,uppsala,5f9fe38afd517828962fde29
7493,2020-03-08 05:00:00+00:00,0.0,,uppsala,5f9fe38afd517828962fde29
7494,2020-03-08 06:00:00+00:00,0.0,,uppsala,5f9fe38afd517828962fde29
7495,2020-03-08 07:00:00+00:00,0.0,,uppsala,5f9fe38afd517828962fde29
7496,2020-03-08 08:00:00+00:00,9.1,,uppsala,5f9fe38afd517828962fde29
7497,2020-03-08 09:00:00+00:00,29.2,,uppsala,5f9fe38afd517828962fde29
7498,2020-03-08 10:00:00+00:00,12.9,,uppsala,5f9fe38afd517828962fde29
7499,2020-03-08 11:00:00+00:00,7.9,,uppsala,5f9fe38afd517828962fde29
7500,2020-03-08 12:00:00+00:00,6.8,,uppsala,5f9fe38afd517828962fde29
7501,2020-03-08 13:00:00+00:00,8.6,,uppsala,5f9fe38afd517828962fde29
7502,2020-03-08 14:00:00+00:00,21.7,,uppsala,5f9fe38afd517828962fde29
7503,2020-03-08 15:00:00+00:00,3.7,,uppsala,5f9fe38afd517828962fde29
7504,2020-03-08 16:00:00+00:00,0.0,,uppsala,5f9fe38afd517828962fde29
7505,2020-03-08 17:00:00+00:00,0.0,,uppsala,5f9fe38afd517828962fde29
7506,2020-03-08 18:00:00+00:00,0.0,,uppsala,5f9fe38afd517828962fde29
7507,2020-03-08 19:00:00+00:00,0.0,,uppsala,5f9fe38afd517828962fde29
7508,2020-03-08 20:00:00+00:00,0.0,,uppsala,5f9fe38afd517828962fde29
7509,2020-03-08 21:00:00+00:00,0.0,,uppsala,5f9fe38afd517828962fde29
7510,2020-03-08 22:00:00+00:00,0.0,,uppsala,5f9fe38afd517828962fde29
7511,2020-03-08 23:00:00+00:00,0.0,,uppsala,5f9fe38afd517828962fde29
7512,2020-03-09 00:00:00+00:00,0.0,,uppsala,5f9fe38afd517828962fde29
7513,2020-03-09 01:00:00+00:00,0.0,,uppsala,5f9fe38afd517828962fde29
7514,2020-03-09 02:00:00+00:00,0.0,,uppsala,5f9fe38afd517828962fde29
7515,2020-03-09 03:00:00+00:00,0.0,,uppsala,5f9fe38afd517828962fde29
7516,2020-03-09 04:00:00+00:00,0.0,,uppsala,5f9fe38afd517828962fde29
7517,2020-03-09 05:00:00+00:00,0.0,,uppsala,5f9fe38afd517828962fde29
7518,2020-03-09 06:00:00+00:00,0.0,,uppsala,5f9fe38afd517828962fde29
7519,2020-03-09 07:00:00+00:00,628.8,,uppsala,5f9fe38afd517828962fde29
7520,2020-03-09 08:00:00+00:00,737.3,,uppsala,5f9fe38afd517828962fde29
7521,2020-03-09 09:00:00+00:00,716.1,,uppsala,5f9fe38afd517828962fde29
7522,2020-03-09 10:00:00+00:00,17.2,,uppsala,5f9fe38afd517828962fde29
7523,2020-03-09 11:00:00+00:00,30.5,,uppsala,5f9fe38afd517828962fde29
7524,2020-03-09 12:00:00+00:00,85.2,,uppsala,5f9fe38afd517828962fde29
7525,2020-03-09 13:00:00+00:00,24.9,,uppsala,5f9fe38afd517828962fde29
7526,2020-03-09 14:00:00+00:00,10.2,,uppsala,5f9fe38afd517828962fde29
7527,2020-03-09 15:00:00+00:00,88.3,,uppsala,5f9fe38afd517828962fde29
7528,2020-03-09 16:00:00+00:00,46.1,,uppsala,5f9fe38afd517828962fde29
7529,2020-03-09 17:00:00+00:00,0.0,,uppsala,5f9fe38afd517828962fde29
7530,2020-03-09 18:00:00+00:00,0.0,,uppsala,5f9fe38afd517828962fde29
7531,2020-03-09 19:00:00+00:00,0.0,,uppsala,5f9fe38afd517828962fde29
7532,2020-03-09 20:00:00+00:00,0.0,,uppsala,5f9fe38afd517828962fde29
7533,2020-03-09 21:00:00+00:00,0.0,,uppsala,5f9fe38afd517828962fde29
7534,2020-03-09 22:00:00+00:00,0.0,,uppsala,5f9fe38afd517828962fde29
7535,2020-03-09 23:00:00+00:00,0.0,,uppsala,5f9fe38afd517828962fde29
7536,2020-03-10 00:00:00+00:00,0.0,,uppsala,5f9fe38afd517828962fde29
7537,2020-03-10 01:00:00+00:00,0.0,,uppsala,5f9fe38afd517828962fde29
7538,2020-03-10 02:00:00+00:00,0.0,,uppsala,5f9fe38afd517828962fde29
7539,2020-03-10 03:00:00+00:00,0.0,,uppsala,5f9fe38afd517828962fde29
7540,2020-03-10 04:00:00+00:00,0.0,,uppsala,5f9fe38afd517828962fde29
7541,2020-03-10 05:00:00+00:00,0.0,,uppsala,5f9fe38afd517828962fde29
7542,2020-03-10 06:00:00+00:00,200.7,,uppsala,5f9fe38afd517828962fde29
7543,2020-03-10 07:00:00+00:00,27.4,,uppsala,5f9fe38afd517828962fde29
7544,2020-03-10 08:00:00+00:00,5.2,,uppsala,5f9fe38afd517828962fde29
7545,2020-03-10 09:00:00+00:00,12.2,,uppsala,5f9fe38afd517828962fde29
7546,2020-03-10 10:00:00+00:00,14.0,,uppsala,5f9fe38afd517828962fde29
7547,2020-03-10 11:00:00+00:00,27.3,,uppsala,5f9fe38afd517828962fde29
7548,2020-03-10 12:00:00+00:00,9.4,,uppsala,5f9fe38afd517828962fde29
7549,2020-03-10 13:00:00+00:00,24.6,,uppsala,5f9fe38afd517828962fde29
7550,2020-03-10 14:00:00+00:00,10.1,,uppsala,5f9fe38afd517828962fde29
7551,2020-03-10 15:00:00+00:00,2.1,,uppsala,5f9fe38afd517828962fde29
7552,2020-03-10 16:00:00+00:00,0.0,,uppsala,5f9fe38afd517828962fde29
7553,2020-03-10 17:00:00+00:00,0.0,,uppsala,5f9fe38afd517828962fde29
7554,2020-03-10 18:00:00+00:00,0.0,,uppsala,5f9fe38afd517828962fde29
7555,2020-03-10 19:00:00+00:00,0.0,,uppsala,5f9fe38afd517828962fde29
7556,2020-03-10 20:00:00+00:00,0.0,,uppsala,5f9fe38afd517828962fde29
7557,2020-03-10 21:00:00+00:00,0.0,,uppsala,5f9fe38afd517828962fde29
7558,2020-03-10 22:00:00+00:00,0.0,,uppsala,5f9fe38afd517828962fde29
7559,2020-03-10 23:00:00+00:00,0.0,,uppsala,5f9fe38afd517828962fde29
7560,2020-03-11 00:00:00+00:00,0.0,,uppsala,5f9fe38afd517828962fde29
7561,2020-03-11 01:00:00+00:00,0.0,,uppsala,5f9fe38afd517828962fde29
7562,2020-03-11 02:00:00+00:00,0.0,,uppsala,5f9fe38afd517828962fde29
7563,2020-03-11 03:00:00+00:00,0.0,,uppsala,5f9fe38afd517828962fde29
7564,2020-03-11 04:00:00+00:00,0.0,,uppsala,5f9fe38afd517828962fde29
7565,2020-03-11 05:00:00+00:00,0.0,,uppsala,5f9fe38afd517828962fde29
7566,2020-03-11 06:00:00+00:00,0.0,,uppsala,5f9fe38afd517828962fde29
7567,2020-03-11 07:00:00+00:00,2.8,,uppsala,5f9fe38afd517828962fde29
7568,2020-03-11 08:00:00+00:00,7.6,,uppsala,5f9fe38afd517828962fde29
7569,2020-03-11 09:00:00+00:00,9.8,,uppsala,5f9fe38afd517828962fde29
7570,2020-03-11 10:00:00+00:00,14.8,,uppsala,5f9fe38afd517828962fde29
7571,2020-03-11 11:00:00+00:00,15.3,,uppsala,5f9fe38afd517828962fde29
7572,2020-03-11 12:00:00+00:00,18.0,,uppsala,5f9fe38afd517828962fde29
7573,2020-03-11 13:00:00+00:00,15.6,,uppsala,5f9fe38afd517828962fde29
7574,2020-03-11 14:00:00+00:00,12.7,,uppsala,5f9fe38afd517828962fde29
7575,2020-03-11 15:00:00+00:00,40.1,,uppsala,5f9fe38afd517828962fde29
7576,2020-03-11 16:00:00+00:00,0.7000000000000001,,uppsala,5f9fe38afd517828962fde29
7577,2020-03-11 17:00:00+00:00,0.0,,uppsala,5f9fe38afd517828962fde29
7578,2020-03-11 18:00:00+00:00,0.0,,uppsala,5f9fe38afd517828962fde29
7579,2020-03-11 19:00:00+00:00,0.0,,uppsala,5f9fe38afd517828962fde29
7580,2020-03-11 20:00:00+00:00,0.0,,uppsala,5f9fe38afd517828962fde29
7581,2020-03-11 21:00:00+00:00,0.0,,uppsala,5f9fe38afd517828962fde29
7582,2020-03-11 22:00:00+00:00,0.0,,uppsala,5f9fe38afd517828962fde29
7583,2020-03-11 23:00:00+00:00,0.0,,uppsala,5f9fe38afd517828962fde29
7584,2020-03-12 00:00:00+00:00,0.0,,uppsala,5f9fe38afd517828962fde29
7585,2020-03-12 01:00:00+00:00,0.0,,uppsala,5f9fe38afd517828962fde29
7586,2020-03-12 02:00:00+00:00,0.0,,uppsala,5f9fe38afd517828962fde29
7587,2020-03-12 03:00:00+00:00,0.0,,uppsala,5f9fe38afd517828962fde29
7588,2020-03-12 04:00:00+00:00,0.0,,uppsala,5f9fe38afd517828962fde29
7589,2020-03-12 05:00:00+00:00,0.0,,uppsala,5f9fe38afd517828962fde29
7590,2020-03-12 06:00:00+00:00,409.3,,uppsala,5f9fe38afd517828962fde29
7591,2020-03-12 07:00:00+00:00,692.5,,uppsala,5f9fe38afd517828962fde29
7592,2020-03-12 08:00:00+00:00,9.2,,uppsala,5f9fe38afd517828962fde29
7593,2020-03-12 09:00:00+00:00,22.0,,uppsala,5f9fe38afd517828962fde29
7594,2020-03-12 10:00:00+00:00,10.4,,uppsala,5f9fe38afd517828962fde29
7595,2020-03-12 11:00:00+00:00,11.6,,uppsala,5f9fe38afd517828962fde29
7596,2020-03-12 12:00:00+00:00,9.9,,uppsala,5f9fe38afd517828962fde29
7597,2020-03-12 13:00:00+00:00,35.7,,uppsala,5f9fe38afd517828962fde29
7598,2020-03-12 14:00:00+00:00,6.8,,uppsala,5f9fe38afd517828962fde29
7599,2020-03-12 15:00:00+00:00,53.6,,uppsala,5f9fe38afd517828962fde29
7600,2020-03-12 16:00:00+00:00,11.4,,uppsala,5f9fe38afd517828962fde29
7601,2020-03-12 17:00:00+00:00,0.0,,uppsala,5f9fe38afd517828962fde29
7602,2020-03-12 18:00:00+00:00,0.0,,uppsala,5f9fe38afd517828962fde29
7603,2020-03-12 19:00:00+00:00,0.0,,uppsala,5f9fe38afd517828962fde29
7604,2020-03-12 20:00:00+00:00,0.0,,uppsala,5f9fe38afd517828962fde29
7605,2020-03-12 21:00:00+00:00,0.0,,uppsala,5f9fe38afd517828962fde29
7606,2020-03-12 22:00:00+00:00,0.0,,uppsala,5f9fe38afd517828962fde29
7607,2020-03-12 23:00:00+00:00,0.0,,uppsala,5f9fe38afd517828962fde29
7608,2020-03-13 00:00:00+00:00,0.0,,uppsala,5f9fe38afd517828962fde29
7609,2020-03-13 01:00:00+00:00,0.0,,uppsala,5f9fe38afd517828962fde29
7610,2020-03-13 02:00:00+00:00,0.0,,uppsala,5f9fe38afd517828962fde29
7611,2020-03-13 03:00:00+00:00,0.0,,uppsala,5f9fe38afd517828962fde29
7612,2020-03-13 04:00:00+00:00,0.0,,uppsala,5f9fe38afd517828962fde29
7613,2020-03-13 05:00:00+00:00,0.0,,uppsala,5f9fe38afd517828962fde29
7614,2020-03-13 06:00:00+00:00,460.1,,uppsala,5f9fe38afd517828962fde29
7615,2020-03-13 07:00:00+00:00,708.1,,uppsala,5f9fe38afd517828962fde29
7616,2020-03-13 08:00:00+00:00,811.6,,uppsala,5f9fe38afd517828962fde29
7617,2020-03-13 09:00:00+00:00,872.2,,uppsala,5f9fe38afd517828962fde29
7618,2020-03-13 10:00:00+00:00,904.1,,uppsala,5f9fe38afd517828962fde29
7619,2020-03-13 11:00:00+00:00,899.2,,uppsala,5f9fe38afd517828962fde29
7620,2020-03-13 12:00:00+00:00,842.1,,uppsala,5f9fe38afd517828962fde29
7621,2020-03-13 13:00:00+00:00,580.1,,uppsala,5f9fe38afd517828962fde29
7622,2020-03-13 14:00:00+00:00,672.3,,uppsala,5f9fe38afd517828962fde29
7623,2020-03-13 15:00:00+00:00,549.5,,uppsala,5f9fe38afd517828962fde29
7624,2020-03-13 16:00:00+00:00,345.1,,uppsala,5f9fe38afd517828962fde29
7625,2020-03-13 17:00:00+00:00,0.0,,uppsala,5f9fe38afd517828962fde29
7626,2020-03-13 18:00:00+00:00,0.0,,uppsala,5f9fe38afd517828962fde29
7627,2020-03-13 19:00:00+00:00,0.0,,uppsala,5f9fe38afd517828962fde29
7628,2020-03-13 20:00:00+00:00,0.0,,uppsala,5f9fe38afd517828962fde29
7629,2020-03-13 21:00:00+00:00,0.0,,uppsala,5f9fe38afd517828962fde29
7630,2020-03-13 22:00:00+00:00,0.0,,uppsala,5f9fe38afd517828962fde29
7631,2020-03-13 23:00:00+00:00,0.0,,uppsala,5f9fe38afd517828962fde29
7632,2020-03-14 00:00:00+00:00,0.0,,uppsala,5f9fe38afd517828962fde29
7633,2020-03-14 01:00:00+00:00,0.0,,uppsala,5f9fe38afd517828962fde29
7634,2020-03-14 02:00:00+00:00,0.0,,uppsala,5f9fe38afd517828962fde29
7635,2020-03-14 03:00:00+00:00,0.0,,uppsala,5f9fe38afd517828962fde29
7636,2020-03-14 04:00:00+00:00,0.0,,uppsala,5f9fe38afd517828962fde29
7637,2020-03-14 05:00:00+00:00,0.0,,uppsala,5f9fe38afd517828962fde29
7638,2020-03-14 06:00:00+00:00,441.7,,uppsala,5f9fe38afd517828962fde29
7639,2020-03-14 07:00:00+00:00,681.6,,uppsala,5f9fe38afd517828962fde29
7640,2020-03-14 08:00:00+00:00,799.4,,uppsala,5f9fe38afd517828962fde29
7641,2020-03-14 09:00:00+00:00,864.7,,uppsala,5f9fe38afd517828962fde29
7642,2020-03-14 10:00:00+00:00,893.3,,uppsala,5f9fe38afd517828962fde29
7643,2020-03-14 11:00:00+00:00,909.5,,uppsala,5f9fe38afd517828962fde29
7644,2020-03-14 12:00:00+00:00,891.7,,uppsala,5f9fe38afd517828962fde29
7645,2020-03-14 13:00:00+00:00,867.7,,uppsala,5f9fe38afd517828962fde29
7646,2020-03-14 14:00:00+00:00,803.7,,uppsala,5f9fe38afd517828962fde29
7647,2020-03-14 15:00:00+00:00,721.2,,uppsala,5f9fe38afd517828962fde29
7648,2020-03-14 16:00:00+00:00,443.1,,uppsala,5f9fe38afd517828962fde29
7649,2020-03-14 17:00:00+00:00,0.0,,uppsala,5f9fe38afd517828962fde29
7650,2020-03-14 18:00:00+00:00,0.0,,uppsala,5f9fe38afd517828962fde29
7651,2020-03-14 19:00:00+00:00,0.0,,uppsala,5f9fe38afd517828962fde29
7652,2020-03-14 20:00:00+00:00,0.0,,uppsala,5f9fe38afd517828962fde29
7653,2020-03-14 21:00:00+00:00,0.0,,uppsala,5f9fe38afd517828962fde29
7654,2020-03-14 22:00:00+00:00,0.0,,uppsala,5f9fe38afd517828962fde29
7655,2020-03-14 23:00:00+00:00,0.0,,uppsala,5f9fe38afd517828962fde29
7656,2020-03-15 00:00:00+00:00,0.0,,uppsala,5f9fe38afd517828962fde29
7657,2020-03-15 01:00:00+00:00,0.0,,uppsala,5f9fe38afd517828962fde29
7658,2020-03-15 02:00:00+00:00,0.0,,uppsala,5f9fe38afd517828962fde29
7659,2020-03-15 03:00:00+00:00,0.0,,uppsala,5f9fe38afd517828962fde29
7660,2020-03-15 04:00:00+00:00,0.0,,uppsala,5f9fe38afd517828962fde29
7661,2020-03-15 05:00:00+00:00,0.0,,uppsala,5f9fe38afd517828962fde29
7662,2020-03-15 06:00:00+00:00,433.9,,uppsala,5f9fe38afd517828962fde29
7663,2020-03-15 07:00:00+00:00,658.3,,uppsala,5f9fe38afd517828962fde29
7664,2020-03-15 08:00:00+00:00,37.9,,uppsala,5f9fe38afd517828962fde29
7665,2020-03-15 09:00:00+00:00,8.7,,uppsala,5f9fe38afd517828962fde29
7666,2020-03-15 10:00:00+00:00,75.5,,uppsala,5f9fe38afd517828962fde29
7667,2020-03-15 11:00:00+00:00,21.6,,uppsala,5f9fe38afd517828962fde29
7668,2020-03-15 12:00:00+00:00,44.7,,uppsala,5f9fe38afd517828962fde29
7669,2020-03-15 13:00:00+00:00,7.6,,uppsala,5f9fe38afd517828962fde29
7670,2020-03-15 14:00:00+00:00,13.7,,uppsala,5f9fe38afd517828962fde29
7671,2020-03-15 15:00:00+00:00,0.0,,uppsala,5f9fe38afd517828962fde29
7672,2020-03-15 16:00:00+00:00,0.0,,uppsala,5f9fe38afd517828962fde29
7673,2020-03-15 17:00:00+00:00,0.0,,uppsala,5f9fe38afd517828962fde29
7674,2020-03-15 18:00:00+00:00,0.0,,uppsala,5f9fe38afd517828962fde29
7675,2020-03-15 19:00:00+00:00,0.0,,uppsala,5f9fe38afd517828962fde29
7676,2020-03-15 20:00:00+00:00,0.0,,uppsala,5f9fe38afd517828962fde29
7677,2020-03-15 21:00:00+00:00,0.0,,uppsala,5f9fe38afd517828962fde29
7678,2020-03-15 22:00:00+00:00,0.0,,uppsala,5f9fe38afd517828962fde29
7679,2020-03-15 23:00:00+00:00,0.0,,uppsala,5f9fe38afd517828962fde29
7680,2020-03-16 00:00:00+00:00,0.0,,uppsala,5f9fe38afd517828962fde29
7681,2020-03-16 01:00:00+00:00,0.0,,uppsala,5f9fe38afd517828962fde29
7682,2020-03-16 02:00:00+00:00,0.0,,uppsala,5f9fe38afd517828962fde29
7683,2020-03-16 03:00:00+00:00,0.0,,uppsala,5f9fe38afd517828962fde29
7684,2020-03-16 04:00:00+00:00,0.0,,uppsala,5f9fe38afd517828962fde29
7685,2020-03-16 05:00:00+00:00,0.0,,uppsala,5f9fe38afd517828962fde29
7686,2020-03-16 06:00:00+00:00,0.0,,uppsala,5f9fe38afd517828962fde29
7687,2020-03-16 07:00:00+00:00,22.7,,uppsala,5f9fe38afd517828962fde29
7688,2020-03-16 08:00:00+00:00,716.5,,uppsala,5f9fe38afd517828962fde29
7689,2020-03-16 09:00:00+00:00,77.8,,uppsala,5f9fe38afd517828962fde29
7690,2020-03-16 10:00:00+00:00,30.1,,uppsala,5f9fe38afd517828962fde29
7691,2020-03-16 11:00:00+00:00,65.5,,uppsala,5f9fe38afd517828962fde29
7692,2020-03-16 12:00:00+00:00,860.2,,uppsala,5f9fe38afd517828962fde29
7693,2020-03-16 13:00:00+00:00,871.5,,uppsala,5f9fe38afd517828962fde29
7694,2020-03-16 14:00:00+00:00,820.5,,uppsala,5f9fe38afd517828962fde29
7695,2020-03-16 15:00:00+00:00,720.1,,uppsala,5f9fe38afd517828962fde29
7696,2020-03-16 16:00:00+00:00,496.5,,uppsala,5f9fe38afd517828962fde29
7697,2020-03-16 17:00:00+00:00,0.0,,uppsala,5f9fe38afd517828962fde29
7698,2020-03-16 18:00:00+00:00,0.0,,uppsala,5f9fe38afd517828962fde29
7699,2020-03-16 19:00:00+00:00,0.0,,uppsala,5f9fe38afd517828962fde29
7700,2020-03-16 20:00:00+00:00,0.0,,uppsala,5f9fe38afd517828962fde29
7701,2020-03-16 21:00:00+00:00,0.0,,uppsala,5f9fe38afd517828962fde29
7702,2020-03-16 22:00:00+00:00,0.0,,uppsala,5f9fe38afd517828962fde29
7703,2020-03-16 23:00:00+00:00,0.0,,uppsala,5f9fe38afd517828962fde29
7704,2020-03-17 00:00:00+00:00,0.0,,uppsala,5f9fe38afd517828962fde29
7705,2020-03-17 01:00:00+00:00,0.0,,uppsala,5f9fe38afd517828962fde29
7706,2020-03-17 02:00:00+00:00,0.0,,uppsala,5f9fe38afd517828962fde29
7707,2020-03-17 03:00:00+00:00,0.0,,uppsala,5f9fe38afd517828962fde29
7708,2020-03-17 04:00:00+00:00,0.0,,uppsala,5f9fe38afd517828962fde29
7709,2020-03-17 05:00:00+00:00,0.0,,uppsala,5f9fe38afd517828962fde29
7710,2020-03-17 06:00:00+00:00,9.5,,uppsala,5f9fe38afd517828962fde29
7711,2020-03-17 07:00:00+00:00,1.2,,uppsala,5f9fe38afd517828962fde29
7712,2020-03-17 08:00:00+00:00,25.3,,uppsala,5f9fe38afd517828962fde29
7713,2020-03-17 09:00:00+00:00,23.1,,uppsala,5f9fe38afd517828962fde29
7714,2020-03-17 10:00:00+00:00,36.5,,uppsala,5f9fe38afd517828962fde29
7715,2020-03-17 11:00:00+00:00,11.0,,uppsala,5f9fe38afd517828962fde29
7716,2020-03-17 12:00:00+00:00,10.3,,uppsala,5f9fe38afd517828962fde29
7717,2020-03-17 13:00:00+00:00,14.7,,uppsala,5f9fe38afd517828962fde29
7718,2020-03-17 14:00:00+00:00,19.5,,uppsala,5f9fe38afd517828962fde29
7719,2020-03-17 15:00:00+00:00,2.9,,uppsala,5f9fe38afd517828962fde29
7720,2020-03-17 16:00:00+00:00,0.0,,uppsala,5f9fe38afd517828962fde29
7721,2020-03-17 17:00:00+00:00,0.0,,uppsala,5f9fe38afd517828962fde29
7722,2020-03-17 18:00:00+00:00,0.0,,uppsala,5f9fe38afd517828962fde29
7723,2020-03-17 19:00:00+00:00,0.0,,uppsala,5f9fe38afd517828962fde29
7724,2020-03-17 20:00:00+00:00,0.0,,uppsala,5f9fe38afd517828962fde29
7725,2020-03-17 21:00:00+00:00,0.0,,uppsala,5f9fe38afd517828962fde29
7726,2020-03-17 22:00:00+00:00,0.0,,uppsala,5f9fe38afd517828962fde29
7727,2020-03-17 23:00:00+00:00,0.0,,uppsala,5f9fe38afd517828962fde29
7728,2020-03-18 00:00:00+00:00,0.0,,uppsala,5f9fe38afd517828962fde29
7729,2020-03-18 01:00:00+00:00,0.0,,uppsala,5f9fe38afd517828962fde29
7730,2020-03-18 02:00:00+00:00,0.0,,uppsala,5f9fe38afd517828962fde29
7731,2020-03-18 03:00:00+00:00,0.0,,uppsala,5f9fe38afd517828962fde29
7732,2020-03-18 04:00:00+00:00,0.0,,uppsala,5f9fe38afd517828962fde29
7733,2020-03-18 05:00:00+00:00,0.0,,uppsala,5f9fe38afd517828962fde29
7734,2020-03-18 06:00:00+00:00,47.6,,uppsala,5f9fe38afd517828962fde29
7735,2020-03-18 07:00:00+00:00,106.8,,uppsala,5f9fe38afd517828962fde29
7736,2020-03-18 08:00:00+00:00,5.9,,uppsala,5f9fe38afd517828962fde29
7737,2020-03-18 09:00:00+00:00,8.1,,uppsala,5f9fe38afd517828962fde29
7738,2020-03-18 10:00:00+00:00,9.6,,uppsala,5f9fe38afd517828962fde29
7739,2020-03-18 11:00:00+00:00,35.7,,uppsala,5f9fe38afd517828962fde29
7740,2020-03-18 12:00:00+00:00,15.8,,uppsala,5f9fe38afd517828962fde29
7741,2020-03-18 13:00:00+00:00,11.0,,uppsala,5f9fe38afd517828962fde29
7742,2020-03-18 14:00:00+00:00,33.5,,uppsala,5f9fe38afd517828962fde29
7743,2020-03-18 15:00:00+00:00,82.1,,uppsala,5f9fe38afd517828962fde29
7744,2020-03-18 16:00:00+00:00,411.0,,uppsala,5f9fe38afd517828962fde29
7745,2020-03-18 17:00:00+00:00,0.0,,uppsala,5f9fe38afd517828962fde29
7746,2020-03-18 18:00:00+00:00,0.0,,uppsala,5f9fe38afd517828962fde29
7747,2020-03-18 19:00:00+00:00,0.0,,uppsala,5f9fe38afd517828962fde29
7748,2020-03-18 20:00:00+00:00,0.0,,uppsala,5f9fe38afd517828962fde29
7749,2020-03-18 21:00:00+00:00,0.0,,uppsala,5f9fe38afd517828962fde29
7750,2020-03-18 22:00:00+00:00,0.0,,uppsala,5f9fe38afd517828962fde29
7751,2020-03-18 23:00:00+00:00,0.0,,uppsala,5f9fe38afd517828962fde29
7752,2020-03-19 00:00:00+00:00,0.0,,uppsala,5f9fe38afd517828962fde29
7753,2020-03-19 01:00:00+00:00,0.0,,uppsala,5f9fe38afd517828962fde29
7754,2020-03-19 02:00:00+00:00,0.0,,uppsala,5f9fe38afd517828962fde29
7755,2020-03-19 03:00:00+00:00,0.0,,uppsala,5f9fe38afd517828962fde29
7756,2020-03-19 04:00:00+00:00,0.0,,uppsala,5f9fe38afd517828962fde29
7757,2020-03-19 05:00:00+00:00,30.4,,uppsala,5f9fe38afd517828962fde29
7758,2020-03-19 06:00:00+00:00,558.1,,uppsala,5f9fe38afd517828962fde29
7759,2020-03-19 07:00:00+00:00,770.1,,uppsala,5f9fe38afd517828962fde29
7760,2020-03-19 08:00:00+00:00,864.8,,uppsala,5f9fe38afd517828962fde29
7761,2020-03-19 09:00:00+00:00,909.9,,uppsala,5f9fe38afd517828962fde29
7762,2020-03-19 10:00:00+00:00,934.0,,uppsala,5f9fe38afd517828962fde29
7763,2020-03-19 11:00:00+00:00,937.3,,uppsala,5f9fe38afd517828962fde29
7764,2020-03-19 12:00:00+00:00,927.9,,uppsala,5f9fe38afd517828962fde29
7765,2020-03-19 13:00:00+00:00,903.8,,uppsala,5f9fe38afd517828962fde29
7766,2020-03-19 14:00:00+00:00,836.4,,uppsala,5f9fe38afd517828962fde29
7767,2020-03-19 15:00:00+00:00,727.5,,uppsala,5f9fe38afd517828962fde29
7768,2020-03-19 16:00:00+00:00,505.6,,uppsala,5f9fe38afd517828962fde29
7769,2020-03-19 17:00:00+00:00,0.0,,uppsala,5f9fe38afd517828962fde29
7770,2020-03-19 18:00:00+00:00,0.0,,uppsala,5f9fe38afd517828962fde29
7771,2020-03-19 19:00:00+00:00,0.0,,uppsala,5f9fe38afd517828962fde29
7772,2020-03-19 20:00:00+00:00,0.0,,uppsala,5f9fe38afd517828962fde29
7773,2020-03-19 21:00:00+00:00,0.0,,uppsala,5f9fe38afd517828962fde29
7774,2020-03-19 22:00:00+00:00,0.0,,uppsala,5f9fe38afd517828962fde29
7775,2020-03-19 23:00:00+00:00,0.0,,uppsala,5f9fe38afd517828962fde29
7776,2020-03-20 00:00:00+00:00,0.0,,uppsala,5f9fe38afd517828962fde29
7777,2020-03-20 01:00:00+00:00,0.0,,uppsala,5f9fe38afd517828962fde29
7778,2020-03-20 02:00:00+00:00,0.0,,uppsala,5f9fe38afd517828962fde29
7779,2020-03-20 03:00:00+00:00,0.0,,uppsala,5f9fe38afd517828962fde29
7780,2020-03-20 04:00:00+00:00,0.0,,uppsala,5f9fe38afd517828962fde29
7781,2020-03-20 05:00:00+00:00,0.0,,uppsala,5f9fe38afd517828962fde29
7782,2020-03-20 06:00:00+00:00,95.1,,uppsala,5f9fe38afd517828962fde29
7783,2020-03-20 07:00:00+00:00,3.7,,uppsala,5f9fe38afd517828962fde29
7784,2020-03-20 08:00:00+00:00,7.7,,uppsala,5f9fe38afd517828962fde29
7785,2020-03-20 09:00:00+00:00,13.8,,uppsala,5f9fe38afd517828962fde29
7786,2020-03-20 10:00:00+00:00,22.0,,uppsala,5f9fe38afd517828962fde29
7787,2020-03-20 11:00:00+00:00,46.7,,uppsala,5f9fe38afd517828962fde29
7788,2020-03-20 12:00:00+00:00,11.7,,uppsala,5f9fe38afd517828962fde29
7789,2020-03-20 13:00:00+00:00,10.8,,uppsala,5f9fe38afd517828962fde29
7790,2020-03-20 14:00:00+00:00,275.5,,uppsala,5f9fe38afd517828962fde29
7791,2020-03-20 15:00:00+00:00,43.3,,uppsala,5f9fe38afd517828962fde29
7792,2020-03-20 16:00:00+00:00,488.0,,uppsala,5f9fe38afd517828962fde29
7793,2020-03-20 17:00:00+00:00,3.9,,uppsala,5f9fe38afd517828962fde29
7794,2020-03-20 18:00:00+00:00,0.0,,uppsala,5f9fe38afd517828962fde29
7795,2020-03-20 19:00:00+00:00,0.0,,uppsala,5f9fe38afd517828962fde29
7796,2020-03-20 20:00:00+00:00,0.0,,uppsala,5f9fe38afd517828962fde29
7797,2020-03-20 21:00:00+00:00,0.0,,uppsala,5f9fe38afd517828962fde29
7798,2020-03-20 22:00:00+00:00,0.0,,uppsala,5f9fe38afd517828962fde29
7799,2020-03-20 23:00:00+00:00,0.0,,uppsala,5f9fe38afd517828962fde29
7800,2020-03-21 00:00:00+00:00,0.0,,uppsala,5f9fe38afd517828962fde29
7801,2020-03-21 01:00:00+00:00,0.0,,uppsala,5f9fe38afd517828962fde29
7802,2020-03-21 02:00:00+00:00,0.0,,uppsala,5f9fe38afd517828962fde29
7803,2020-03-21 03:00:00+00:00,0.0,,uppsala,5f9fe38afd517828962fde29
7804,2020-03-21 04:00:00+00:00,0.0,,uppsala,5f9fe38afd517828962fde29
7805,2020-03-21 05:00:00+00:00,57.6,,uppsala,5f9fe38afd517828962fde29
7806,2020-03-21 06:00:00+00:00,459.0,,uppsala,5f9fe38afd517828962fde29
7807,2020-03-21 07:00:00+00:00,677.9,,uppsala,5f9fe38afd517828962fde29
7808,2020-03-21 08:00:00+00:00,787.4,,uppsala,5f9fe38afd517828962fde29
7809,2020-03-21 09:00:00+00:00,773.2,,uppsala,5f9fe38afd517828962fde29
7810,2020-03-21 10:00:00+00:00,900.7,,uppsala,5f9fe38afd517828962fde29
7811,2020-03-21 11:00:00+00:00,933.7,,uppsala,5f9fe38afd517828962fde29
7812,2020-03-21 12:00:00+00:00,918.1,,uppsala,5f9fe38afd517828962fde29
7813,2020-03-21 13:00:00+00:00,912.6,,uppsala,5f9fe38afd517828962fde29
7814,2020-03-21 14:00:00+00:00,863.0,,uppsala,5f9fe38afd517828962fde29
7815,2020-03-21 15:00:00+00:00,773.5,,uppsala,5f9fe38afd517828962fde29
7816,2020-03-21 16:00:00+00:00,577.8,,uppsala,5f9fe38afd517828962fde29
7817,2020-03-21 17:00:00+00:00,44.3,,uppsala,5f9fe38afd517828962fde29
7818,2020-03-21 18:00:00+00:00,0.0,,uppsala,5f9fe38afd517828962fde29
7819,2020-03-21 19:00:00+00:00,0.0,,uppsala,5f9fe38afd517828962fde29
7820,2020-03-21 20:00:00+00:00,0.0,,uppsala,5f9fe38afd517828962fde29
7821,2020-03-21 21:00:00+00:00,0.0,,uppsala,5f9fe38afd517828962fde29
7822,2020-03-21 22:00:00+00:00,0.0,,uppsala,5f9fe38afd517828962fde29
7823,2020-03-21 23:00:00+00:00,0.0,,uppsala,5f9fe38afd517828962fde29
7824,2020-03-22 00:00:00+00:00,0.0,,uppsala,5f9fe38afd517828962fde29
7825,2020-03-22 01:00:00+00:00,0.0,,uppsala,5f9fe38afd517828962fde29
7826,2020-03-22 02:00:00+00:00,0.0,,uppsala,5f9fe38afd517828962fde29
7827,2020-03-22 03:00:00+00:00,0.0,,uppsala,5f9fe38afd517828962fde29
7828,2020-03-22 04:00:00+00:00,0.0,,uppsala,5f9fe38afd517828962fde29
7829,2020-03-22 05:00:00+00:00,185.6,,uppsala,5f9fe38afd517828962fde29
7830,2020-03-22 06:00:00+00:00,609.4,,uppsala,5f9fe38afd517828962fde29
7831,2020-03-22 07:00:00+00:00,764.1,,uppsala,5f9fe38afd517828962fde29
7832,2020-03-22 08:00:00+00:00,854.2,,uppsala,5f9fe38afd517828962fde29
7833,2020-03-22 09:00:00+00:00,906.8,,uppsala,5f9fe38afd517828962fde29
7834,2020-03-22 10:00:00+00:00,930.4,,uppsala,5f9fe38afd517828962fde29
7835,2020-03-22 11:00:00+00:00,932.9,,uppsala,5f9fe38afd517828962fde29
7836,2020-03-22 12:00:00+00:00,911.2,,uppsala,5f9fe38afd517828962fde29
7837,2020-03-22 13:00:00+00:00,790.9,,uppsala,5f9fe38afd517828962fde29
7838,2020-03-22 14:00:00+00:00,806.8,,uppsala,5f9fe38afd517828962fde29
7839,2020-03-22 15:00:00+00:00,50.8,,uppsala,5f9fe38afd517828962fde29
7840,2020-03-22 16:00:00+00:00,0.0,,uppsala,5f9fe38afd517828962fde29
7841,2020-03-22 17:00:00+00:00,0.0,,uppsala,5f9fe38afd517828962fde29
7842,2020-03-22 18:00:00+00:00,0.0,,uppsala,5f9fe38afd517828962fde29
7843,2020-03-22 19:00:00+00:00,0.0,,uppsala,5f9fe38afd517828962fde29
7844,2020-03-22 20:00:00+00:00,0.0,,uppsala,5f9fe38afd517828962fde29
7845,2020-03-22 21:00:00+00:00,0.0,,uppsala,5f9fe38afd517828962fde29
7846,2020-03-22 22:00:00+00:00,0.0,,uppsala,5f9fe38afd517828962fde29
7847,2020-03-22 23:00:00+00:00,0.0,,uppsala,5f9fe38afd517828962fde29
7848,2020-03-23 00:00:00+00:00,0.0,,uppsala,5f9fe38afd517828962fde29
7849,2020-03-23 01:00:00+00:00,0.0,,uppsala,5f9fe38afd517828962fde29
7850,2020-03-23 02:00:00+00:00,0.0,,uppsala,5f9fe38afd517828962fde29
7851,2020-03-23 03:00:00+00:00,0.0,,uppsala,5f9fe38afd517828962fde29
7852,2020-03-23 04:00:00+00:00,0.0,,uppsala,5f9fe38afd517828962fde29
7853,2020-03-23 05:00:00+00:00,0.0,,uppsala,5f9fe38afd517828962fde29
7854,2020-03-23 06:00:00+00:00,0.1,,uppsala,5f9fe38afd517828962fde29
7855,2020-03-23 07:00:00+00:00,52.3,,uppsala,5f9fe38afd517828962fde29
7856,2020-03-23 08:00:00+00:00,6.5,,uppsala,5f9fe38afd517828962fde29
7857,2020-03-23 09:00:00+00:00,146.2,,uppsala,5f9fe38afd517828962fde29
7858,2020-03-23 10:00:00+00:00,144.5,,uppsala,5f9fe38afd517828962fde29
7859,2020-03-23 11:00:00+00:00,15.3,,uppsala,5f9fe38afd517828962fde29
7860,2020-03-23 12:00:00+00:00,9.2,,uppsala,5f9fe38afd517828962fde29
7861,2020-03-23 13:00:00+00:00,428.7,,uppsala,5f9fe38afd517828962fde29
7862,2020-03-23 14:00:00+00:00,671.0,,uppsala,5f9fe38afd517828962fde29
7863,2020-03-23 15:00:00+00:00,590.4,,uppsala,5f9fe38afd517828962fde29
7864,2020-03-23 16:00:00+00:00,281.0,,uppsala,5f9fe38afd517828962fde29
7865,2020-03-23 17:00:00+00:00,0.0,,uppsala,5f9fe38afd517828962fde29
7866,2020-03-23 18:00:00+00:00,0.0,,uppsala,5f9fe38afd517828962fde29
7867,2020-03-23 19:00:00+00:00,0.0,,uppsala,5f9fe38afd517828962fde29
7868,2020-03-23 20:00:00+00:00,0.0,,uppsala,5f9fe38afd517828962fde29
7869,2020-03-23 21:00:00+00:00,0.0,,uppsala,5f9fe38afd517828962fde29
7870,2020-03-23 22:00:00+00:00,0.0,,uppsala,5f9fe38afd517828962fde29
7871,2020-03-23 23:00:00+00:00,0.0,,uppsala,5f9fe38afd517828962fde29
7872,2020-03-24 00:00:00+00:00,0.0,,uppsala,5f9fe38afd517828962fde29
7873,2020-03-24 01:00:00+00:00,0.0,,uppsala,5f9fe38afd517828962fde29
7874,2020-03-24 02:00:00+00:00,0.0,,uppsala,5f9fe38afd517828962fde29
7875,2020-03-24 03:00:00+00:00,0.0,,uppsala,5f9fe38afd517828962fde29
7876,2020-03-24 04:00:00+00:00,0.0,,uppsala,5f9fe38afd517828962fde29
7877,2020-03-24 05:00:00+00:00,28.8,,uppsala,5f9fe38afd517828962fde29
7878,2020-03-24 06:00:00+00:00,0.7000000000000001,,uppsala,5f9fe38afd517828962fde29
7879,2020-03-24 07:00:00+00:00,655.2,,uppsala,5f9fe38afd517828962fde29
7880,2020-03-24 08:00:00+00:00,108.2,,uppsala,5f9fe38afd517828962fde29
7881,2020-03-24 09:00:00+00:00,290.0,,uppsala,5f9fe38afd517828962fde29
7882,2020-03-24 10:00:00+00:00,478.5,,uppsala,5f9fe38afd517828962fde29
7883,2020-03-24 11:00:00+00:00,99.1,,uppsala,5f9fe38afd517828962fde29
7884,2020-03-24 12:00:00+00:00,11.3,,uppsala,5f9fe38afd517828962fde29
7885,2020-03-24 13:00:00+00:00,704.2,,uppsala,5f9fe38afd517828962fde29
7886,2020-03-24 14:00:00+00:00,8.6,,uppsala,5f9fe38afd517828962fde29
7887,2020-03-24 15:00:00+00:00,4.7,,uppsala,5f9fe38afd517828962fde29
7888,2020-03-24 16:00:00+00:00,358.5,,uppsala,5f9fe38afd517828962fde29
7889,2020-03-24 17:00:00+00:00,0.0,,uppsala,5f9fe38afd517828962fde29
7890,2020-03-24 18:00:00+00:00,0.0,,uppsala,5f9fe38afd517828962fde29
7891,2020-03-24 19:00:00+00:00,0.0,,uppsala,5f9fe38afd517828962fde29
7892,2020-03-24 20:00:00+00:00,0.0,,uppsala,5f9fe38afd517828962fde29
7893,2020-03-24 21:00:00+00:00,0.0,,uppsala,5f9fe38afd517828962fde29
7894,2020-03-24 22:00:00+00:00,0.0,,uppsala,5f9fe38afd517828962fde29
7895,2020-03-24 23:00:00+00:00,0.0,,uppsala,5f9fe38afd517828962fde29
7896,2020-03-25 00:00:00+00:00,0.0,,uppsala,5f9fe38afd517828962fde29
7897,2020-03-25 01:00:00+00:00,0.0,,uppsala,5f9fe38afd517828962fde29
7898,2020-03-25 02:00:00+00:00,0.0,,uppsala,5f9fe38afd517828962fde29
7899,2020-03-25 03:00:00+00:00,0.0,,uppsala,5f9fe38afd517828962fde29
7900,2020-03-25 04:00:00+00:00,0.0,,uppsala,5f9fe38afd517828962fde29
7901,2020-03-25 05:00:00+00:00,0.0,,uppsala,5f9fe38afd517828962fde29
7902,2020-03-25 06:00:00+00:00,314.5,,uppsala,5f9fe38afd517828962fde29
7903,2020-03-25 07:00:00+00:00,3.4,,uppsala,5f9fe38afd517828962fde29
7904,2020-03-25 08:00:00+00:00,6.6,,uppsala,5f9fe38afd517828962fde29
7905,2020-03-25 09:00:00+00:00,8.8,,uppsala,5f9fe38afd517828962fde29
7906,2020-03-25 10:00:00+00:00,713.3,,uppsala,5f9fe38afd517828962fde29
7907,2020-03-25 11:00:00+00:00,466.2,,uppsala,5f9fe38afd517828962fde29
7908,2020-03-25 12:00:00+00:00,406.2,,uppsala,5f9fe38afd517828962fde29
7909,2020-03-25 13:00:00+00:00,659.7,,uppsala,5f9fe38afd517828962fde29
7910,2020-03-25 14:00:00+00:00,687.5,,uppsala,5f9fe38afd517828962fde29
7911,2020-03-25 15:00:00+00:00,6.4,,uppsala,5f9fe38afd517828962fde29
7912,2020-03-25 16:00:00+00:00,2.3,,uppsala,5f9fe38afd517828962fde29
7913,2020-03-25 17:00:00+00:00,0.0,,uppsala,5f9fe38afd517828962fde29
7914,2020-03-25 18:00:00+00:00,0.0,,uppsala,5f9fe38afd517828962fde29
7915,2020-03-25 19:00:00+00:00,0.0,,uppsala,5f9fe38afd517828962fde29
7916,2020-03-25 20:00:00+00:00,0.0,,uppsala,5f9fe38afd517828962fde29
7917,2020-03-25 21:00:00+00:00,0.0,,uppsala,5f9fe38afd517828962fde29
7918,2020-03-25 22:00:00+00:00,0.0,,uppsala,5f9fe38afd517828962fde29
7919,2020-03-25 23:00:00+00:00,0.0,,uppsala,5f9fe38afd517828962fde29
7920,2020-03-26 00:00:00+00:00,0.0,,uppsala,5f9fe38afd517828962fde29
7921,2020-03-26 01:00:00+00:00,0.0,,uppsala,5f9fe38afd517828962fde29
7922,2020-03-26 02:00:00+00:00,0.0,,uppsala,5f9fe38afd517828962fde29
7923,2020-03-26 03:00:00+00:00,0.0,,uppsala,5f9fe38afd517828962fde29
7924,2020-03-26 04:00:00+00:00,0.0,,uppsala,5f9fe38afd517828962fde29
7925,2020-03-26 05:00:00+00:00,89.1,,uppsala,5f9fe38afd517828962fde29
7926,2020-03-26 06:00:00+00:00,407.2,,uppsala,5f9fe38afd517828962fde29
7927,2020-03-26 07:00:00+00:00,602.1,,uppsala,5f9fe38afd517828962fde29
7928,2020-03-26 08:00:00+00:00,714.4,,uppsala,5f9fe38afd517828962fde29
7929,2020-03-26 09:00:00+00:00,779.5,,uppsala,5f9fe38afd517828962fde29
7930,2020-03-26 10:00:00+00:00,823.2,,uppsala,5f9fe38afd517828962fde29
7931,2020-03-26 11:00:00+00:00,834.2,,uppsala,5f9fe38afd517828962fde29
7932,2020-03-26 12:00:00+00:00,836.2,,uppsala,5f9fe38afd517828962fde29
7933,2020-03-26 13:00:00+00:00,809.3,,uppsala,5f9fe38afd517828962fde29
7934,2020-03-26 14:00:00+00:00,752.9,,uppsala,5f9fe38afd517828962fde29
7935,2020-03-26 15:00:00+00:00,682.7,,uppsala,5f9fe38afd517828962fde29
7936,2020-03-26 16:00:00+00:00,492.2,,uppsala,5f9fe38afd517828962fde29
7937,2020-03-26 17:00:00+00:00,102.5,,uppsala,5f9fe38afd517828962fde29
7938,2020-03-26 18:00:00+00:00,0.0,,uppsala,5f9fe38afd517828962fde29
7939,2020-03-26 19:00:00+00:00,0.0,,uppsala,5f9fe38afd517828962fde29
7940,2020-03-26 20:00:00+00:00,0.0,,uppsala,5f9fe38afd517828962fde29
7941,2020-03-26 21:00:00+00:00,0.0,,uppsala,5f9fe38afd517828962fde29
7942,2020-03-26 22:00:00+00:00,0.0,,uppsala,5f9fe38afd517828962fde29
7943,2020-03-26 23:00:00+00:00,0.0,,uppsala,5f9fe38afd517828962fde29
7944,2020-03-27 00:00:00+00:00,0.0,,uppsala,5f9fe38afd517828962fde29
7945,2020-03-27 01:00:00+00:00,0.0,,uppsala,5f9fe38afd517828962fde29
7946,2020-03-27 02:00:00+00:00,0.0,,uppsala,5f9fe38afd517828962fde29
7947,2020-03-27 03:00:00+00:00,0.0,,uppsala,5f9fe38afd517828962fde29
7948,2020-03-27 04:00:00+00:00,0.0,,uppsala,5f9fe38afd517828962fde29
7949,2020-03-27 05:00:00+00:00,178.5,,uppsala,5f9fe38afd517828962fde29
7950,2020-03-27 06:00:00+00:00,508.0,,uppsala,5f9fe38afd517828962fde29
7951,2020-03-27 07:00:00+00:00,677.3,,uppsala,5f9fe38afd517828962fde29
7952,2020-03-27 08:00:00+00:00,761.0,,uppsala,5f9fe38afd517828962fde29
7953,2020-03-27 09:00:00+00:00,602.0,,uppsala,5f9fe38afd517828962fde29
7954,2020-03-27 10:00:00+00:00,625.7,,uppsala,5f9fe38afd517828962fde29
7955,2020-03-27 11:00:00+00:00,765.1,,uppsala,5f9fe38afd517828962fde29
7956,2020-03-27 12:00:00+00:00,803.6,,uppsala,5f9fe38afd517828962fde29
7957,2020-03-27 13:00:00+00:00,783.5,,uppsala,5f9fe38afd517828962fde29
7958,2020-03-27 14:00:00+00:00,714.4,,uppsala,5f9fe38afd517828962fde29
7959,2020-03-27 15:00:00+00:00,607.4,,uppsala,5f9fe38afd517828962fde29
7960,2020-03-27 16:00:00+00:00,471.1,,uppsala,5f9fe38afd517828962fde29
7961,2020-03-27 17:00:00+00:00,100.9,,uppsala,5f9fe38afd517828962fde29
7962,2020-03-27 18:00:00+00:00,0.0,,uppsala,5f9fe38afd517828962fde29
7963,2020-03-27 19:00:00+00:00,0.0,,uppsala,5f9fe38afd517828962fde29
7964,2020-03-27 20:00:00+00:00,0.0,,uppsala,5f9fe38afd517828962fde29
7965,2020-03-27 21:00:00+00:00,0.0,,uppsala,5f9fe38afd517828962fde29
7966,2020-03-27 22:00:00+00:00,0.0,,uppsala,5f9fe38afd517828962fde29
7967,2020-03-27 23:00:00+00:00,0.0,,uppsala,5f9fe38afd517828962fde29
7968,2020-03-28 00:00:00+00:00,0.0,,uppsala,5f9fe38afd517828962fde29
7969,2020-03-28 01:00:00+00:00,0.0,,uppsala,5f9fe38afd517828962fde29
7970,2020-03-28 02:00:00+00:00,0.0,,uppsala,5f9fe38afd517828962fde29
7971,2020-03-28 03:00:00+00:00,0.0,,uppsala,5f9fe38afd517828962fde29
7972,2020-03-28 04:00:00+00:00,0.0,,uppsala,5f9fe38afd517828962fde29
7973,2020-03-28 05:00:00+00:00,149.4,,uppsala,5f9fe38afd517828962fde29
7974,2020-03-28 06:00:00+00:00,478.7,,uppsala,5f9fe38afd517828962fde29
7975,2020-03-28 07:00:00+00:00,663.3,,uppsala,5f9fe38afd517828962fde29
7976,2020-03-28 08:00:00+00:00,769.1,,uppsala,5f9fe38afd517828962fde29
7977,2020-03-28 09:00:00+00:00,838.2,,uppsala,5f9fe38afd517828962fde29
7978,2020-03-28 10:00:00+00:00,624.3,,uppsala,5f9fe38afd517828962fde29
7979,2020-03-28 11:00:00+00:00,19.2,,uppsala,5f9fe38afd517828962fde29
7980,2020-03-28 12:00:00+00:00,20.7,,uppsala,5f9fe38afd517828962fde29
7981,2020-03-28 13:00:00+00:00,23.9,,uppsala,5f9fe38afd517828962fde29
7982,2020-03-28 14:00:00+00:00,13.1,,uppsala,5f9fe38afd517828962fde29
7983,2020-03-28 15:00:00+00:00,115.2,,uppsala,5f9fe38afd517828962fde29
7984,2020-03-28 16:00:00+00:00,37.3,,uppsala,5f9fe38afd517828962fde29
7985,2020-03-28 17:00:00+00:00,63.5,,uppsala,5f9fe38afd517828962fde29
7986,2020-03-28 18:00:00+00:00,0.0,,uppsala,5f9fe38afd517828962fde29
7987,2020-03-28 19:00:00+00:00,0.0,,uppsala,5f9fe38afd517828962fde29
7988,2020-03-28 20:00:00+00:00,0.0,,uppsala,5f9fe38afd517828962fde29
7989,2020-03-28 21:00:00+00:00,0.0,,uppsala,5f9fe38afd517828962fde29
7990,2020-03-28 22:00:00+00:00,0.0,,uppsala,5f9fe38afd517828962fde29
7991,2020-03-28 23:00:00+00:00,0.0,,uppsala,5f9fe38afd517828962fde29
7992,2020-03-29 00:00:00+00:00,0.0,,uppsala,5f9fe38afd517828962fde29
7993,2020-03-29 01:00:00+00:00,0.0,,uppsala,5f9fe38afd517828962fde29
7994,2020-03-29 02:00:00+00:00,0.0,,uppsala,5f9fe38afd517828962fde29
7995,2020-03-29 03:00:00+00:00,0.0,,uppsala,5f9fe38afd517828962fde29
7996,2020-03-29 04:00:00+00:00,0.0,,uppsala,5f9fe38afd517828962fde29
7997,2020-03-29 05:00:00+00:00,302.3,,uppsala,5f9fe38afd517828962fde29
7998,2020-03-29 06:00:00+00:00,627.5,,uppsala,5f9fe38afd517828962fde29
7999,2020-03-29 07:00:00+00:00,755.7,,uppsala,5f9fe38afd517828962fde29
8000,2020-03-29 08:00:00+00:00,830.7,,uppsala,5f9fe38afd517828962fde29
8001,2020-03-29 09:00:00+00:00,880.9,,uppsala,5f9fe38afd517828962fde29
8002,2020-03-29 10:00:00+00:00,892.4,,uppsala,5f9fe38afd517828962fde29
8003,2020-03-29 11:00:00+00:00,901.4,,uppsala,5f9fe38afd517828962fde29
8004,2020-03-29 12:00:00+00:00,746.5,,uppsala,5f9fe38afd517828962fde29
8005,2020-03-29 13:00:00+00:00,122.0,,uppsala,5f9fe38afd517828962fde29
8006,2020-03-29 14:00:00+00:00,28.9,,uppsala,5f9fe38afd517828962fde29
8007,2020-03-29 15:00:00+00:00,713.3,,uppsala,5f9fe38afd517828962fde29
8008,2020-03-29 16:00:00+00:00,561.2,,uppsala,5f9fe38afd517828962fde29
8009,2020-03-29 17:00:00+00:00,172.6,,uppsala,5f9fe38afd517828962fde29
8010,2020-03-29 18:00:00+00:00,0.0,,uppsala,5f9fe38afd517828962fde29
8011,2020-03-29 19:00:00+00:00,0.0,,uppsala,5f9fe38afd517828962fde29
8012,2020-03-29 20:00:00+00:00,0.0,,uppsala,5f9fe38afd517828962fde29
8013,2020-03-29 21:00:00+00:00,0.0,,uppsala,5f9fe38afd517828962fde29
8014,2020-03-29 22:00:00+00:00,0.0,,uppsala,5f9fe38afd517828962fde29
8015,2020-03-29 23:00:00+00:00,0.0,,uppsala,5f9fe38afd517828962fde29
8016,2020-03-30 00:00:00+00:00,0.0,,uppsala,5f9fe38afd517828962fde29
8017,2020-03-30 01:00:00+00:00,0.0,,uppsala,5f9fe38afd517828962fde29
8018,2020-03-30 02:00:00+00:00,0.0,,uppsala,5f9fe38afd517828962fde29
8019,2020-03-30 03:00:00+00:00,0.0,,uppsala,5f9fe38afd517828962fde29
8020,2020-03-30 04:00:00+00:00,0.0,,uppsala,5f9fe38afd517828962fde29
8021,2020-03-30 05:00:00+00:00,298.0,,uppsala,5f9fe38afd517828962fde29
8022,2020-03-30 06:00:00+00:00,609.6,,uppsala,5f9fe38afd517828962fde29
8023,2020-03-30 07:00:00+00:00,735.2,,uppsala,5f9fe38afd517828962fde29
8024,2020-03-30 08:00:00+00:00,226.1,,uppsala,5f9fe38afd517828962fde29
8025,2020-03-30 09:00:00+00:00,12.0,,uppsala,5f9fe38afd517828962fde29
8026,2020-03-30 10:00:00+00:00,314.0,,uppsala,5f9fe38afd517828962fde29
8027,2020-03-30 11:00:00+00:00,25.1,,uppsala,5f9fe38afd517828962fde29
8028,2020-03-30 12:00:00+00:00,22.1,,uppsala,5f9fe38afd517828962fde29
8029,2020-03-30 13:00:00+00:00,12.6,,uppsala,5f9fe38afd517828962fde29
8030,2020-03-30 14:00:00+00:00,589.1,,uppsala,5f9fe38afd517828962fde29
8031,2020-03-30 15:00:00+00:00,767.9,,uppsala,5f9fe38afd517828962fde29
8032,2020-03-30 16:00:00+00:00,605.2,,uppsala,5f9fe38afd517828962fde29
8033,2020-03-30 17:00:00+00:00,265.2,,uppsala,5f9fe38afd517828962fde29
8034,2020-03-30 18:00:00+00:00,0.0,,uppsala,5f9fe38afd517828962fde29
8035,2020-03-30 19:00:00+00:00,0.0,,uppsala,5f9fe38afd517828962fde29
8036,2020-03-30 20:00:00+00:00,0.0,,uppsala,5f9fe38afd517828962fde29
8037,2020-03-30 21:00:00+00:00,0.0,,uppsala,5f9fe38afd517828962fde29
8038,2020-03-30 22:00:00+00:00,0.0,,uppsala,5f9fe38afd517828962fde29
8039,2020-03-30 23:00:00+00:00,0.0,,uppsala,5f9fe38afd517828962fde29
8040,2020-03-31 00:00:00+00:00,0.0,,uppsala,5f9fe38afd517828962fde29
8041,2020-03-31 01:00:00+00:00,0.0,,uppsala,5f9fe38afd517828962fde29
8042,2020-03-31 02:00:00+00:00,0.0,,uppsala,5f9fe38afd517828962fde29
8043,2020-03-31 03:00:00+00:00,0.0,,uppsala,5f9fe38afd517828962fde29
8044,2020-03-31 04:00:00+00:00,0.0,,uppsala,5f9fe38afd517828962fde29
8045,2020-03-31 05:00:00+00:00,118.0,,uppsala,5f9fe38afd517828962fde29
8046,2020-03-31 06:00:00+00:00,550.6,,uppsala,5f9fe38afd517828962fde29
8047,2020-03-31 07:00:00+00:00,659.1,,uppsala,5f9fe38afd517828962fde29
8048,2020-03-31 08:00:00+00:00,503.4,,uppsala,5f9fe38afd517828962fde29
8049,2020-03-31 09:00:00+00:00,9.4,,uppsala,5f9fe38afd517828962fde29
8050,2020-03-31 10:00:00+00:00,136.1,,uppsala,5f9fe38afd517828962fde29
8051,2020-03-31 11:00:00+00:00,10.4,,uppsala,5f9fe38afd517828962fde29
8052,2020-03-31 12:00:00+00:00,23.7,,uppsala,5f9fe38afd517828962fde29
8053,2020-03-31 13:00:00+00:00,21.8,,uppsala,5f9fe38afd517828962fde29
8054,2020-03-31 14:00:00+00:00,45.3,,uppsala,5f9fe38afd517828962fde29
8055,2020-03-31 15:00:00+00:00,5.6,,uppsala,5f9fe38afd517828962fde29
8056,2020-03-31 16:00:00+00:00,0.0,,uppsala,5f9fe38afd517828962fde29
8057,2020-03-31 17:00:00+00:00,0.0,,uppsala,5f9fe38afd517828962fde29
8058,2020-03-31 18:00:00+00:00,0.0,,uppsala,5f9fe38afd517828962fde29
8059,2020-03-31 19:00:00+00:00,0.0,,uppsala,5f9fe38afd517828962fde29
8060,2020-03-31 20:00:00+00:00,0.0,,uppsala,5f9fe38afd517828962fde29
8061,2020-03-31 21:00:00+00:00,0.0,,uppsala,5f9fe38afd517828962fde29
8062,2020-03-31 22:00:00+00:00,0.0,,uppsala,5f9fe38afd517828962fde29
8063,2020-03-31 23:00:00+00:00,0.0,,uppsala,5f9fe38afd517828962fde29
8064,2020-04-01 00:00:00+00:00,0.0,,uppsala,5f9fe38afd517828962fde29
8065,2020-04-01 01:00:00+00:00,0.0,,uppsala,5f9fe38afd517828962fde29
8066,2020-04-01 02:00:00+00:00,0.0,,uppsala,5f9fe38afd517828962fde29
8067,2020-04-01 03:00:00+00:00,0.0,,uppsala,5f9fe38afd517828962fde29
8068,2020-04-01 04:00:00+00:00,0.0,,uppsala,5f9fe38afd517828962fde29
8069,2020-04-01 05:00:00+00:00,0.0,,uppsala,5f9fe38afd517828962fde29
8070,2020-04-01 06:00:00+00:00,56.5,,uppsala,5f9fe38afd517828962fde29
8071,2020-04-01 07:00:00+00:00,424.0,,uppsala,5f9fe38afd517828962fde29
8072,2020-04-01 08:00:00+00:00,798.6,,uppsala,5f9fe38afd517828962fde29
8073,2020-04-01 09:00:00+00:00,861.4,,uppsala,5f9fe38afd517828962fde29
8074,2020-04-01 10:00:00+00:00,881.5,,uppsala,5f9fe38afd517828962fde29
8075,2020-04-01 11:00:00+00:00,883.3,,uppsala,5f9fe38afd517828962fde29
8076,2020-04-01 12:00:00+00:00,137.9,,uppsala,5f9fe38afd517828962fde29
8077,2020-04-01 13:00:00+00:00,331.7,,uppsala,5f9fe38afd517828962fde29
8078,2020-04-01 14:00:00+00:00,508.9,,uppsala,5f9fe38afd517828962fde29
8079,2020-04-01 15:00:00+00:00,163.5,,uppsala,5f9fe38afd517828962fde29
8080,2020-04-01 16:00:00+00:00,166.6,,uppsala,5f9fe38afd517828962fde29
8081,2020-04-01 17:00:00+00:00,37.0,,uppsala,5f9fe38afd517828962fde29
8082,2020-04-01 18:00:00+00:00,0.0,,uppsala,5f9fe38afd517828962fde29
8083,2020-04-01 19:00:00+00:00,0.0,,uppsala,5f9fe38afd517828962fde29
8084,2020-04-01 20:00:00+00:00,0.0,,uppsala,5f9fe38afd517828962fde29
8085,2020-04-01 21:00:00+00:00,0.0,,uppsala,5f9fe38afd517828962fde29
8086,2020-04-01 22:00:00+00:00,0.0,,uppsala,5f9fe38afd517828962fde29
8087,2020-04-01 23:00:00+00:00,0.0,,uppsala,5f9fe38afd517828962fde29
8088,2020-04-02 00:00:00+00:00,0.0,,uppsala,5f9fe38afd517828962fde29
8089,2020-04-02 01:00:00+00:00,0.0,,uppsala,5f9fe38afd517828962fde29
8090,2020-04-02 02:00:00+00:00,0.0,,uppsala,5f9fe38afd517828962fde29
8091,2020-04-02 03:00:00+00:00,0.0,,uppsala,5f9fe38afd517828962fde29
8092,2020-04-02 04:00:00+00:00,0.0,,uppsala,5f9fe38afd517828962fde29
8093,2020-04-02 05:00:00+00:00,362.3,,uppsala,5f9fe38afd517828962fde29
8094,2020-04-02 06:00:00+00:00,635.5,,uppsala,5f9fe38afd517828962fde29
8095,2020-04-02 07:00:00+00:00,777.5,,uppsala,5f9fe38afd517828962fde29
8096,2020-04-02 08:00:00+00:00,858.1,,uppsala,5f9fe38afd517828962fde29
8097,2020-04-02 09:00:00+00:00,883.7,,uppsala,5f9fe38afd517828962fde29
8098,2020-04-02 10:00:00+00:00,657.2,,uppsala,5f9fe38afd517828962fde29
8099,2020-04-02 11:00:00+00:00,199.2,,uppsala,5f9fe38afd517828962fde29
8100,2020-04-02 12:00:00+00:00,21.8,,uppsala,5f9fe38afd517828962fde29
8101,2020-04-02 13:00:00+00:00,9.5,,uppsala,5f9fe38afd517828962fde29
8102,2020-04-02 14:00:00+00:00,7.9,,uppsala,5f9fe38afd517828962fde29
8103,2020-04-02 15:00:00+00:00,91.7,,uppsala,5f9fe38afd517828962fde29
8104,2020-04-02 16:00:00+00:00,29.2,,uppsala,5f9fe38afd517828962fde29
8105,2020-04-02 17:00:00+00:00,2.4,,uppsala,5f9fe38afd517828962fde29
8106,2020-04-02 18:00:00+00:00,0.0,,uppsala,5f9fe38afd517828962fde29
8107,2020-04-02 19:00:00+00:00,0.0,,uppsala,5f9fe38afd517828962fde29
8108,2020-04-02 20:00:00+00:00,0.0,,uppsala,5f9fe38afd517828962fde29
8109,2020-04-02 21:00:00+00:00,0.0,,uppsala,5f9fe38afd517828962fde29
8110,2020-04-02 22:00:00+00:00,0.0,,uppsala,5f9fe38afd517828962fde29
8111,2020-04-02 23:00:00+00:00,0.0,,uppsala,5f9fe38afd517828962fde29
8112,2020-04-03 00:00:00+00:00,0.0,,uppsala,5f9fe38afd517828962fde29
8113,2020-04-03 01:00:00+00:00,0.0,,uppsala,5f9fe38afd517828962fde29
8114,2020-04-03 02:00:00+00:00,0.0,,uppsala,5f9fe38afd517828962fde29
8115,2020-04-03 03:00:00+00:00,0.0,,uppsala,5f9fe38afd517828962fde29
8116,2020-04-03 04:00:00+00:00,0.0,,uppsala,5f9fe38afd517828962fde29
8117,2020-04-03 05:00:00+00:00,104.0,,uppsala,5f9fe38afd517828962fde29
8118,2020-04-03 06:00:00+00:00,44.9,,uppsala,5f9fe38afd517828962fde29
8119,2020-04-03 07:00:00+00:00,13.7,,uppsala,5f9fe38afd517828962fde29
8120,2020-04-03 08:00:00+00:00,61.2,,uppsala,5f9fe38afd517828962fde29
8121,2020-04-03 09:00:00+00:00,33.8,,uppsala,5f9fe38afd517828962fde29
8122,2020-04-03 10:00:00+00:00,63.2,,uppsala,5f9fe38afd517828962fde29
8123,2020-04-03 11:00:00+00:00,858.7,,uppsala,5f9fe38afd517828962fde29
8124,2020-04-03 12:00:00+00:00,69.9,,uppsala,5f9fe38afd517828962fde29
8125,2020-04-03 13:00:00+00:00,680.7,,uppsala,5f9fe38afd517828962fde29
8126,2020-04-03 14:00:00+00:00,444.6,,uppsala,5f9fe38afd517828962fde29
8127,2020-04-03 15:00:00+00:00,644.7,,uppsala,5f9fe38afd517828962fde29
8128,2020-04-03 16:00:00+00:00,425.5,,uppsala,5f9fe38afd517828962fde29
8129,2020-04-03 17:00:00+00:00,235.6,,uppsala,5f9fe38afd517828962fde29
8130,2020-04-03 18:00:00+00:00,0.0,,uppsala,5f9fe38afd517828962fde29
8131,2020-04-03 19:00:00+00:00,0.0,,uppsala,5f9fe38afd517828962fde29
8132,2020-04-03 20:00:00+00:00,0.0,,uppsala,5f9fe38afd517828962fde29
8133,2020-04-03 21:00:00+00:00,0.0,,uppsala,5f9fe38afd517828962fde29
8134,2020-04-03 22:00:00+00:00,0.0,,uppsala,5f9fe38afd517828962fde29
8135,2020-04-03 23:00:00+00:00,0.0,,uppsala,5f9fe38afd517828962fde29
8136,2020-04-04 00:00:00+00:00,0.0,,uppsala,5f9fe38afd517828962fde29
8137,2020-04-04 01:00:00+00:00,0.0,,uppsala,5f9fe38afd517828962fde29
8138,2020-04-04 02:00:00+00:00,0.0,,uppsala,5f9fe38afd517828962fde29
8139,2020-04-04 03:00:00+00:00,0.0,,uppsala,5f9fe38afd517828962fde29
8140,2020-04-04 04:00:00+00:00,0.0,,uppsala,5f9fe38afd517828962fde29
8141,2020-04-04 05:00:00+00:00,391.7,,uppsala,5f9fe38afd517828962fde29
8142,2020-04-04 06:00:00+00:00,630.6,,uppsala,5f9fe38afd517828962fde29
8143,2020-04-04 07:00:00+00:00,757.0,,uppsala,5f9fe38afd517828962fde29
8144,2020-04-04 08:00:00+00:00,819.7,,uppsala,5f9fe38afd517828962fde29
8145,2020-04-04 09:00:00+00:00,873.2,,uppsala,5f9fe38afd517828962fde29
8146,2020-04-04 10:00:00+00:00,903.3,,uppsala,5f9fe38afd517828962fde29
8147,2020-04-04 11:00:00+00:00,906.7,,uppsala,5f9fe38afd517828962fde29
8148,2020-04-04 12:00:00+00:00,634.0,,uppsala,5f9fe38afd517828962fde29
8149,2020-04-04 13:00:00+00:00,324.2,,uppsala,5f9fe38afd517828962fde29
8150,2020-04-04 14:00:00+00:00,120.5,,uppsala,5f9fe38afd517828962fde29
8151,2020-04-04 15:00:00+00:00,702.8,,uppsala,5f9fe38afd517828962fde29
8152,2020-04-04 16:00:00+00:00,327.5,,uppsala,5f9fe38afd517828962fde29
8153,2020-04-04 17:00:00+00:00,264.3,,uppsala,5f9fe38afd517828962fde29
8154,2020-04-04 18:00:00+00:00,0.0,,uppsala,5f9fe38afd517828962fde29
8155,2020-04-04 19:00:00+00:00,0.0,,uppsala,5f9fe38afd517828962fde29
8156,2020-04-04 20:00:00+00:00,0.0,,uppsala,5f9fe38afd517828962fde29
8157,2020-04-04 21:00:00+00:00,0.0,,uppsala,5f9fe38afd517828962fde29
8158,2020-04-04 22:00:00+00:00,0.0,,uppsala,5f9fe38afd517828962fde29
8159,2020-04-04 23:00:00+00:00,0.0,,uppsala,5f9fe38afd517828962fde29
8160,2020-04-05 00:00:00+00:00,0.0,,uppsala,5f9fe38afd517828962fde29
8161,2020-04-05 01:00:00+00:00,0.0,,uppsala,5f9fe38afd517828962fde29
8162,2020-04-05 02:00:00+00:00,0.0,,uppsala,5f9fe38afd517828962fde29
8163,2020-04-05 03:00:00+00:00,0.0,,uppsala,5f9fe38afd517828962fde29
8164,2020-04-05 04:00:00+00:00,0.0,,uppsala,5f9fe38afd517828962fde29
8165,2020-04-05 05:00:00+00:00,388.2,,uppsala,5f9fe38afd517828962fde29
8166,2020-04-05 06:00:00+00:00,637.4,,uppsala,5f9fe38afd517828962fde29
8167,2020-04-05 07:00:00+00:00,757.6,,uppsala,5f9fe38afd517828962fde29
8168,2020-04-05 08:00:00+00:00,814.7,,uppsala,5f9fe38afd517828962fde29
8169,2020-04-05 09:00:00+00:00,54.9,,uppsala,5f9fe38afd517828962fde29
8170,2020-04-05 10:00:00+00:00,20.7,,uppsala,5f9fe38afd517828962fde29
8171,2020-04-05 11:00:00+00:00,19.2,,uppsala,5f9fe38afd517828962fde29
8172,2020-04-05 12:00:00+00:00,69.4,,uppsala,5f9fe38afd517828962fde29
8173,2020-04-05 13:00:00+00:00,117.4,,uppsala,5f9fe38afd517828962fde29
8174,2020-04-05 14:00:00+00:00,6.5,,uppsala,5f9fe38afd517828962fde29
8175,2020-04-05 15:00:00+00:00,5.1,,uppsala,5f9fe38afd517828962fde29
8176,2020-04-05 16:00:00+00:00,0.0,,uppsala,5f9fe38afd517828962fde29
8177,2020-04-05 17:00:00+00:00,0.0,,uppsala,5f9fe38afd517828962fde29
8178,2020-04-05 18:00:00+00:00,0.0,,uppsala,5f9fe38afd517828962fde29
8179,2020-04-05 19:00:00+00:00,0.0,,uppsala,5f9fe38afd517828962fde29
8180,2020-04-05 20:00:00+00:00,0.0,,uppsala,5f9fe38afd517828962fde29
8181,2020-04-05 21:00:00+00:00,0.0,,uppsala,5f9fe38afd517828962fde29
8182,2020-04-05 22:00:00+00:00,0.0,,uppsala,5f9fe38afd517828962fde29
8183,2020-04-05 23:00:00+00:00,0.0,,uppsala,5f9fe38afd517828962fde29
8184,2020-04-06 00:00:00+00:00,0.0,,uppsala,5f9fe38afd517828962fde29
8185,2020-04-06 01:00:00+00:00,0.0,,uppsala,5f9fe38afd517828962fde29
8186,2020-04-06 02:00:00+00:00,0.0,,uppsala,5f9fe38afd517828962fde29
8187,2020-04-06 03:00:00+00:00,0.0,,uppsala,5f9fe38afd517828962fde29
8188,2020-04-06 04:00:00+00:00,0.0,,uppsala,5f9fe38afd517828962fde29
8189,2020-04-06 05:00:00+00:00,201.5,,uppsala,5f9fe38afd517828962fde29
8190,2020-04-06 06:00:00+00:00,383.7,,uppsala,5f9fe38afd517828962fde29
8191,2020-04-06 07:00:00+00:00,6.3,,uppsala,5f9fe38afd517828962fde29
8192,2020-04-06 08:00:00+00:00,81.7,,uppsala,5f9fe38afd517828962fde29
8193,2020-04-06 09:00:00+00:00,717.9,,uppsala,5f9fe38afd517828962fde29
8194,2020-04-06 10:00:00+00:00,362.4,,uppsala,5f9fe38afd517828962fde29
8195,2020-04-06 11:00:00+00:00,862.1,,uppsala,5f9fe38afd517828962fde29
8196,2020-04-06 12:00:00+00:00,869.2,,uppsala,5f9fe38afd517828962fde29
8197,2020-04-06 13:00:00+00:00,844.2,,uppsala,5f9fe38afd517828962fde29
8198,2020-04-06 14:00:00+00:00,797.3,,uppsala,5f9fe38afd517828962fde29
8199,2020-04-06 15:00:00+00:00,677.4,,uppsala,5f9fe38afd517828962fde29
8200,2020-04-06 16:00:00+00:00,508.0,,uppsala,5f9fe38afd517828962fde29
8201,2020-04-06 17:00:00+00:00,218.3,,uppsala,5f9fe38afd517828962fde29
8202,2020-04-06 18:00:00+00:00,0.0,,uppsala,5f9fe38afd517828962fde29
8203,2020-04-06 19:00:00+00:00,0.0,,uppsala,5f9fe38afd517828962fde29
8204,2020-04-06 20:00:00+00:00,0.0,,uppsala,5f9fe38afd517828962fde29
8205,2020-04-06 21:00:00+00:00,0.0,,uppsala,5f9fe38afd517828962fde29
8206,2020-04-06 22:00:00+00:00,0.0,,uppsala,5f9fe38afd517828962fde29
8207,2020-04-06 23:00:00+00:00,0.0,,uppsala,5f9fe38afd517828962fde29
8208,2020-04-07 00:00:00+00:00,0.0,,uppsala,5f9fe38afd517828962fde29
8209,2020-04-07 01:00:00+00:00,0.0,,uppsala,5f9fe38afd517828962fde29
8210,2020-04-07 02:00:00+00:00,0.0,,uppsala,5f9fe38afd517828962fde29
8211,2020-04-07 03:00:00+00:00,0.0,,uppsala,5f9fe38afd517828962fde29
8212,2020-04-07 04:00:00+00:00,0.0,,uppsala,5f9fe38afd517828962fde29
8213,2020-04-07 05:00:00+00:00,339.0,,uppsala,5f9fe38afd517828962fde29
8214,2020-04-07 06:00:00+00:00,562.3,,uppsala,5f9fe38afd517828962fde29
8215,2020-04-07 07:00:00+00:00,667.3,,uppsala,5f9fe38afd517828962fde29
8216,2020-04-07 08:00:00+00:00,244.7,,uppsala,5f9fe38afd517828962fde29
8217,2020-04-07 09:00:00+00:00,8.0,,uppsala,5f9fe38afd517828962fde29
8218,2020-04-07 10:00:00+00:00,15.0,,uppsala,5f9fe38afd517828962fde29
8219,2020-04-07 11:00:00+00:00,9.4,,uppsala,5f9fe38afd517828962fde29
8220,2020-04-07 12:00:00+00:00,14.0,,uppsala,5f9fe38afd517828962fde29
8221,2020-04-07 13:00:00+00:00,9.4,,uppsala,5f9fe38afd517828962fde29
8222,2020-04-07 14:00:00+00:00,124.8,,uppsala,5f9fe38afd517828962fde29
8223,2020-04-07 15:00:00+00:00,734.3,,uppsala,5f9fe38afd517828962fde29
8224,2020-04-07 16:00:00+00:00,612.2,,uppsala,5f9fe38afd517828962fde29
8225,2020-04-07 17:00:00+00:00,346.8,,uppsala,5f9fe38afd517828962fde29
8226,2020-04-07 18:00:00+00:00,0.0,,uppsala,5f9fe38afd517828962fde29
8227,2020-04-07 19:00:00+00:00,0.0,,uppsala,5f9fe38afd517828962fde29
8228,2020-04-07 20:00:00+00:00,0.0,,uppsala,5f9fe38afd517828962fde29
8229,2020-04-07 21:00:00+00:00,0.0,,uppsala,5f9fe38afd517828962fde29
8230,2020-04-07 22:00:00+00:00,0.0,,uppsala,5f9fe38afd517828962fde29
8231,2020-04-07 23:00:00+00:00,0.0,,uppsala,5f9fe38afd517828962fde29
8232,2020-04-08 00:00:00+00:00,0.0,,uppsala,5f9fe38afd517828962fde29
8233,2020-04-08 01:00:00+00:00,0.0,,uppsala,5f9fe38afd517828962fde29
8234,2020-04-08 02:00:00+00:00,0.0,,uppsala,5f9fe38afd517828962fde29
8235,2020-04-08 03:00:00+00:00,0.0,,uppsala,5f9fe38afd517828962fde29
8236,2020-04-08 04:00:00+00:00,1.2,,uppsala,5f9fe38afd517828962fde29
8237,2020-04-08 05:00:00+00:00,20.4,,uppsala,5f9fe38afd517828962fde29
8238,2020-04-08 06:00:00+00:00,543.3,,uppsala,5f9fe38afd517828962fde29
8239,2020-04-08 07:00:00+00:00,65.5,,uppsala,5f9fe38afd517828962fde29
8240,2020-04-08 08:00:00+00:00,593.9,,uppsala,5f9fe38afd517828962fde29
8241,2020-04-08 09:00:00+00:00,516.0,,uppsala,5f9fe38afd517828962fde29
8242,2020-04-08 10:00:00+00:00,75.2,,uppsala,5f9fe38afd517828962fde29
8243,2020-04-08 11:00:00+00:00,100.2,,uppsala,5f9fe38afd517828962fde29
8244,2020-04-08 12:00:00+00:00,71.7,,uppsala,5f9fe38afd517828962fde29
8245,2020-04-08 13:00:00+00:00,776.8,,uppsala,5f9fe38afd517828962fde29
8246,2020-04-08 14:00:00+00:00,366.4,,uppsala,5f9fe38afd517828962fde29
8247,2020-04-08 15:00:00+00:00,14.6,,uppsala,5f9fe38afd517828962fde29
8248,2020-04-08 16:00:00+00:00,225.9,,uppsala,5f9fe38afd517828962fde29
8249,2020-04-08 17:00:00+00:00,20.1,,uppsala,5f9fe38afd517828962fde29
8250,2020-04-08 18:00:00+00:00,0.0,,uppsala,5f9fe38afd517828962fde29
8251,2020-04-08 19:00:00+00:00,0.0,,uppsala,5f9fe38afd517828962fde29
8252,2020-04-08 20:00:00+00:00,0.0,,uppsala,5f9fe38afd517828962fde29
8253,2020-04-08 21:00:00+00:00,0.0,,uppsala,5f9fe38afd517828962fde29
8254,2020-04-08 22:00:00+00:00,0.0,,uppsala,5f9fe38afd517828962fde29
8255,2020-04-08 23:00:00+00:00,0.0,,uppsala,5f9fe38afd517828962fde29
8256,2020-04-09 00:00:00+00:00,0.0,,uppsala,5f9fe38afd517828962fde29
8257,2020-04-09 01:00:00+00:00,0.0,,uppsala,5f9fe38afd517828962fde29
8258,2020-04-09 02:00:00+00:00,0.0,,uppsala,5f9fe38afd517828962fde29
8259,2020-04-09 03:00:00+00:00,0.0,,uppsala,5f9fe38afd517828962fde29
8260,2020-04-09 04:00:00+00:00,24.0,,uppsala,5f9fe38afd517828962fde29
8261,2020-04-09 05:00:00+00:00,454.3,,uppsala,5f9fe38afd517828962fde29
8262,2020-04-09 06:00:00+00:00,683.6,,uppsala,5f9fe38afd517828962fde29
8263,2020-04-09 07:00:00+00:00,785.5,,uppsala,5f9fe38afd517828962fde29
8264,2020-04-09 08:00:00+00:00,840.8,,uppsala,5f9fe38afd517828962fde29
8265,2020-04-09 09:00:00+00:00,879.0,,uppsala,5f9fe38afd517828962fde29
8266,2020-04-09 10:00:00+00:00,885.3,,uppsala,5f9fe38afd517828962fde29
8267,2020-04-09 11:00:00+00:00,844.4,,uppsala,5f9fe38afd517828962fde29
8268,2020-04-09 12:00:00+00:00,11.9,,uppsala,5f9fe38afd517828962fde29
8269,2020-04-09 13:00:00+00:00,532.0,,uppsala,5f9fe38afd517828962fde29
8270,2020-04-09 14:00:00+00:00,346.7,,uppsala,5f9fe38afd517828962fde29
8271,2020-04-09 15:00:00+00:00,193.8,,uppsala,5f9fe38afd517828962fde29
8272,2020-04-09 16:00:00+00:00,503.6,,uppsala,5f9fe38afd517828962fde29
8273,2020-04-09 17:00:00+00:00,371.6,,uppsala,5f9fe38afd517828962fde29
8274,2020-04-09 18:00:00+00:00,0.0,,uppsala,5f9fe38afd517828962fde29
8275,2020-04-09 19:00:00+00:00,0.0,,uppsala,5f9fe38afd517828962fde29
8276,2020-04-09 20:00:00+00:00,0.0,,uppsala,5f9fe38afd517828962fde29
8277,2020-04-09 21:00:00+00:00,0.0,,uppsala,5f9fe38afd517828962fde29
8278,2020-04-09 22:00:00+00:00,0.0,,uppsala,5f9fe38afd517828962fde29
8279,2020-04-09 23:00:00+00:00,0.0,,uppsala,5f9fe38afd517828962fde29
8280,2020-04-10 00:00:00+00:00,0.0,,uppsala,5f9fe38afd517828962fde29
8281,2020-04-10 01:00:00+00:00,0.0,,uppsala,5f9fe38afd517828962fde29
8282,2020-04-10 02:00:00+00:00,0.0,,uppsala,5f9fe38afd517828962fde29
8283,2020-04-10 03:00:00+00:00,0.0,,uppsala,5f9fe38afd517828962fde29
8284,2020-04-10 04:00:00+00:00,0.0,,uppsala,5f9fe38afd517828962fde29
8285,2020-04-10 05:00:00+00:00,0.0,,uppsala,5f9fe38afd517828962fde29
8286,2020-04-10 06:00:00+00:00,1.2,,uppsala,5f9fe38afd517828962fde29
8287,2020-04-10 07:00:00+00:00,572.1,,uppsala,5f9fe38afd517828962fde29
8288,2020-04-10 08:00:00+00:00,415.3,,uppsala,5f9fe38afd517828962fde29
8289,2020-04-10 09:00:00+00:00,717.6,,uppsala,5f9fe38afd517828962fde29
8290,2020-04-10 10:00:00+00:00,720.6,,uppsala,5f9fe38afd517828962fde29
8291,2020-04-10 11:00:00+00:00,298.9,,uppsala,5f9fe38afd517828962fde29
8292,2020-04-10 12:00:00+00:00,38.8,,uppsala,5f9fe38afd517828962fde29
8293,2020-04-10 13:00:00+00:00,20.1,,uppsala,5f9fe38afd517828962fde29
8294,2020-04-10 14:00:00+00:00,7.7,,uppsala,5f9fe38afd517828962fde29
8295,2020-04-10 15:00:00+00:00,347.1,,uppsala,5f9fe38afd517828962fde29
8296,2020-04-10 16:00:00+00:00,1.5,,uppsala,5f9fe38afd517828962fde29
8297,2020-04-10 17:00:00+00:00,0.0,,uppsala,5f9fe38afd517828962fde29
8298,2020-04-10 18:00:00+00:00,0.0,,uppsala,5f9fe38afd517828962fde29
8299,2020-04-10 19:00:00+00:00,0.0,,uppsala,5f9fe38afd517828962fde29
8300,2020-04-10 20:00:00+00:00,0.0,,uppsala,5f9fe38afd517828962fde29
8301,2020-04-10 21:00:00+00:00,0.0,,uppsala,5f9fe38afd517828962fde29
8302,2020-04-10 22:00:00+00:00,0.0,,uppsala,5f9fe38afd517828962fde29
8303,2020-04-10 23:00:00+00:00,0.0,,uppsala,5f9fe38afd517828962fde29
8304,2020-04-11 00:00:00+00:00,0.0,,uppsala,5f9fe38afd517828962fde29
8305,2020-04-11 01:00:00+00:00,0.0,,uppsala,5f9fe38afd517828962fde29
8306,2020-04-11 02:00:00+00:00,0.0,,uppsala,5f9fe38afd517828962fde29
8307,2020-04-11 03:00:00+00:00,0.0,,uppsala,5f9fe38afd517828962fde29
8308,2020-04-11 04:00:00+00:00,101.8,,uppsala,5f9fe38afd517828962fde29
8309,2020-04-11 05:00:00+00:00,521.8,,uppsala,5f9fe38afd517828962fde29
8310,2020-04-11 06:00:00+00:00,711.8,,uppsala,5f9fe38afd517828962fde29
8311,2020-04-11 07:00:00+00:00,817.3,,uppsala,5f9fe38afd517828962fde29
8312,2020-04-11 08:00:00+00:00,867.4,,uppsala,5f9fe38afd517828962fde29
8313,2020-04-11 09:00:00+00:00,888.5,,uppsala,5f9fe38afd517828962fde29
8314,2020-04-11 10:00:00+00:00,884.0,,uppsala,5f9fe38afd517828962fde29
8315,2020-04-11 11:00:00+00:00,801.9,,uppsala,5f9fe38afd517828962fde29
8316,2020-04-11 12:00:00+00:00,443.9,,uppsala,5f9fe38afd517828962fde29
8317,2020-04-11 13:00:00+00:00,139.2,,uppsala,5f9fe38afd517828962fde29
8318,2020-04-11 14:00:00+00:00,55.8,,uppsala,5f9fe38afd517828962fde29
8319,2020-04-11 15:00:00+00:00,2.5,,uppsala,5f9fe38afd517828962fde29
8320,2020-04-11 16:00:00+00:00,0.0,,uppsala,5f9fe38afd517828962fde29
8321,2020-04-11 17:00:00+00:00,3.3,,uppsala,5f9fe38afd517828962fde29
8322,2020-04-11 18:00:00+00:00,0.0,,uppsala,5f9fe38afd517828962fde29
8323,2020-04-11 19:00:00+00:00,0.0,,uppsala,5f9fe38afd517828962fde29
8324,2020-04-11 20:00:00+00:00,0.0,,uppsala,5f9fe38afd517828962fde29
8325,2020-04-11 21:00:00+00:00,0.0,,uppsala,5f9fe38afd517828962fde29
8326,2020-04-11 22:00:00+00:00,0.0,,uppsala,5f9fe38afd517828962fde29
8327,2020-04-11 23:00:00+00:00,0.0,,uppsala,5f9fe38afd517828962fde29
8328,2020-04-12 00:00:00+00:00,0.0,,uppsala,5f9fe38afd517828962fde29
8329,2020-04-12 01:00:00+00:00,0.0,,uppsala,5f9fe38afd517828962fde29
8330,2020-04-12 02:00:00+00:00,0.0,,uppsala,5f9fe38afd517828962fde29
8331,2020-04-12 03:00:00+00:00,0.0,,uppsala,5f9fe38afd517828962fde29
8332,2020-04-12 04:00:00+00:00,0.0,,uppsala,5f9fe38afd517828962fde29
8333,2020-04-12 05:00:00+00:00,0.0,,uppsala,5f9fe38afd517828962fde29
8334,2020-04-12 06:00:00+00:00,2.0,,uppsala,5f9fe38afd517828962fde29
8335,2020-04-12 07:00:00+00:00,5.6,,uppsala,5f9fe38afd517828962fde29
8336,2020-04-12 08:00:00+00:00,7.9,,uppsala,5f9fe38afd517828962fde29
8337,2020-04-12 09:00:00+00:00,9.1,,uppsala,5f9fe38afd517828962fde29
8338,2020-04-12 10:00:00+00:00,9.6,,uppsala,5f9fe38afd517828962fde29
8339,2020-04-12 11:00:00+00:00,9.5,,uppsala,5f9fe38afd517828962fde29
8340,2020-04-12 12:00:00+00:00,9.5,,uppsala,5f9fe38afd517828962fde29
8341,2020-04-12 13:00:00+00:00,8.7,,uppsala,5f9fe38afd517828962fde29
8342,2020-04-12 14:00:00+00:00,107.5,,uppsala,5f9fe38afd517828962fde29
8343,2020-04-12 15:00:00+00:00,16.0,,uppsala,5f9fe38afd517828962fde29
8344,2020-04-12 16:00:00+00:00,574.6,,uppsala,5f9fe38afd517828962fde29
8345,2020-04-12 17:00:00+00:00,380.1,,uppsala,5f9fe38afd517828962fde29
8346,2020-04-12 18:00:00+00:00,0.0,,uppsala,5f9fe38afd517828962fde29
8347,2020-04-12 19:00:00+00:00,0.0,,uppsala,5f9fe38afd517828962fde29
8348,2020-04-12 20:00:00+00:00,0.0,,uppsala,5f9fe38afd517828962fde29
8349,2020-04-12 21:00:00+00:00,0.0,,uppsala,5f9fe38afd517828962fde29
8350,2020-04-12 22:00:00+00:00,0.0,,uppsala,5f9fe38afd517828962fde29
8351,2020-04-12 23:00:00+00:00,0.0,,uppsala,5f9fe38afd517828962fde29
8352,2020-04-13 00:00:00+00:00,0.0,,uppsala,5f9fe38afd517828962fde29
8353,2020-04-13 01:00:00+00:00,0.0,,uppsala,5f9fe38afd517828962fde29
8354,2020-04-13 02:00:00+00:00,0.0,,uppsala,5f9fe38afd517828962fde29
8355,2020-04-13 03:00:00+00:00,0.0,,uppsala,5f9fe38afd517828962fde29
8356,2020-04-13 04:00:00+00:00,0.0,,uppsala,5f9fe38afd517828962fde29
8357,2020-04-13 05:00:00+00:00,36.3,,uppsala,5f9fe38afd517828962fde29
8358,2020-04-13 06:00:00+00:00,90.1,,uppsala,5f9fe38afd517828962fde29
8359,2020-04-13 07:00:00+00:00,687.2,,uppsala,5f9fe38afd517828962fde29
8360,2020-04-13 08:00:00+00:00,139.3,,uppsala,5f9fe38afd517828962fde29
8361,2020-04-13 09:00:00+00:00,815.4,,uppsala,5f9fe38afd517828962fde29
8362,2020-04-13 10:00:00+00:00,128.4,,uppsala,5f9fe38afd517828962fde29
8363,2020-04-13 11:00:00+00:00,12.8,,uppsala,5f9fe38afd517828962fde29
8364,2020-04-13 12:00:00+00:00,130.7,,uppsala,5f9fe38afd517828962fde29
8365,2020-04-13 13:00:00+00:00,131.3,,uppsala,5f9fe38afd517828962fde29
8366,2020-04-13 14:00:00+00:00,310.5,,uppsala,5f9fe38afd517828962fde29
8367,2020-04-13 15:00:00+00:00,316.1,,uppsala,5f9fe38afd517828962fde29
8368,2020-04-13 16:00:00+00:00,46.5,,uppsala,5f9fe38afd517828962fde29
8369,2020-04-13 17:00:00+00:00,158.7,,uppsala,5f9fe38afd517828962fde29
8370,2020-04-13 18:00:00+00:00,0.0,,uppsala,5f9fe38afd517828962fde29
8371,2020-04-13 19:00:00+00:00,0.0,,uppsala,5f9fe38afd517828962fde29
8372,2020-04-13 20:00:00+00:00,0.0,,uppsala,5f9fe38afd517828962fde29
8373,2020-04-13 21:00:00+00:00,0.0,,uppsala,5f9fe38afd517828962fde29
8374,2020-04-13 22:00:00+00:00,0.0,,uppsala,5f9fe38afd517828962fde29
8375,2020-04-13 23:00:00+00:00,0.0,,uppsala,5f9fe38afd517828962fde29
8376,2020-04-14 00:00:00+00:00,0.0,,uppsala,5f9fe38afd517828962fde29
8377,2020-04-14 01:00:00+00:00,0.0,,uppsala,5f9fe38afd517828962fde29
8378,2020-04-14 02:00:00+00:00,0.0,,uppsala,5f9fe38afd517828962fde29
8379,2020-04-14 03:00:00+00:00,0.0,,uppsala,5f9fe38afd517828962fde29
8380,2020-04-14 04:00:00+00:00,99.6,,uppsala,5f9fe38afd517828962fde29
8381,2020-04-14 05:00:00+00:00,532.2,,uppsala,5f9fe38afd517828962fde29
8382,2020-04-14 06:00:00+00:00,368.7,,uppsala,5f9fe38afd517828962fde29
8383,2020-04-14 07:00:00+00:00,459.2,,uppsala,5f9fe38afd517828962fde29
8384,2020-04-14 08:00:00+00:00,746.1,,uppsala,5f9fe38afd517828962fde29
8385,2020-04-14 09:00:00+00:00,12.2,,uppsala,5f9fe38afd517828962fde29
8386,2020-04-14 10:00:00+00:00,63.3,,uppsala,5f9fe38afd517828962fde29
8387,2020-04-14 11:00:00+00:00,92.8,,uppsala,5f9fe38afd517828962fde29
8388,2020-04-14 12:00:00+00:00,765.6,,uppsala,5f9fe38afd517828962fde29
8389,2020-04-14 13:00:00+00:00,404.7,,uppsala,5f9fe38afd517828962fde29
8390,2020-04-14 14:00:00+00:00,66.1,,uppsala,5f9fe38afd517828962fde29
8391,2020-04-14 15:00:00+00:00,25.2,,uppsala,5f9fe38afd517828962fde29
8392,2020-04-14 16:00:00+00:00,5.7,,uppsala,5f9fe38afd517828962fde29
8393,2020-04-14 17:00:00+00:00,11.2,,uppsala,5f9fe38afd517828962fde29
8394,2020-04-14 18:00:00+00:00,0.0,,uppsala,5f9fe38afd517828962fde29
8395,2020-04-14 19:00:00+00:00,0.0,,uppsala,5f9fe38afd517828962fde29
8396,2020-04-14 20:00:00+00:00,0.0,,uppsala,5f9fe38afd517828962fde29
8397,2020-04-14 21:00:00+00:00,0.0,,uppsala,5f9fe38afd517828962fde29
8398,2020-04-14 22:00:00+00:00,0.0,,uppsala,5f9fe38afd517828962fde29
8399,2020-04-14 23:00:00+00:00,0.0,,uppsala,5f9fe38afd517828962fde29
8400,2020-04-15 00:00:00+00:00,0.0,,uppsala,5f9fe38afd517828962fde29
8401,2020-04-15 01:00:00+00:00,0.0,,uppsala,5f9fe38afd517828962fde29
8402,2020-04-15 02:00:00+00:00,0.0,,uppsala,5f9fe38afd517828962fde29
8403,2020-04-15 03:00:00+00:00,0.0,,uppsala,5f9fe38afd517828962fde29
8404,2020-04-15 04:00:00+00:00,0.0,,uppsala,5f9fe38afd517828962fde29
8405,2020-04-15 05:00:00+00:00,13.1,,uppsala,5f9fe38afd517828962fde29
8406,2020-04-15 06:00:00+00:00,15.5,,uppsala,5f9fe38afd517828962fde29
8407,2020-04-15 07:00:00+00:00,72.3,,uppsala,5f9fe38afd517828962fde29
8408,2020-04-15 08:00:00+00:00,558.2,,uppsala,5f9fe38afd517828962fde29
8409,2020-04-15 09:00:00+00:00,834.2,,uppsala,5f9fe38afd517828962fde29
8410,2020-04-15 10:00:00+00:00,863.4,,uppsala,5f9fe38afd517828962fde29
8411,2020-04-15 11:00:00+00:00,808.0,,uppsala,5f9fe38afd517828962fde29
8412,2020-04-15 12:00:00+00:00,17.0,,uppsala,5f9fe38afd517828962fde29
8413,2020-04-15 13:00:00+00:00,35.2,,uppsala,5f9fe38afd517828962fde29
8414,2020-04-15 14:00:00+00:00,31.5,,uppsala,5f9fe38afd517828962fde29
8415,2020-04-15 15:00:00+00:00,6.9,,uppsala,5f9fe38afd517828962fde29
8416,2020-04-15 16:00:00+00:00,0.7000000000000001,,uppsala,5f9fe38afd517828962fde29
8417,2020-04-15 17:00:00+00:00,0.0,,uppsala,5f9fe38afd517828962fde29
8418,2020-04-15 18:00:00+00:00,0.0,,uppsala,5f9fe38afd517828962fde29
8419,2020-04-15 19:00:00+00:00,0.0,,uppsala,5f9fe38afd517828962fde29
8420,2020-04-15 20:00:00+00:00,0.0,,uppsala,5f9fe38afd517828962fde29
8421,2020-04-15 21:00:00+00:00,0.0,,uppsala,5f9fe38afd517828962fde29
8422,2020-04-15 22:00:00+00:00,0.0,,uppsala,5f9fe38afd517828962fde29
8423,2020-04-15 23:00:00+00:00,0.0,,uppsala,5f9fe38afd517828962fde29
8424,2020-04-16 00:00:00+00:00,0.0,,uppsala,5f9fe38afd517828962fde29
8425,2020-04-16 01:00:00+00:00,0.0,,uppsala,5f9fe38afd517828962fde29
8426,2020-04-16 02:00:00+00:00,0.0,,uppsala,5f9fe38afd517828962fde29
8427,2020-04-16 03:00:00+00:00,0.0,,uppsala,5f9fe38afd517828962fde29
8428,2020-04-16 04:00:00+00:00,223.6,,uppsala,5f9fe38afd517828962fde29
8429,2020-04-16 05:00:00+00:00,555.1,,uppsala,5f9fe38afd517828962fde29
8430,2020-04-16 06:00:00+00:00,712.5,,uppsala,5f9fe38afd517828962fde29
8431,2020-04-16 07:00:00+00:00,811.5,,uppsala,5f9fe38afd517828962fde29
8432,2020-04-16 08:00:00+00:00,862.9,,uppsala,5f9fe38afd517828962fde29
8433,2020-04-16 09:00:00+00:00,882.7,,uppsala,5f9fe38afd517828962fde29
8434,2020-04-16 10:00:00+00:00,914.2,,uppsala,5f9fe38afd517828962fde29
8435,2020-04-16 11:00:00+00:00,804.5,,uppsala,5f9fe38afd517828962fde29
8436,2020-04-16 12:00:00+00:00,906.5,,uppsala,5f9fe38afd517828962fde29
8437,2020-04-16 13:00:00+00:00,110.0,,uppsala,5f9fe38afd517828962fde29
8438,2020-04-16 14:00:00+00:00,169.5,,uppsala,5f9fe38afd517828962fde29
8439,2020-04-16 15:00:00+00:00,219.0,,uppsala,5f9fe38afd517828962fde29
8440,2020-04-16 16:00:00+00:00,101.5,,uppsala,5f9fe38afd517828962fde29
8441,2020-04-16 17:00:00+00:00,398.6,,uppsala,5f9fe38afd517828962fde29
8442,2020-04-16 18:00:00+00:00,1.2,,uppsala,5f9fe38afd517828962fde29
8443,2020-04-16 19:00:00+00:00,0.0,,uppsala,5f9fe38afd517828962fde29
8444,2020-04-16 20:00:00+00:00,0.0,,uppsala,5f9fe38afd517828962fde29
8445,2020-04-16 21:00:00+00:00,0.0,,uppsala,5f9fe38afd517828962fde29
8446,2020-04-16 22:00:00+00:00,0.0,,uppsala,5f9fe38afd517828962fde29
8447,2020-04-16 23:00:00+00:00,0.0,,uppsala,5f9fe38afd517828962fde29
8448,2020-04-17 00:00:00+00:00,0.0,,uppsala,5f9fe38afd517828962fde29
8449,2020-04-17 01:00:00+00:00,0.0,,uppsala,5f9fe38afd517828962fde29
8450,2020-04-17 02:00:00+00:00,0.0,,uppsala,5f9fe38afd517828962fde29
8451,2020-04-17 03:00:00+00:00,0.0,,uppsala,5f9fe38afd517828962fde29
8452,2020-04-17 04:00:00+00:00,240.0,,uppsala,5f9fe38afd517828962fde29
8453,2020-04-17 05:00:00+00:00,575.1,,uppsala,5f9fe38afd517828962fde29
8454,2020-04-17 06:00:00+00:00,739.9,,uppsala,5f9fe38afd517828962fde29
8455,2020-04-17 07:00:00+00:00,828.7,,uppsala,5f9fe38afd517828962fde29
8456,2020-04-17 08:00:00+00:00,881.3,,uppsala,5f9fe38afd517828962fde29
8457,2020-04-17 09:00:00+00:00,907.3,,uppsala,5f9fe38afd517828962fde29
8458,2020-04-17 10:00:00+00:00,430.6,,uppsala,5f9fe38afd517828962fde29
8459,2020-04-17 11:00:00+00:00,208.1,,uppsala,5f9fe38afd517828962fde29
8460,2020-04-17 12:00:00+00:00,341.0,,uppsala,5f9fe38afd517828962fde29
8461,2020-04-17 13:00:00+00:00,93.9,,uppsala,5f9fe38afd517828962fde29
8462,2020-04-17 14:00:00+00:00,125.8,,uppsala,5f9fe38afd517828962fde29
8463,2020-04-17 15:00:00+00:00,97.5,,uppsala,5f9fe38afd517828962fde29
8464,2020-04-17 16:00:00+00:00,130.7,,uppsala,5f9fe38afd517828962fde29
8465,2020-04-17 17:00:00+00:00,248.2,,uppsala,5f9fe38afd517828962fde29
8466,2020-04-17 18:00:00+00:00,1.1,,uppsala,5f9fe38afd517828962fde29
8467,2020-04-17 19:00:00+00:00,0.0,,uppsala,5f9fe38afd517828962fde29
8468,2020-04-17 20:00:00+00:00,0.0,,uppsala,5f9fe38afd517828962fde29
8469,2020-04-17 21:00:00+00:00,0.0,,uppsala,5f9fe38afd517828962fde29
8470,2020-04-17 22:00:00+00:00,0.0,,uppsala,5f9fe38afd517828962fde29
8471,2020-04-17 23:00:00+00:00,0.0,,uppsala,5f9fe38afd517828962fde29
8472,2020-04-18 00:00:00+00:00,0.0,,uppsala,5f9fe38afd517828962fde29
8473,2020-04-18 01:00:00+00:00,0.0,,uppsala,5f9fe38afd517828962fde29
8474,2020-04-18 02:00:00+00:00,0.0,,uppsala,5f9fe38afd517828962fde29
8475,2020-04-18 03:00:00+00:00,0.0,,uppsala,5f9fe38afd517828962fde29
8476,2020-04-18 04:00:00+00:00,226.7,,uppsala,5f9fe38afd517828962fde29
8477,2020-04-18 05:00:00+00:00,534.9,,uppsala,5f9fe38afd517828962fde29
8478,2020-04-18 06:00:00+00:00,699.3,,uppsala,5f9fe38afd517828962fde29
8479,2020-04-18 07:00:00+00:00,751.1,,uppsala,5f9fe38afd517828962fde29
8480,2020-04-18 08:00:00+00:00,11.9,,uppsala,5f9fe38afd517828962fde29
8481,2020-04-18 09:00:00+00:00,251.2,,uppsala,5f9fe38afd517828962fde29
8482,2020-04-18 10:00:00+00:00,361.9,,uppsala,5f9fe38afd517828962fde29
8483,2020-04-18 11:00:00+00:00,556.0,,uppsala,5f9fe38afd517828962fde29
8484,2020-04-18 12:00:00+00:00,149.9,,uppsala,5f9fe38afd517828962fde29
8485,2020-04-18 13:00:00+00:00,521.5,,uppsala,5f9fe38afd517828962fde29
8486,2020-04-18 14:00:00+00:00,33.4,,uppsala,5f9fe38afd517828962fde29
8487,2020-04-18 15:00:00+00:00,340.1,,uppsala,5f9fe38afd517828962fde29
8488,2020-04-18 16:00:00+00:00,7.3,,uppsala,5f9fe38afd517828962fde29
8489,2020-04-18 17:00:00+00:00,33.7,,uppsala,5f9fe38afd517828962fde29
8490,2020-04-18 18:00:00+00:00,31.6,,uppsala,5f9fe38afd517828962fde29
8491,2020-04-18 19:00:00+00:00,0.0,,uppsala,5f9fe38afd517828962fde29
8492,2020-04-18 20:00:00+00:00,0.0,,uppsala,5f9fe38afd517828962fde29
8493,2020-04-18 21:00:00+00:00,0.0,,uppsala,5f9fe38afd517828962fde29
8494,2020-04-18 22:00:00+00:00,0.0,,uppsala,5f9fe38afd517828962fde29
8495,2020-04-18 23:00:00+00:00,0.0,,uppsala,5f9fe38afd517828962fde29
8496,2020-04-19 00:00:00+00:00,0.0,,uppsala,5f9fe38afd517828962fde29
8497,2020-04-19 01:00:00+00:00,0.0,,uppsala,5f9fe38afd517828962fde29
8498,2020-04-19 02:00:00+00:00,0.0,,uppsala,5f9fe38afd517828962fde29
8499,2020-04-19 03:00:00+00:00,0.0,,uppsala,5f9fe38afd517828962fde29
8500,2020-04-19 04:00:00+00:00,267.1,,uppsala,5f9fe38afd517828962fde29
8501,2020-04-19 05:00:00+00:00,578.3,,uppsala,5f9fe38afd517828962fde29
8502,2020-04-19 06:00:00+00:00,734.8,,uppsala,5f9fe38afd517828962fde29
8503,2020-04-19 07:00:00+00:00,826.3,,uppsala,5f9fe38afd517828962fde29
8504,2020-04-19 08:00:00+00:00,880.9,,uppsala,5f9fe38afd517828962fde29
8505,2020-04-19 09:00:00+00:00,906.5,,uppsala,5f9fe38afd517828962fde29
8506,2020-04-19 10:00:00+00:00,469.7,,uppsala,5f9fe38afd517828962fde29
8507,2020-04-19 11:00:00+00:00,292.1,,uppsala,5f9fe38afd517828962fde29
8508,2020-04-19 12:00:00+00:00,16.8,,uppsala,5f9fe38afd517828962fde29
8509,2020-04-19 13:00:00+00:00,11.1,,uppsala,5f9fe38afd517828962fde29
8510,2020-04-19 14:00:00+00:00,14.4,,uppsala,5f9fe38afd517828962fde29
8511,2020-04-19 15:00:00+00:00,126.1,,uppsala,5f9fe38afd517828962fde29
8512,2020-04-19 16:00:00+00:00,204.0,,uppsala,5f9fe38afd517828962fde29
8513,2020-04-19 17:00:00+00:00,221.3,,uppsala,5f9fe38afd517828962fde29
8514,2020-04-19 18:00:00+00:00,6.0,,uppsala,5f9fe38afd517828962fde29
8515,2020-04-19 19:00:00+00:00,0.0,,uppsala,5f9fe38afd517828962fde29
8516,2020-04-19 20:00:00+00:00,0.0,,uppsala,5f9fe38afd517828962fde29
8517,2020-04-19 21:00:00+00:00,0.0,,uppsala,5f9fe38afd517828962fde29
8518,2020-04-19 22:00:00+00:00,0.0,,uppsala,5f9fe38afd517828962fde29
8519,2020-04-19 23:00:00+00:00,0.0,,uppsala,5f9fe38afd517828962fde29
8520,2020-04-20 00:00:00+00:00,0.0,,uppsala,5f9fe38afd517828962fde29
8521,2020-04-20 01:00:00+00:00,0.0,,uppsala,5f9fe38afd517828962fde29
8522,2020-04-20 02:00:00+00:00,0.0,,uppsala,5f9fe38afd517828962fde29
8523,2020-04-20 03:00:00+00:00,0.0,,uppsala,5f9fe38afd517828962fde29
8524,2020-04-20 04:00:00+00:00,0.0,,uppsala,5f9fe38afd517828962fde29
8525,2020-04-20 05:00:00+00:00,3.1,,uppsala,5f9fe38afd517828962fde29
8526,2020-04-20 06:00:00+00:00,1.3,,uppsala,5f9fe38afd517828962fde29
8527,2020-04-20 07:00:00+00:00,4.7,,uppsala,5f9fe38afd517828962fde29
8528,2020-04-20 08:00:00+00:00,156.6,,uppsala,5f9fe38afd517828962fde29
8529,2020-04-20 09:00:00+00:00,596.6,,uppsala,5f9fe38afd517828962fde29
8530,2020-04-20 10:00:00+00:00,182.4,,uppsala,5f9fe38afd517828962fde29
8531,2020-04-20 11:00:00+00:00,123.0,,uppsala,5f9fe38afd517828962fde29
8532,2020-04-20 12:00:00+00:00,236.6,,uppsala,5f9fe38afd517828962fde29
8533,2020-04-20 13:00:00+00:00,77.2,,uppsala,5f9fe38afd517828962fde29
8534,2020-04-20 14:00:00+00:00,58.7,,uppsala,5f9fe38afd517828962fde29
8535,2020-04-20 15:00:00+00:00,676.3,,uppsala,5f9fe38afd517828962fde29
8536,2020-04-20 16:00:00+00:00,577.0,,uppsala,5f9fe38afd517828962fde29
8537,2020-04-20 17:00:00+00:00,463.4,,uppsala,5f9fe38afd517828962fde29
8538,2020-04-20 18:00:00+00:00,89.4,,uppsala,5f9fe38afd517828962fde29
8539,2020-04-20 19:00:00+00:00,0.0,,uppsala,5f9fe38afd517828962fde29
8540,2020-04-20 20:00:00+00:00,0.0,,uppsala,5f9fe38afd517828962fde29
8541,2020-04-20 21:00:00+00:00,0.0,,uppsala,5f9fe38afd517828962fde29
8542,2020-04-20 22:00:00+00:00,0.0,,uppsala,5f9fe38afd517828962fde29
8543,2020-04-20 23:00:00+00:00,0.0,,uppsala,5f9fe38afd517828962fde29
8544,2020-04-21 00:00:00+00:00,0.0,,uppsala,5f9fe38afd517828962fde29
8545,2020-04-21 01:00:00+00:00,0.0,,uppsala,5f9fe38afd517828962fde29
8546,2020-04-21 02:00:00+00:00,0.0,,uppsala,5f9fe38afd517828962fde29
8547,2020-04-21 03:00:00+00:00,0.0,,uppsala,5f9fe38afd517828962fde29
8548,2020-04-21 04:00:00+00:00,285.8,,uppsala,5f9fe38afd517828962fde29
8549,2020-04-21 05:00:00+00:00,587.2,,uppsala,5f9fe38afd517828962fde29
8550,2020-04-21 06:00:00+00:00,732.9,,uppsala,5f9fe38afd517828962fde29
8551,2020-04-21 07:00:00+00:00,816.8,,uppsala,5f9fe38afd517828962fde29
8552,2020-04-21 08:00:00+00:00,870.1,,uppsala,5f9fe38afd517828962fde29
8553,2020-04-21 09:00:00+00:00,903.0,,uppsala,5f9fe38afd517828962fde29
8554,2020-04-21 10:00:00+00:00,919.0,,uppsala,5f9fe38afd517828962fde29
8555,2020-04-21 11:00:00+00:00,922.7,,uppsala,5f9fe38afd517828962fde29
8556,2020-04-21 12:00:00+00:00,915.3,,uppsala,5f9fe38afd517828962fde29
8557,2020-04-21 13:00:00+00:00,893.4,,uppsala,5f9fe38afd517828962fde29
8558,2020-04-21 14:00:00+00:00,856.5,,uppsala,5f9fe38afd517828962fde29
8559,2020-04-21 15:00:00+00:00,815.2,,uppsala,5f9fe38afd517828962fde29
8560,2020-04-21 16:00:00+00:00,717.3,,uppsala,5f9fe38afd517828962fde29
8561,2020-04-21 17:00:00+00:00,510.8,,uppsala,5f9fe38afd517828962fde29
8562,2020-04-21 18:00:00+00:00,131.0,,uppsala,5f9fe38afd517828962fde29
8563,2020-04-21 19:00:00+00:00,0.0,,uppsala,5f9fe38afd517828962fde29
8564,2020-04-21 20:00:00+00:00,0.0,,uppsala,5f9fe38afd517828962fde29
8565,2020-04-21 21:00:00+00:00,0.0,,uppsala,5f9fe38afd517828962fde29
8566,2020-04-21 22:00:00+00:00,0.0,,uppsala,5f9fe38afd517828962fde29
8567,2020-04-21 23:00:00+00:00,0.0,,uppsala,5f9fe38afd517828962fde29
8568,2020-04-22 00:00:00+00:00,0.0,,uppsala,5f9fe38afd517828962fde29
8569,2020-04-22 01:00:00+00:00,0.0,,uppsala,5f9fe38afd517828962fde29
8570,2020-04-22 02:00:00+00:00,0.0,,uppsala,5f9fe38afd517828962fde29
8571,2020-04-22 03:00:00+00:00,0.0,,uppsala,5f9fe38afd517828962fde29
8572,2020-04-22 04:00:00+00:00,236.3,,uppsala,5f9fe38afd517828962fde29
8573,2020-04-22 05:00:00+00:00,528.4,,uppsala,5f9fe38afd517828962fde29
8574,2020-04-22 06:00:00+00:00,694.9,,uppsala,5f9fe38afd517828962fde29
8575,2020-04-22 07:00:00+00:00,796.1,,uppsala,5f9fe38afd517828962fde29
8576,2020-04-22 08:00:00+00:00,852.4,,uppsala,5f9fe38afd517828962fde29
8577,2020-04-22 09:00:00+00:00,876.3,,uppsala,5f9fe38afd517828962fde29
8578,2020-04-22 10:00:00+00:00,882.7,,uppsala,5f9fe38afd517828962fde29
8579,2020-04-22 11:00:00+00:00,876.5,,uppsala,5f9fe38afd517828962fde29
8580,2020-04-22 12:00:00+00:00,866.6,,uppsala,5f9fe38afd517828962fde29
8581,2020-04-22 13:00:00+00:00,841.5,,uppsala,5f9fe38afd517828962fde29
8582,2020-04-22 14:00:00+00:00,808.7,,uppsala,5f9fe38afd517828962fde29
8583,2020-04-22 15:00:00+00:00,768.7,,uppsala,5f9fe38afd517828962fde29
8584,2020-04-22 16:00:00+00:00,662.0,,uppsala,5f9fe38afd517828962fde29
8585,2020-04-22 17:00:00+00:00,449.7,,uppsala,5f9fe38afd517828962fde29
8586,2020-04-22 18:00:00+00:00,82.2,,uppsala,5f9fe38afd517828962fde29
8587,2020-04-22 19:00:00+00:00,0.0,,uppsala,5f9fe38afd517828962fde29
8588,2020-04-22 20:00:00+00:00,0.0,,uppsala,5f9fe38afd517828962fde29
8589,2020-04-22 21:00:00+00:00,0.0,,uppsala,5f9fe38afd517828962fde29
8590,2020-04-22 22:00:00+00:00,0.0,,uppsala,5f9fe38afd517828962fde29
8591,2020-04-22 23:00:00+00:00,0.0,,uppsala,5f9fe38afd517828962fde29
8592,2020-04-23 00:00:00+00:00,0.0,,uppsala,5f9fe38afd517828962fde29
8593,2020-04-23 01:00:00+00:00,0.0,,uppsala,5f9fe38afd517828962fde29
8594,2020-04-23 02:00:00+00:00,0.0,,uppsala,5f9fe38afd517828962fde29
8595,2020-04-23 03:00:00+00:00,0.0,,uppsala,5f9fe38afd517828962fde29
8596,2020-04-23 04:00:00+00:00,0.0,,uppsala,5f9fe38afd517828962fde29
8597,2020-04-23 05:00:00+00:00,441.1,,uppsala,5f9fe38afd517828962fde29
8598,2020-04-23 06:00:00+00:00,600.1,,uppsala,5f9fe38afd517828962fde29
8599,2020-04-23 07:00:00+00:00,697.8,,uppsala,5f9fe38afd517828962fde29
8600,2020-04-23 08:00:00+00:00,753.0,,uppsala,5f9fe38afd517828962fde29
8601,2020-04-23 09:00:00+00:00,792.1,,uppsala,5f9fe38afd517828962fde29
8602,2020-04-23 10:00:00+00:00,804.8,,uppsala,5f9fe38afd517828962fde29
8603,2020-04-23 11:00:00+00:00,809.3,,uppsala,5f9fe38afd517828962fde29
8604,2020-04-23 12:00:00+00:00,806.2,,uppsala,5f9fe38afd517828962fde29
8605,2020-04-23 13:00:00+00:00,776.4,,uppsala,5f9fe38afd517828962fde29
8606,2020-04-23 14:00:00+00:00,728.3,,uppsala,5f9fe38afd517828962fde29
8607,2020-04-23 15:00:00+00:00,833.7,,uppsala,5f9fe38afd517828962fde29
8608,2020-04-23 16:00:00+00:00,740.8,,uppsala,5f9fe38afd517828962fde29
8609,2020-04-23 17:00:00+00:00,547.3,,uppsala,5f9fe38afd517828962fde29
8610,2020-04-23 18:00:00+00:00,190.7,,uppsala,5f9fe38afd517828962fde29
8611,2020-04-23 19:00:00+00:00,0.0,,uppsala,5f9fe38afd517828962fde29
8612,2020-04-23 20:00:00+00:00,0.0,,uppsala,5f9fe38afd517828962fde29
8613,2020-04-23 21:00:00+00:00,0.0,,uppsala,5f9fe38afd517828962fde29
8614,2020-04-23 22:00:00+00:00,0.0,,uppsala,5f9fe38afd517828962fde29
8615,2020-04-23 23:00:00+00:00,0.0,,uppsala,5f9fe38afd517828962fde29
8616,2020-04-24 00:00:00+00:00,0.0,,uppsala,5f9fe38afd517828962fde29
8617,2020-04-24 01:00:00+00:00,0.0,,uppsala,5f9fe38afd517828962fde29
8618,2020-04-24 02:00:00+00:00,0.0,,uppsala,5f9fe38afd517828962fde29
8619,2020-04-24 03:00:00+00:00,0.0,,uppsala,5f9fe38afd517828962fde29
8620,2020-04-24 04:00:00+00:00,0.0,,uppsala,5f9fe38afd517828962fde29
8621,2020-04-24 05:00:00+00:00,0.0,,uppsala,5f9fe38afd517828962fde29
8622,2020-04-24 06:00:00+00:00,563.6,,uppsala,5f9fe38afd517828962fde29
8623,2020-04-24 07:00:00+00:00,708.1,,uppsala,5f9fe38afd517828962fde29
8624,2020-04-24 08:00:00+00:00,546.1,,uppsala,5f9fe38afd517828962fde29
8625,2020-04-24 09:00:00+00:00,19.3,,uppsala,5f9fe38afd517828962fde29
8626,2020-04-24 10:00:00+00:00,91.8,,uppsala,5f9fe38afd517828962fde29
8627,2020-04-24 11:00:00+00:00,646.3,,uppsala,5f9fe38afd517828962fde29
8628,2020-04-24 12:00:00+00:00,760.1,,uppsala,5f9fe38afd517828962fde29
8629,2020-04-24 13:00:00+00:00,355.2,,uppsala,5f9fe38afd517828962fde29
8630,2020-04-24 14:00:00+00:00,24.6,,uppsala,5f9fe38afd517828962fde29
8631,2020-04-24 15:00:00+00:00,7.7,,uppsala,5f9fe38afd517828962fde29
8632,2020-04-24 16:00:00+00:00,4.0,,uppsala,5f9fe38afd517828962fde29
8633,2020-04-24 17:00:00+00:00,0.0,,uppsala,5f9fe38afd517828962fde29
8634,2020-04-24 18:00:00+00:00,0.0,,uppsala,5f9fe38afd517828962fde29
8635,2020-04-24 19:00:00+00:00,0.0,,uppsala,5f9fe38afd517828962fde29
8636,2020-04-24 20:00:00+00:00,0.0,,uppsala,5f9fe38afd517828962fde29
8637,2020-04-24 21:00:00+00:00,0.0,,uppsala,5f9fe38afd517828962fde29
8638,2020-04-24 22:00:00+00:00,0.0,,uppsala,5f9fe38afd517828962fde29
8639,2020-04-24 23:00:00+00:00,0.0,,uppsala,5f9fe38afd517828962fde29
8640,2020-04-25 00:00:00+00:00,0.0,,uppsala,5f9fe38afd517828962fde29
8641,2020-04-25 01:00:00+00:00,0.0,,uppsala,5f9fe38afd517828962fde29
8642,2020-04-25 02:00:00+00:00,0.0,,uppsala,5f9fe38afd517828962fde29
8643,2020-04-25 03:00:00+00:00,0.0,,uppsala,5f9fe38afd517828962fde29
8644,2020-04-25 04:00:00+00:00,0.0,,uppsala,5f9fe38afd517828962fde29
8645,2020-04-25 05:00:00+00:00,0.0,,uppsala,5f9fe38afd517828962fde29
8646,2020-04-25 06:00:00+00:00,4.6,,uppsala,5f9fe38afd517828962fde29
8647,2020-04-25 07:00:00+00:00,214.8,,uppsala,5f9fe38afd517828962fde29
8648,2020-04-25 08:00:00+00:00,82.8,,uppsala,5f9fe38afd517828962fde29
8649,2020-04-25 09:00:00+00:00,11.3,,uppsala,5f9fe38afd517828962fde29
8650,2020-04-25 10:00:00+00:00,20.8,,uppsala,5f9fe38afd517828962fde29
8651,2020-04-25 11:00:00+00:00,430.0,,uppsala,5f9fe38afd517828962fde29
8652,2020-04-25 12:00:00+00:00,245.2,,uppsala,5f9fe38afd517828962fde29
8653,2020-04-25 13:00:00+00:00,317.6,,uppsala,5f9fe38afd517828962fde29
8654,2020-04-25 14:00:00+00:00,10.6,,uppsala,5f9fe38afd517828962fde29
8655,2020-04-25 15:00:00+00:00,5.8,,uppsala,5f9fe38afd517828962fde29
8656,2020-04-25 16:00:00+00:00,1.4,,uppsala,5f9fe38afd517828962fde29
8657,2020-04-25 17:00:00+00:00,0.0,,uppsala,5f9fe38afd517828962fde29
8658,2020-04-25 18:00:00+00:00,0.0,,uppsala,5f9fe38afd517828962fde29
8659,2020-04-25 19:00:00+00:00,0.0,,uppsala,5f9fe38afd517828962fde29
8660,2020-04-25 20:00:00+00:00,0.0,,uppsala,5f9fe38afd517828962fde29
8661,2020-04-25 21:00:00+00:00,0.0,,uppsala,5f9fe38afd517828962fde29
8662,2020-04-25 22:00:00+00:00,0.0,,uppsala,5f9fe38afd517828962fde29
8663,2020-04-25 23:00:00+00:00,0.0,,uppsala,5f9fe38afd517828962fde29
8664,2020-04-26 00:00:00+00:00,0.0,,uppsala,5f9fe38afd517828962fde29
8665,2020-04-26 01:00:00+00:00,0.0,,uppsala,5f9fe38afd517828962fde29
8666,2020-04-26 02:00:00+00:00,0.0,,uppsala,5f9fe38afd517828962fde29
8667,2020-04-26 03:00:00+00:00,0.0,,uppsala,5f9fe38afd517828962fde29
8668,2020-04-26 04:00:00+00:00,0.0,,uppsala,5f9fe38afd517828962fde29
8669,2020-04-26 05:00:00+00:00,2.1,,uppsala,5f9fe38afd517828962fde29
8670,2020-04-26 06:00:00+00:00,684.2,,uppsala,5f9fe38afd517828962fde29
8671,2020-04-26 07:00:00+00:00,762.3,,uppsala,5f9fe38afd517828962fde29
8672,2020-04-26 08:00:00+00:00,133.2,,uppsala,5f9fe38afd517828962fde29
8673,2020-04-26 09:00:00+00:00,136.9,,uppsala,5f9fe38afd517828962fde29
8674,2020-04-26 10:00:00+00:00,162.5,,uppsala,5f9fe38afd517828962fde29
8675,2020-04-26 11:00:00+00:00,452.5,,uppsala,5f9fe38afd517828962fde29
8676,2020-04-26 12:00:00+00:00,719.5,,uppsala,5f9fe38afd517828962fde29
8677,2020-04-26 13:00:00+00:00,599.6,,uppsala,5f9fe38afd517828962fde29
8678,2020-04-26 14:00:00+00:00,335.2,,uppsala,5f9fe38afd517828962fde29
8679,2020-04-26 15:00:00+00:00,375.2,,uppsala,5f9fe38afd517828962fde29
8680,2020-04-26 16:00:00+00:00,661.5,,uppsala,5f9fe38afd517828962fde29
8681,2020-04-26 17:00:00+00:00,508.4,,uppsala,5f9fe38afd517828962fde29
8682,2020-04-26 18:00:00+00:00,191.5,,uppsala,5f9fe38afd517828962fde29
8683,2020-04-26 19:00:00+00:00,0.0,,uppsala,5f9fe38afd517828962fde29
8684,2020-04-26 20:00:00+00:00,0.0,,uppsala,5f9fe38afd517828962fde29
8685,2020-04-26 21:00:00+00:00,0.0,,uppsala,5f9fe38afd517828962fde29
8686,2020-04-26 22:00:00+00:00,0.0,,uppsala,5f9fe38afd517828962fde29
8687,2020-04-26 23:00:00+00:00,0.0,,uppsala,5f9fe38afd517828962fde29
8688,2020-04-27 00:00:00+00:00,0.0,,uppsala,5f9fe38afd517828962fde29
8689,2020-04-27 01:00:00+00:00,0.0,,uppsala,5f9fe38afd517828962fde29
8690,2020-04-27 02:00:00+00:00,0.0,,uppsala,5f9fe38afd517828962fde29
8691,2020-04-27 03:00:00+00:00,0.0,,uppsala,5f9fe38afd517828962fde29
8692,2020-04-27 04:00:00+00:00,0.0,,uppsala,5f9fe38afd517828962fde29
8693,2020-04-27 05:00:00+00:00,450.1,,uppsala,5f9fe38afd517828962fde29
8694,2020-04-27 06:00:00+00:00,33.6,,uppsala,5f9fe38afd517828962fde29
8695,2020-04-27 07:00:00+00:00,475.8,,uppsala,5f9fe38afd517828962fde29
8696,2020-04-27 08:00:00+00:00,498.9,,uppsala,5f9fe38afd517828962fde29
8697,2020-04-27 09:00:00+00:00,334.2,,uppsala,5f9fe38afd517828962fde29
8698,2020-04-27 10:00:00+00:00,259.2,,uppsala,5f9fe38afd517828962fde29
8699,2020-04-27 11:00:00+00:00,11.3,,uppsala,5f9fe38afd517828962fde29
8700,2020-04-27 12:00:00+00:00,10.9,,uppsala,5f9fe38afd517828962fde29
8701,2020-04-27 13:00:00+00:00,33.5,,uppsala,5f9fe38afd517828962fde29
8702,2020-04-27 14:00:00+00:00,39.4,,uppsala,5f9fe38afd517828962fde29
8703,2020-04-27 15:00:00+00:00,13.4,,uppsala,5f9fe38afd517828962fde29
8704,2020-04-27 16:00:00+00:00,205.5,,uppsala,5f9fe38afd517828962fde29
8705,2020-04-27 17:00:00+00:00,0.0,,uppsala,5f9fe38afd517828962fde29
8706,2020-04-27 18:00:00+00:00,0.0,,uppsala,5f9fe38afd517828962fde29
8707,2020-04-27 19:00:00+00:00,0.0,,uppsala,5f9fe38afd517828962fde29
8708,2020-04-27 20:00:00+00:00,0.0,,uppsala,5f9fe38afd517828962fde29
8709,2020-04-27 21:00:00+00:00,0.0,,uppsala,5f9fe38afd517828962fde29
8710,2020-04-27 22:00:00+00:00,0.0,,uppsala,5f9fe38afd517828962fde29
8711,2020-04-27 23:00:00+00:00,0.0,,uppsala,5f9fe38afd517828962fde29
8712,2020-04-28 00:00:00+00:00,0.0,,uppsala,5f9fe38afd517828962fde29
8713,2020-04-28 01:00:00+00:00,0.0,,uppsala,5f9fe38afd517828962fde29
8714,2020-04-28 02:00:00+00:00,0.0,,uppsala,5f9fe38afd517828962fde29
8715,2020-04-28 03:00:00+00:00,0.0,,uppsala,5f9fe38afd517828962fde29
8716,2020-04-28 04:00:00+00:00,0.0,,uppsala,5f9fe38afd517828962fde29
8717,2020-04-28 05:00:00+00:00,0.4,,uppsala,5f9fe38afd517828962fde29
8718,2020-04-28 06:00:00+00:00,4.8,,uppsala,5f9fe38afd517828962fde29
8719,2020-04-28 07:00:00+00:00,7.7,,uppsala,5f9fe38afd517828962fde29
8720,2020-04-28 08:00:00+00:00,26.5,,uppsala,5f9fe38afd517828962fde29
8721,2020-04-28 09:00:00+00:00,80.7,,uppsala,5f9fe38afd517828962fde29
8722,2020-04-28 10:00:00+00:00,64.7,,uppsala,5f9fe38afd517828962fde29
8723,2020-04-28 11:00:00+00:00,56.5,,uppsala,5f9fe38afd517828962fde29
8724,2020-04-28 12:00:00+00:00,28.0,,uppsala,5f9fe38afd517828962fde29
8725,2020-04-28 13:00:00+00:00,10.9,,uppsala,5f9fe38afd517828962fde29
8726,2020-04-28 14:00:00+00:00,94.1,,uppsala,5f9fe38afd517828962fde29
8727,2020-04-28 15:00:00+00:00,21.0,,uppsala,5f9fe38afd517828962fde29
8728,2020-04-28 16:00:00+00:00,117.0,,uppsala,5f9fe38afd517828962fde29
8729,2020-04-28 17:00:00+00:00,484.5,,uppsala,5f9fe38afd517828962fde29
8730,2020-04-28 18:00:00+00:00,190.5,,uppsala,5f9fe38afd517828962fde29
8731,2020-04-28 19:00:00+00:00,0.0,,uppsala,5f9fe38afd517828962fde29
8732,2020-04-28 20:00:00+00:00,0.0,,uppsala,5f9fe38afd517828962fde29
8733,2020-04-28 21:00:00+00:00,0.0,,uppsala,5f9fe38afd517828962fde29
8734,2020-04-28 22:00:00+00:00,0.0,,uppsala,5f9fe38afd517828962fde29
8735,2020-04-28 23:00:00+00:00,0.0,,uppsala,5f9fe38afd517828962fde29
8736,2020-04-29 00:00:00+00:00,0.0,,uppsala,5f9fe38afd517828962fde29
8737,2020-04-29 01:00:00+00:00,0.0,,uppsala,5f9fe38afd517828962fde29
8738,2020-04-29 02:00:00+00:00,0.0,,uppsala,5f9fe38afd517828962fde29
8739,2020-04-29 03:00:00+00:00,3.3,,uppsala,5f9fe38afd517828962fde29
8740,2020-04-29 04:00:00+00:00,419.8,,uppsala,5f9fe38afd517828962fde29
8741,2020-04-29 05:00:00+00:00,479.9,,uppsala,5f9fe38afd517828962fde29
8742,2020-04-29 06:00:00+00:00,758.2,,uppsala,5f9fe38afd517828962fde29
8743,2020-04-29 07:00:00+00:00,753.3,,uppsala,5f9fe38afd517828962fde29
8744,2020-04-29 08:00:00+00:00,529.2,,uppsala,5f9fe38afd517828962fde29
8745,2020-04-29 09:00:00+00:00,43.2,,uppsala,5f9fe38afd517828962fde29
8746,2020-04-29 10:00:00+00:00,12.6,,uppsala,5f9fe38afd517828962fde29
8747,2020-04-29 11:00:00+00:00,18.7,,uppsala,5f9fe38afd517828962fde29
8748,2020-04-29 12:00:00+00:00,181.2,,uppsala,5f9fe38afd517828962fde29
8749,2020-04-29 13:00:00+00:00,11.8,,uppsala,5f9fe38afd517828962fde29
8750,2020-04-29 14:00:00+00:00,10.6,,uppsala,5f9fe38afd517828962fde29
8751,2020-04-29 15:00:00+00:00,8.4,,uppsala,5f9fe38afd517828962fde29
8752,2020-04-29 16:00:00+00:00,11.3,,uppsala,5f9fe38afd517828962fde29
8753,2020-04-29 17:00:00+00:00,430.5,,uppsala,5f9fe38afd517828962fde29
8754,2020-04-29 18:00:00+00:00,273.4,,uppsala,5f9fe38afd517828962fde29
8755,2020-04-29 19:00:00+00:00,0.0,,uppsala,5f9fe38afd517828962fde29
8756,2020-04-29 20:00:00+00:00,0.0,,uppsala,5f9fe38afd517828962fde29
8757,2020-04-29 21:00:00+00:00,0.0,,uppsala,5f9fe38afd517828962fde29
8758,2020-04-29 22:00:00+00:00,0.0,,uppsala,5f9fe38afd517828962fde29
8759,2020-04-29 23:00:00+00:00,0.0,,uppsala,5f9fe38afd517828962fde29
8760,2020-04-30 00:00:00+00:00,0.0,,uppsala,5f9fe38afd517828962fde29
8761,2020-04-30 01:00:00+00:00,0.0,,uppsala,5f9fe38afd517828962fde29
8762,2020-04-30 02:00:00+00:00,0.0,,uppsala,5f9fe38afd517828962fde29
8763,2020-04-30 03:00:00+00:00,14.0,,uppsala,5f9fe38afd517828962fde29
8764,2020-04-30 04:00:00+00:00,328.0,,uppsala,5f9fe38afd517828962fde29
8765,2020-04-30 05:00:00+00:00,395.9,,uppsala,5f9fe38afd517828962fde29
8766,2020-04-30 06:00:00+00:00,537.3,,uppsala,5f9fe38afd517828962fde29
8767,2020-04-30 07:00:00+00:00,631.3,,uppsala,5f9fe38afd517828962fde29
8768,2020-04-30 08:00:00+00:00,759.4,,uppsala,5f9fe38afd517828962fde29
8769,2020-04-30 09:00:00+00:00,408.0,,uppsala,5f9fe38afd517828962fde29
8770,2020-04-30 10:00:00+00:00,57.1,,uppsala,5f9fe38afd517828962fde29
8771,2020-04-30 11:00:00+00:00,88.1,,uppsala,5f9fe38afd517828962fde29
8772,2020-04-30 12:00:00+00:00,16.5,,uppsala,5f9fe38afd517828962fde29
8773,2020-04-30 13:00:00+00:00,356.8,,uppsala,5f9fe38afd517828962fde29
8774,2020-04-30 14:00:00+00:00,9.5,,uppsala,5f9fe38afd517828962fde29
8775,2020-04-30 15:00:00+00:00,6.6,,uppsala,5f9fe38afd517828962fde29
8776,2020-04-30 16:00:00+00:00,85.4,,uppsala,5f9fe38afd517828962fde29
8777,2020-04-30 17:00:00+00:00,10.3,,uppsala,5f9fe38afd517828962fde29
8778,2020-04-30 18:00:00+00:00,29.6,,uppsala,5f9fe38afd517828962fde29
8779,2020-04-30 19:00:00+00:00,0.0,,uppsala,5f9fe38afd517828962fde29
8780,2020-04-30 20:00:00+00:00,0.0,,uppsala,5f9fe38afd517828962fde29
8781,2020-04-30 21:00:00+00:00,0.0,,uppsala,5f9fe38afd517828962fde29
8782,2020-04-30 22:00:00+00:00,0.0,,uppsala,5f9fe38afd517828962fde29
8783,2020-04-30 23:00:00+00:00,0.0,,uppsala,5f9fe38afd517828962fde29
8784,2020-05-01 00:00:00+00:00,0.0,,uppsala,5f9fe38afd517828962fde29
8785,2020-05-01 01:00:00+00:00,0.0,,uppsala,5f9fe38afd517828962fde29
8786,2020-05-01 02:00:00+00:00,0.0,,uppsala,5f9fe38afd517828962fde29
8787,2020-05-01 03:00:00+00:00,0.0,,uppsala,5f9fe38afd517828962fde29
8788,2020-05-01 04:00:00+00:00,0.0,,uppsala,5f9fe38afd517828962fde29
8789,2020-05-01 05:00:00+00:00,0.0,,uppsala,5f9fe38afd517828962fde29
8790,2020-05-01 06:00:00+00:00,2.8,,uppsala,5f9fe38afd517828962fde29
8791,2020-05-01 07:00:00+00:00,25.0,,uppsala,5f9fe38afd517828962fde29
8792,2020-05-01 08:00:00+00:00,6.9,,uppsala,5f9fe38afd517828962fde29
8793,2020-05-01 09:00:00+00:00,7.5,,uppsala,5f9fe38afd517828962fde29
8794,2020-05-01 10:00:00+00:00,8.1,,uppsala,5f9fe38afd517828962fde29
8795,2020-05-01 11:00:00+00:00,8.7,,uppsala,5f9fe38afd517828962fde29
8796,2020-05-01 12:00:00+00:00,9.0,,uppsala,5f9fe38afd517828962fde29
8797,2020-05-01 13:00:00+00:00,8.8,,uppsala,5f9fe38afd517828962fde29
8798,2020-05-01 14:00:00+00:00,7.5,,uppsala,5f9fe38afd517828962fde29
8799,2020-05-01 15:00:00+00:00,5.0,,uppsala,5f9fe38afd517828962fde29
8800,2020-05-01 16:00:00+00:00,1.8,,uppsala,5f9fe38afd517828962fde29
8801,2020-05-01 17:00:00+00:00,0.0,,uppsala,5f9fe38afd517828962fde29
8802,2020-05-01 18:00:00+00:00,0.0,,uppsala,5f9fe38afd517828962fde29
8803,2020-05-01 19:00:00+00:00,0.0,,uppsala,5f9fe38afd517828962fde29
8804,2020-05-01 20:00:00+00:00,0.0,,uppsala,5f9fe38afd517828962fde29
8805,2020-05-01 21:00:00+00:00,0.0,,uppsala,5f9fe38afd517828962fde29
8806,2020-05-01 22:00:00+00:00,0.0,,uppsala,5f9fe38afd517828962fde29
8807,2020-05-01 23:00:00+00:00,0.0,,uppsala,5f9fe38afd517828962fde29
8808,2020-05-02 00:00:00+00:00,0.0,,uppsala,5f9fe38afd517828962fde29
8809,2020-05-02 01:00:00+00:00,0.0,,uppsala,5f9fe38afd517828962fde29
8810,2020-05-02 02:00:00+00:00,0.0,,uppsala,5f9fe38afd517828962fde29
8811,2020-05-02 03:00:00+00:00,0.0,,uppsala,5f9fe38afd517828962fde29
8812,2020-05-02 04:00:00+00:00,0.0,,uppsala,5f9fe38afd517828962fde29
8813,2020-05-02 05:00:00+00:00,1.8,,uppsala,5f9fe38afd517828962fde29
8814,2020-05-02 06:00:00+00:00,5.8,,uppsala,5f9fe38afd517828962fde29
8815,2020-05-02 07:00:00+00:00,8.4,,uppsala,5f9fe38afd517828962fde29
8816,2020-05-02 08:00:00+00:00,14.1,,uppsala,5f9fe38afd517828962fde29
8817,2020-05-02 09:00:00+00:00,15.1,,uppsala,5f9fe38afd517828962fde29
8818,2020-05-02 10:00:00+00:00,17.9,,uppsala,5f9fe38afd517828962fde29
8819,2020-05-02 11:00:00+00:00,16.2,,uppsala,5f9fe38afd517828962fde29
8820,2020-05-02 12:00:00+00:00,10.9,,uppsala,5f9fe38afd517828962fde29
8821,2020-05-02 13:00:00+00:00,10.1,,uppsala,5f9fe38afd517828962fde29
8822,2020-05-02 14:00:00+00:00,10.2,,uppsala,5f9fe38afd517828962fde29
8823,2020-05-02 15:00:00+00:00,16.4,,uppsala,5f9fe38afd517828962fde29
8824,2020-05-02 16:00:00+00:00,16.9,,uppsala,5f9fe38afd517828962fde29
8825,2020-05-02 17:00:00+00:00,0.6000000000000001,,uppsala,5f9fe38afd517828962fde29
8826,2020-05-02 18:00:00+00:00,0.0,,uppsala,5f9fe38afd517828962fde29
8827,2020-05-02 19:00:00+00:00,0.0,,uppsala,5f9fe38afd517828962fde29
8828,2020-05-02 20:00:00+00:00,0.0,,uppsala,5f9fe38afd517828962fde29
8829,2020-05-02 21:00:00+00:00,0.0,,uppsala,5f9fe38afd517828962fde29
8830,2020-05-02 22:00:00+00:00,0.0,,uppsala,5f9fe38afd517828962fde29
8831,2020-05-02 23:00:00+00:00,0.0,,uppsala,5f9fe38afd517828962fde29
8832,2020-05-03 00:00:00+00:00,0.0,,uppsala,5f9fe38afd517828962fde29
8833,2020-05-03 01:00:00+00:00,0.0,,uppsala,5f9fe38afd517828962fde29
8834,2020-05-03 02:00:00+00:00,0.0,,uppsala,5f9fe38afd517828962fde29
8835,2020-05-03 03:00:00+00:00,1.7000000000000002,,uppsala,5f9fe38afd517828962fde29
8836,2020-05-03 04:00:00+00:00,268.7,,uppsala,5f9fe38afd517828962fde29
8837,2020-05-03 05:00:00+00:00,610.5,,uppsala,5f9fe38afd517828962fde29
8838,2020-05-03 06:00:00+00:00,5.1,,uppsala,5f9fe38afd517828962fde29
8839,2020-05-03 07:00:00+00:00,317.9,,uppsala,5f9fe38afd517828962fde29
8840,2020-05-03 08:00:00+00:00,59.1,,uppsala,5f9fe38afd517828962fde29
8841,2020-05-03 09:00:00+00:00,69.0,,uppsala,5f9fe38afd517828962fde29
8842,2020-05-03 10:00:00+00:00,245.9,,uppsala,5f9fe38afd517828962fde29
8843,2020-05-03 11:00:00+00:00,10.5,,uppsala,5f9fe38afd517828962fde29
8844,2020-05-03 12:00:00+00:00,18.0,,uppsala,5f9fe38afd517828962fde29
8845,2020-05-03 13:00:00+00:00,585.8,,uppsala,5f9fe38afd517828962fde29
8846,2020-05-03 14:00:00+00:00,550.5,,uppsala,5f9fe38afd517828962fde29
8847,2020-05-03 15:00:00+00:00,107.7,,uppsala,5f9fe38afd517828962fde29
8848,2020-05-03 16:00:00+00:00,1.2,,uppsala,5f9fe38afd517828962fde29
8849,2020-05-03 17:00:00+00:00,46.1,,uppsala,5f9fe38afd517828962fde29
8850,2020-05-03 18:00:00+00:00,12.6,,uppsala,5f9fe38afd517828962fde29
8851,2020-05-03 19:00:00+00:00,0.0,,uppsala,5f9fe38afd517828962fde29
8852,2020-05-03 20:00:00+00:00,0.0,,uppsala,5f9fe38afd517828962fde29
8853,2020-05-03 21:00:00+00:00,0.0,,uppsala,5f9fe38afd517828962fde29
8854,2020-05-03 22:00:00+00:00,0.0,,uppsala,5f9fe38afd517828962fde29
8855,2020-05-03 23:00:00+00:00,0.0,,uppsala,5f9fe38afd517828962fde29
8856,2020-05-04 00:00:00+00:00,0.0,,uppsala,5f9fe38afd517828962fde29
8857,2020-05-04 01:00:00+00:00,0.0,,uppsala,5f9fe38afd517828962fde29
8858,2020-05-04 02:00:00+00:00,0.0,,uppsala,5f9fe38afd517828962fde29
8859,2020-05-04 03:00:00+00:00,0.0,,uppsala,5f9fe38afd517828962fde29
8860,2020-05-04 04:00:00+00:00,0.0,,uppsala,5f9fe38afd517828962fde29
8861,2020-05-04 05:00:00+00:00,375.1,,uppsala,5f9fe38afd517828962fde29
8862,2020-05-04 06:00:00+00:00,31.8,,uppsala,5f9fe38afd517828962fde29
8863,2020-05-04 07:00:00+00:00,5.9,,uppsala,5f9fe38afd517828962fde29
8864,2020-05-04 08:00:00+00:00,104.7,,uppsala,5f9fe38afd517828962fde29
8865,2020-05-04 09:00:00+00:00,8.5,,uppsala,5f9fe38afd517828962fde29
8866,2020-05-04 10:00:00+00:00,13.9,,uppsala,5f9fe38afd517828962fde29
8867,2020-05-04 11:00:00+00:00,9.1,,uppsala,5f9fe38afd517828962fde29
8868,2020-05-04 12:00:00+00:00,9.0,,uppsala,5f9fe38afd517828962fde29
8869,2020-05-04 13:00:00+00:00,123.3,,uppsala,5f9fe38afd517828962fde29
8870,2020-05-04 14:00:00+00:00,6.4,,uppsala,5f9fe38afd517828962fde29
8871,2020-05-04 15:00:00+00:00,5.8,,uppsala,5f9fe38afd517828962fde29
8872,2020-05-04 16:00:00+00:00,2.7,,uppsala,5f9fe38afd517828962fde29
8873,2020-05-04 17:00:00+00:00,0.5,,uppsala,5f9fe38afd517828962fde29
8874,2020-05-04 18:00:00+00:00,0.0,,uppsala,5f9fe38afd517828962fde29
8875,2020-05-04 19:00:00+00:00,0.0,,uppsala,5f9fe38afd517828962fde29
8876,2020-05-04 20:00:00+00:00,0.0,,uppsala,5f9fe38afd517828962fde29
8877,2020-05-04 21:00:00+00:00,0.0,,uppsala,5f9fe38afd517828962fde29
8878,2020-05-04 22:00:00+00:00,0.0,,uppsala,5f9fe38afd517828962fde29
8879,2020-05-04 23:00:00+00:00,0.0,,uppsala,5f9fe38afd517828962fde29
8880,2020-05-05 00:00:00+00:00,0.0,,uppsala,5f9fe38afd517828962fde29
8881,2020-05-05 01:00:00+00:00,0.0,,uppsala,5f9fe38afd517828962fde29
8882,2020-05-05 02:00:00+00:00,0.0,,uppsala,5f9fe38afd517828962fde29
8883,2020-05-05 03:00:00+00:00,0.0,,uppsala,5f9fe38afd517828962fde29
8884,2020-05-05 04:00:00+00:00,0.0,,uppsala,5f9fe38afd517828962fde29
8885,2020-05-05 05:00:00+00:00,84.8,,uppsala,5f9fe38afd517828962fde29
8886,2020-05-05 06:00:00+00:00,249.6,,uppsala,5f9fe38afd517828962fde29
8887,2020-05-05 07:00:00+00:00,377.5,,uppsala,5f9fe38afd517828962fde29
8888,2020-05-05 08:00:00+00:00,121.2,,uppsala,5f9fe38afd517828962fde29
8889,2020-05-05 09:00:00+00:00,835.1,,uppsala,5f9fe38afd517828962fde29
8890,2020-05-05 10:00:00+00:00,787.4,,uppsala,5f9fe38afd517828962fde29
8891,2020-05-05 11:00:00+00:00,807.9,,uppsala,5f9fe38afd517828962fde29
8892,2020-05-05 12:00:00+00:00,706.5,,uppsala,5f9fe38afd517828962fde29
8893,2020-05-05 13:00:00+00:00,609.9,,uppsala,5f9fe38afd517828962fde29
8894,2020-05-05 14:00:00+00:00,782.0,,uppsala,5f9fe38afd517828962fde29
8895,2020-05-05 15:00:00+00:00,716.0,,uppsala,5f9fe38afd517828962fde29
8896,2020-05-05 16:00:00+00:00,127.4,,uppsala,5f9fe38afd517828962fde29
8897,2020-05-05 17:00:00+00:00,552.1,,uppsala,5f9fe38afd517828962fde29
8898,2020-05-05 18:00:00+00:00,229.2,,uppsala,5f9fe38afd517828962fde29
8899,2020-05-05 19:00:00+00:00,0.0,,uppsala,5f9fe38afd517828962fde29
8900,2020-05-05 20:00:00+00:00,0.0,,uppsala,5f9fe38afd517828962fde29
8901,2020-05-05 21:00:00+00:00,0.0,,uppsala,5f9fe38afd517828962fde29
8902,2020-05-05 22:00:00+00:00,0.0,,uppsala,5f9fe38afd517828962fde29
8903,2020-05-05 23:00:00+00:00,0.0,,uppsala,5f9fe38afd517828962fde29
8904,2020-05-06 00:00:00+00:00,0.0,,uppsala,5f9fe38afd517828962fde29
8905,2020-05-06 01:00:00+00:00,0.0,,uppsala,5f9fe38afd517828962fde29
8906,2020-05-06 02:00:00+00:00,0.0,,uppsala,5f9fe38afd517828962fde29
8907,2020-05-06 03:00:00+00:00,34.2,,uppsala,5f9fe38afd517828962fde29
8908,2020-05-06 04:00:00+00:00,0.0,,uppsala,5f9fe38afd517828962fde29
8909,2020-05-06 05:00:00+00:00,538.6,,uppsala,5f9fe38afd517828962fde29
8910,2020-05-06 06:00:00+00:00,653.3,,uppsala,5f9fe38afd517828962fde29
8911,2020-05-06 07:00:00+00:00,551.7,,uppsala,5f9fe38afd517828962fde29
8912,2020-05-06 08:00:00+00:00,560.2,,uppsala,5f9fe38afd517828962fde29
8913,2020-05-06 09:00:00+00:00,76.6,,uppsala,5f9fe38afd517828962fde29
8914,2020-05-06 10:00:00+00:00,106.2,,uppsala,5f9fe38afd517828962fde29
8915,2020-05-06 11:00:00+00:00,264.9,,uppsala,5f9fe38afd517828962fde29
8916,2020-05-06 12:00:00+00:00,507.5,,uppsala,5f9fe38afd517828962fde29
8917,2020-05-06 13:00:00+00:00,8.5,,uppsala,5f9fe38afd517828962fde29
8918,2020-05-06 14:00:00+00:00,23.4,,uppsala,5f9fe38afd517828962fde29
8919,2020-05-06 15:00:00+00:00,15.9,,uppsala,5f9fe38afd517828962fde29
8920,2020-05-06 16:00:00+00:00,96.9,,uppsala,5f9fe38afd517828962fde29
8921,2020-05-06 17:00:00+00:00,45.2,,uppsala,5f9fe38afd517828962fde29
8922,2020-05-06 18:00:00+00:00,84.4,,uppsala,5f9fe38afd517828962fde29
8923,2020-05-06 19:00:00+00:00,0.0,,uppsala,5f9fe38afd517828962fde29
8924,2020-05-06 20:00:00+00:00,0.0,,uppsala,5f9fe38afd517828962fde29
8925,2020-05-06 21:00:00+00:00,0.0,,uppsala,5f9fe38afd517828962fde29
8926,2020-05-06 22:00:00+00:00,0.0,,uppsala,5f9fe38afd517828962fde29
8927,2020-05-06 23:00:00+00:00,0.0,,uppsala,5f9fe38afd517828962fde29
8928,2020-05-07 00:00:00+00:00,0.0,,uppsala,5f9fe38afd517828962fde29
8929,2020-05-07 01:00:00+00:00,0.0,,uppsala,5f9fe38afd517828962fde29
8930,2020-05-07 02:00:00+00:00,0.0,,uppsala,5f9fe38afd517828962fde29
8931,2020-05-07 03:00:00+00:00,153.2,,uppsala,5f9fe38afd517828962fde29
8932,2020-05-07 04:00:00+00:00,519.1,,uppsala,5f9fe38afd517828962fde29
8933,2020-05-07 05:00:00+00:00,717.9,,uppsala,5f9fe38afd517828962fde29
8934,2020-05-07 06:00:00+00:00,821.1,,uppsala,5f9fe38afd517828962fde29
8935,2020-05-07 07:00:00+00:00,871.3,,uppsala,5f9fe38afd517828962fde29
8936,2020-05-07 08:00:00+00:00,912.0,,uppsala,5f9fe38afd517828962fde29
8937,2020-05-07 09:00:00+00:00,936.3,,uppsala,5f9fe38afd517828962fde29
8938,2020-05-07 10:00:00+00:00,945.6,,uppsala,5f9fe38afd517828962fde29
8939,2020-05-07 11:00:00+00:00,218.3,,uppsala,5f9fe38afd517828962fde29
8940,2020-05-07 12:00:00+00:00,35.9,,uppsala,5f9fe38afd517828962fde29
8941,2020-05-07 13:00:00+00:00,174.7,,uppsala,5f9fe38afd517828962fde29
8942,2020-05-07 14:00:00+00:00,9.7,,uppsala,5f9fe38afd517828962fde29
8943,2020-05-07 15:00:00+00:00,10.9,,uppsala,5f9fe38afd517828962fde29
8944,2020-05-07 16:00:00+00:00,540.8,,uppsala,5f9fe38afd517828962fde29
8945,2020-05-07 17:00:00+00:00,604.5,,uppsala,5f9fe38afd517828962fde29
8946,2020-05-07 18:00:00+00:00,374.0,,uppsala,5f9fe38afd517828962fde29
8947,2020-05-07 19:00:00+00:00,0.0,,uppsala,5f9fe38afd517828962fde29
8948,2020-05-07 20:00:00+00:00,0.0,,uppsala,5f9fe38afd517828962fde29
8949,2020-05-07 21:00:00+00:00,0.0,,uppsala,5f9fe38afd517828962fde29
8950,2020-05-07 22:00:00+00:00,0.0,,uppsala,5f9fe38afd517828962fde29
8951,2020-05-07 23:00:00+00:00,0.0,,uppsala,5f9fe38afd517828962fde29
8952,2020-05-08 00:00:00+00:00,0.0,,uppsala,5f9fe38afd517828962fde29
8953,2020-05-08 01:00:00+00:00,0.0,,uppsala,5f9fe38afd517828962fde29
8954,2020-05-08 02:00:00+00:00,0.0,,uppsala,5f9fe38afd517828962fde29
8955,2020-05-08 03:00:00+00:00,12.0,,uppsala,5f9fe38afd517828962fde29
8956,2020-05-08 04:00:00+00:00,50.5,,uppsala,5f9fe38afd517828962fde29
8957,2020-05-08 05:00:00+00:00,530.2,,uppsala,5f9fe38afd517828962fde29
8958,2020-05-08 06:00:00+00:00,16.6,,uppsala,5f9fe38afd517828962fde29
8959,2020-05-08 07:00:00+00:00,387.6,,uppsala,5f9fe38afd517828962fde29
8960,2020-05-08 08:00:00+00:00,14.2,,uppsala,5f9fe38afd517828962fde29
8961,2020-05-08 09:00:00+00:00,200.8,,uppsala,5f9fe38afd517828962fde29
8962,2020-05-08 10:00:00+00:00,82.8,,uppsala,5f9fe38afd517828962fde29
8963,2020-05-08 11:00:00+00:00,251.3,,uppsala,5f9fe38afd517828962fde29
8964,2020-05-08 12:00:00+00:00,11.3,,uppsala,5f9fe38afd517828962fde29
8965,2020-05-08 13:00:00+00:00,10.9,,uppsala,5f9fe38afd517828962fde29
8966,2020-05-08 14:00:00+00:00,193.3,,uppsala,5f9fe38afd517828962fde29
8967,2020-05-08 15:00:00+00:00,7.4,,uppsala,5f9fe38afd517828962fde29
8968,2020-05-08 16:00:00+00:00,144.1,,uppsala,5f9fe38afd517828962fde29
8969,2020-05-08 17:00:00+00:00,0.2,,uppsala,5f9fe38afd517828962fde29
8970,2020-05-08 18:00:00+00:00,168.7,,uppsala,5f9fe38afd517828962fde29
8971,2020-05-08 19:00:00+00:00,0.0,,uppsala,5f9fe38afd517828962fde29
8972,2020-05-08 20:00:00+00:00,0.0,,uppsala,5f9fe38afd517828962fde29
8973,2020-05-08 21:00:00+00:00,0.0,,uppsala,5f9fe38afd517828962fde29
8974,2020-05-08 22:00:00+00:00,0.0,,uppsala,5f9fe38afd517828962fde29
8975,2020-05-08 23:00:00+00:00,0.0,,uppsala,5f9fe38afd517828962fde29
8976,2020-05-09 00:00:00+00:00,0.0,,uppsala,5f9fe38afd517828962fde29
8977,2020-05-09 01:00:00+00:00,0.0,,uppsala,5f9fe38afd517828962fde29
8978,2020-05-09 02:00:00+00:00,0.0,,uppsala,5f9fe38afd517828962fde29
8979,2020-05-09 03:00:00+00:00,52.7,,uppsala,5f9fe38afd517828962fde29
8980,2020-05-09 04:00:00+00:00,224.2,,uppsala,5f9fe38afd517828962fde29
8981,2020-05-09 05:00:00+00:00,401.9,,uppsala,5f9fe38afd517828962fde29
8982,2020-05-09 06:00:00+00:00,783.6,,uppsala,5f9fe38afd517828962fde29
8983,2020-05-09 07:00:00+00:00,843.0,,uppsala,5f9fe38afd517828962fde29
8984,2020-05-09 08:00:00+00:00,755.6,,uppsala,5f9fe38afd517828962fde29
8985,2020-05-09 09:00:00+00:00,909.5,,uppsala,5f9fe38afd517828962fde29
8986,2020-05-09 10:00:00+00:00,928.7,,uppsala,5f9fe38afd517828962fde29
8987,2020-05-09 11:00:00+00:00,921.7,,uppsala,5f9fe38afd517828962fde29
8988,2020-05-09 12:00:00+00:00,914.3,,uppsala,5f9fe38afd517828962fde29
8989,2020-05-09 13:00:00+00:00,867.6,,uppsala,5f9fe38afd517828962fde29
8990,2020-05-09 14:00:00+00:00,677.6,,uppsala,5f9fe38afd517828962fde29
8991,2020-05-09 15:00:00+00:00,76.3,,uppsala,5f9fe38afd517828962fde29
8992,2020-05-09 16:00:00+00:00,671.3,,uppsala,5f9fe38afd517828962fde29
8993,2020-05-09 17:00:00+00:00,574.0,,uppsala,5f9fe38afd517828962fde29
8994,2020-05-09 18:00:00+00:00,8.8,,uppsala,5f9fe38afd517828962fde29
8995,2020-05-09 19:00:00+00:00,0.0,,uppsala,5f9fe38afd517828962fde29
8996,2020-05-09 20:00:00+00:00,0.0,,uppsala,5f9fe38afd517828962fde29
8997,2020-05-09 21:00:00+00:00,0.0,,uppsala,5f9fe38afd517828962fde29
8998,2020-05-09 22:00:00+00:00,0.0,,uppsala,5f9fe38afd517828962fde29
8999,2020-05-09 23:00:00+00:00,0.0,,uppsala,5f9fe38afd517828962fde29
9000,2020-05-10 00:00:00+00:00,0.0,,uppsala,5f9fe38afd517828962fde29
9001,2020-05-10 01:00:00+00:00,0.0,,uppsala,5f9fe38afd517828962fde29
9002,2020-05-10 02:00:00+00:00,0.0,,uppsala,5f9fe38afd517828962fde29
9003,2020-05-10 03:00:00+00:00,0.0,,uppsala,5f9fe38afd517828962fde29
9004,2020-05-10 04:00:00+00:00,5.7,,uppsala,5f9fe38afd517828962fde29
9005,2020-05-10 05:00:00+00:00,155.5,,uppsala,5f9fe38afd517828962fde29
9006,2020-05-10 06:00:00+00:00,15.4,,uppsala,5f9fe38afd517828962fde29
9007,2020-05-10 07:00:00+00:00,21.3,,uppsala,5f9fe38afd517828962fde29
9008,2020-05-10 08:00:00+00:00,44.5,,uppsala,5f9fe38afd517828962fde29
9009,2020-05-10 09:00:00+00:00,63.6,,uppsala,5f9fe38afd517828962fde29
9010,2020-05-10 10:00:00+00:00,102.7,,uppsala,5f9fe38afd517828962fde29
9011,2020-05-10 11:00:00+00:00,9.7,,uppsala,5f9fe38afd517828962fde29
9012,2020-05-10 12:00:00+00:00,13.1,,uppsala,5f9fe38afd517828962fde29
9013,2020-05-10 13:00:00+00:00,48.8,,uppsala,5f9fe38afd517828962fde29
9014,2020-05-10 14:00:00+00:00,10.7,,uppsala,5f9fe38afd517828962fde29
9015,2020-05-10 15:00:00+00:00,9.3,,uppsala,5f9fe38afd517828962fde29
9016,2020-05-10 16:00:00+00:00,0.0,,uppsala,5f9fe38afd517828962fde29
9017,2020-05-10 17:00:00+00:00,0.0,,uppsala,5f9fe38afd517828962fde29
9018,2020-05-10 18:00:00+00:00,0.0,,uppsala,5f9fe38afd517828962fde29
9019,2020-05-10 19:00:00+00:00,0.0,,uppsala,5f9fe38afd517828962fde29
9020,2020-05-10 20:00:00+00:00,0.0,,uppsala,5f9fe38afd517828962fde29
9021,2020-05-10 21:00:00+00:00,0.0,,uppsala,5f9fe38afd517828962fde29
9022,2020-05-10 22:00:00+00:00,0.0,,uppsala,5f9fe38afd517828962fde29
9023,2020-05-10 23:00:00+00:00,0.0,,uppsala,5f9fe38afd517828962fde29
9024,2020-05-11 00:00:00+00:00,0.0,,uppsala,5f9fe38afd517828962fde29
9025,2020-05-11 01:00:00+00:00,0.0,,uppsala,5f9fe38afd517828962fde29
9026,2020-05-11 02:00:00+00:00,0.0,,uppsala,5f9fe38afd517828962fde29
9027,2020-05-11 03:00:00+00:00,36.6,,uppsala,5f9fe38afd517828962fde29
9028,2020-05-11 04:00:00+00:00,63.5,,uppsala,5f9fe38afd517828962fde29
9029,2020-05-11 05:00:00+00:00,482.7,,uppsala,5f9fe38afd517828962fde29
9030,2020-05-11 06:00:00+00:00,804.3,,uppsala,5f9fe38afd517828962fde29
9031,2020-05-11 07:00:00+00:00,894.7,,uppsala,5f9fe38afd517828962fde29
9032,2020-05-11 08:00:00+00:00,936.0,,uppsala,5f9fe38afd517828962fde29
9033,2020-05-11 09:00:00+00:00,955.9,,uppsala,5f9fe38afd517828962fde29
9034,2020-05-11 10:00:00+00:00,956.2,,uppsala,5f9fe38afd517828962fde29
9035,2020-05-11 11:00:00+00:00,826.0,,uppsala,5f9fe38afd517828962fde29
9036,2020-05-11 12:00:00+00:00,13.0,,uppsala,5f9fe38afd517828962fde29
9037,2020-05-11 13:00:00+00:00,230.3,,uppsala,5f9fe38afd517828962fde29
9038,2020-05-11 14:00:00+00:00,474.8,,uppsala,5f9fe38afd517828962fde29
9039,2020-05-11 15:00:00+00:00,482.3,,uppsala,5f9fe38afd517828962fde29
9040,2020-05-11 16:00:00+00:00,5.9,,uppsala,5f9fe38afd517828962fde29
9041,2020-05-11 17:00:00+00:00,1.5,,uppsala,5f9fe38afd517828962fde29
9042,2020-05-11 18:00:00+00:00,267.1,,uppsala,5f9fe38afd517828962fde29
9043,2020-05-11 19:00:00+00:00,25.5,,uppsala,5f9fe38afd517828962fde29
9044,2020-05-11 20:00:00+00:00,0.0,,uppsala,5f9fe38afd517828962fde29
9045,2020-05-11 21:00:00+00:00,0.0,,uppsala,5f9fe38afd517828962fde29
9046,2020-05-11 22:00:00+00:00,0.0,,uppsala,5f9fe38afd517828962fde29
9047,2020-05-11 23:00:00+00:00,0.0,,uppsala,5f9fe38afd517828962fde29
9048,2020-05-12 00:00:00+00:00,0.0,,uppsala,5f9fe38afd517828962fde29
9049,2020-05-12 01:00:00+00:00,0.0,,uppsala,5f9fe38afd517828962fde29
9050,2020-05-12 02:00:00+00:00,0.0,,uppsala,5f9fe38afd517828962fde29
9051,2020-05-12 03:00:00+00:00,260.7,,uppsala,5f9fe38afd517828962fde29
9052,2020-05-12 04:00:00+00:00,576.8,,uppsala,5f9fe38afd517828962fde29
9053,2020-05-12 05:00:00+00:00,738.1,,uppsala,5f9fe38afd517828962fde29
9054,2020-05-12 06:00:00+00:00,832.7,,uppsala,5f9fe38afd517828962fde29
9055,2020-05-12 07:00:00+00:00,891.4,,uppsala,5f9fe38afd517828962fde29
9056,2020-05-12 08:00:00+00:00,865.7,,uppsala,5f9fe38afd517828962fde29
9057,2020-05-12 09:00:00+00:00,327.6,,uppsala,5f9fe38afd517828962fde29
9058,2020-05-12 10:00:00+00:00,147.0,,uppsala,5f9fe38afd517828962fde29
9059,2020-05-12 11:00:00+00:00,924.7,,uppsala,5f9fe38afd517828962fde29
9060,2020-05-12 12:00:00+00:00,12.0,,uppsala,5f9fe38afd517828962fde29
9061,2020-05-12 13:00:00+00:00,96.1,,uppsala,5f9fe38afd517828962fde29
9062,2020-05-12 14:00:00+00:00,9.9,,uppsala,5f9fe38afd517828962fde29
9063,2020-05-12 15:00:00+00:00,16.7,,uppsala,5f9fe38afd517828962fde29
9064,2020-05-12 16:00:00+00:00,3.0,,uppsala,5f9fe38afd517828962fde29
9065,2020-05-12 17:00:00+00:00,0.0,,uppsala,5f9fe38afd517828962fde29
9066,2020-05-12 18:00:00+00:00,0.0,,uppsala,5f9fe38afd517828962fde29
9067,2020-05-12 19:00:00+00:00,0.0,,uppsala,5f9fe38afd517828962fde29
9068,2020-05-12 20:00:00+00:00,0.0,,uppsala,5f9fe38afd517828962fde29
9069,2020-05-12 21:00:00+00:00,0.0,,uppsala,5f9fe38afd517828962fde29
9070,2020-05-12 22:00:00+00:00,0.0,,uppsala,5f9fe38afd517828962fde29
9071,2020-05-12 23:00:00+00:00,0.0,,uppsala,5f9fe38afd517828962fde29
9072,2020-05-13 00:00:00+00:00,0.0,,uppsala,5f9fe38afd517828962fde29
9073,2020-05-13 01:00:00+00:00,0.0,,uppsala,5f9fe38afd517828962fde29
9074,2020-05-13 02:00:00+00:00,0.0,,uppsala,5f9fe38afd517828962fde29
9075,2020-05-13 03:00:00+00:00,0.0,,uppsala,5f9fe38afd517828962fde29
9076,2020-05-13 04:00:00+00:00,0.2,,uppsala,5f9fe38afd517828962fde29
9077,2020-05-13 05:00:00+00:00,11.8,,uppsala,5f9fe38afd517828962fde29
9078,2020-05-13 06:00:00+00:00,9.9,,uppsala,5f9fe38afd517828962fde29
9079,2020-05-13 07:00:00+00:00,9.0,,uppsala,5f9fe38afd517828962fde29
9080,2020-05-13 08:00:00+00:00,10.4,,uppsala,5f9fe38afd517828962fde29
9081,2020-05-13 09:00:00+00:00,11.5,,uppsala,5f9fe38afd517828962fde29
9082,2020-05-13 10:00:00+00:00,12.1,,uppsala,5f9fe38afd517828962fde29
9083,2020-05-13 11:00:00+00:00,439.8,,uppsala,5f9fe38afd517828962fde29
9084,2020-05-13 12:00:00+00:00,12.3,,uppsala,5f9fe38afd517828962fde29
9085,2020-05-13 13:00:00+00:00,11.9,,uppsala,5f9fe38afd517828962fde29
9086,2020-05-13 14:00:00+00:00,480.0,,uppsala,5f9fe38afd517828962fde29
9087,2020-05-13 15:00:00+00:00,827.8,,uppsala,5f9fe38afd517828962fde29
9088,2020-05-13 16:00:00+00:00,738.0,,uppsala,5f9fe38afd517828962fde29
9089,2020-05-13 17:00:00+00:00,646.7,,uppsala,5f9fe38afd517828962fde29
9090,2020-05-13 18:00:00+00:00,386.6,,uppsala,5f9fe38afd517828962fde29
9091,2020-05-13 19:00:00+00:00,8.8,,uppsala,5f9fe38afd517828962fde29
9092,2020-05-13 20:00:00+00:00,0.0,,uppsala,5f9fe38afd517828962fde29
9093,2020-05-13 21:00:00+00:00,0.0,,uppsala,5f9fe38afd517828962fde29
9094,2020-05-13 22:00:00+00:00,0.0,,uppsala,5f9fe38afd517828962fde29
9095,2020-05-13 23:00:00+00:00,0.0,,uppsala,5f9fe38afd517828962fde29
9096,2020-05-14 00:00:00+00:00,0.0,,uppsala,5f9fe38afd517828962fde29
9097,2020-05-14 01:00:00+00:00,0.0,,uppsala,5f9fe38afd517828962fde29
9098,2020-05-14 02:00:00+00:00,0.0,,uppsala,5f9fe38afd517828962fde29
9099,2020-05-14 03:00:00+00:00,120.2,,uppsala,5f9fe38afd517828962fde29
9100,2020-05-14 04:00:00+00:00,0.0,,uppsala,5f9fe38afd517828962fde29
9101,2020-05-14 05:00:00+00:00,82.2,,uppsala,5f9fe38afd517828962fde29
9102,2020-05-14 06:00:00+00:00,633.8,,uppsala,5f9fe38afd517828962fde29
9103,2020-05-14 07:00:00+00:00,359.7,,uppsala,5f9fe38afd517828962fde29
9104,2020-05-14 08:00:00+00:00,44.1,,uppsala,5f9fe38afd517828962fde29
9105,2020-05-14 09:00:00+00:00,472.8,,uppsala,5f9fe38afd517828962fde29
9106,2020-05-14 10:00:00+00:00,376.8,,uppsala,5f9fe38afd517828962fde29
9107,2020-05-14 11:00:00+00:00,11.5,,uppsala,5f9fe38afd517828962fde29
9108,2020-05-14 12:00:00+00:00,568.4,,uppsala,5f9fe38afd517828962fde29
9109,2020-05-14 13:00:00+00:00,899.5,,uppsala,5f9fe38afd517828962fde29
9110,2020-05-14 14:00:00+00:00,17.8,,uppsala,5f9fe38afd517828962fde29
9111,2020-05-14 15:00:00+00:00,270.9,,uppsala,5f9fe38afd517828962fde29
9112,2020-05-14 16:00:00+00:00,639.4,,uppsala,5f9fe38afd517828962fde29
9113,2020-05-14 17:00:00+00:00,436.8,,uppsala,5f9fe38afd517828962fde29
9114,2020-05-14 18:00:00+00:00,0.1,,uppsala,5f9fe38afd517828962fde29
9115,2020-05-14 19:00:00+00:00,0.0,,uppsala,5f9fe38afd517828962fde29
9116,2020-05-14 20:00:00+00:00,0.0,,uppsala,5f9fe38afd517828962fde29
9117,2020-05-14 21:00:00+00:00,0.0,,uppsala,5f9fe38afd517828962fde29
9118,2020-05-14 22:00:00+00:00,0.0,,uppsala,5f9fe38afd517828962fde29
9119,2020-05-14 23:00:00+00:00,0.0,,uppsala,5f9fe38afd517828962fde29
9120,2020-05-15 00:00:00+00:00,0.0,,uppsala,5f9fe38afd517828962fde29
9121,2020-05-15 01:00:00+00:00,0.0,,uppsala,5f9fe38afd517828962fde29
9122,2020-05-15 02:00:00+00:00,0.0,,uppsala,5f9fe38afd517828962fde29
9123,2020-05-15 03:00:00+00:00,170.2,,uppsala,5f9fe38afd517828962fde29
9124,2020-05-15 04:00:00+00:00,531.2,,uppsala,5f9fe38afd517828962fde29
9125,2020-05-15 05:00:00+00:00,695.9,,uppsala,5f9fe38afd517828962fde29
9126,2020-05-15 06:00:00+00:00,806.5,,uppsala,5f9fe38afd517828962fde29
9127,2020-05-15 07:00:00+00:00,881.8,,uppsala,5f9fe38afd517828962fde29
9128,2020-05-15 08:00:00+00:00,915.6,,uppsala,5f9fe38afd517828962fde29
9129,2020-05-15 09:00:00+00:00,11.8,,uppsala,5f9fe38afd517828962fde29
9130,2020-05-15 10:00:00+00:00,61.2,,uppsala,5f9fe38afd517828962fde29
9131,2020-05-15 11:00:00+00:00,85.2,,uppsala,5f9fe38afd517828962fde29
9132,2020-05-15 12:00:00+00:00,27.5,,uppsala,5f9fe38afd517828962fde29
9133,2020-05-15 13:00:00+00:00,280.2,,uppsala,5f9fe38afd517828962fde29
9134,2020-05-15 14:00:00+00:00,41.2,,uppsala,5f9fe38afd517828962fde29
9135,2020-05-15 15:00:00+00:00,129.9,,uppsala,5f9fe38afd517828962fde29
9136,2020-05-15 16:00:00+00:00,19.9,,uppsala,5f9fe38afd517828962fde29
9137,2020-05-15 17:00:00+00:00,18.1,,uppsala,5f9fe38afd517828962fde29
9138,2020-05-15 18:00:00+00:00,0.0,,uppsala,5f9fe38afd517828962fde29
9139,2020-05-15 19:00:00+00:00,0.0,,uppsala,5f9fe38afd517828962fde29
9140,2020-05-15 20:00:00+00:00,0.0,,uppsala,5f9fe38afd517828962fde29
9141,2020-05-15 21:00:00+00:00,0.0,,uppsala,5f9fe38afd517828962fde29
9142,2020-05-15 22:00:00+00:00,0.0,,uppsala,5f9fe38afd517828962fde29
9143,2020-05-15 23:00:00+00:00,0.0,,uppsala,5f9fe38afd517828962fde29
9144,2020-05-16 00:00:00+00:00,0.0,,uppsala,5f9fe38afd517828962fde29
9145,2020-05-16 01:00:00+00:00,0.0,,uppsala,5f9fe38afd517828962fde29
9146,2020-05-16 02:00:00+00:00,0.0,,uppsala,5f9fe38afd517828962fde29
9147,2020-05-16 03:00:00+00:00,0.0,,uppsala,5f9fe38afd517828962fde29
9148,2020-05-16 04:00:00+00:00,0.0,,uppsala,5f9fe38afd517828962fde29
9149,2020-05-16 05:00:00+00:00,0.9,,uppsala,5f9fe38afd517828962fde29
9150,2020-05-16 06:00:00+00:00,5.3,,uppsala,5f9fe38afd517828962fde29
9151,2020-05-16 07:00:00+00:00,219.9,,uppsala,5f9fe38afd517828962fde29
9152,2020-05-16 08:00:00+00:00,41.8,,uppsala,5f9fe38afd517828962fde29
9153,2020-05-16 09:00:00+00:00,13.1,,uppsala,5f9fe38afd517828962fde29
9154,2020-05-16 10:00:00+00:00,240.6,,uppsala,5f9fe38afd517828962fde29
9155,2020-05-16 11:00:00+00:00,240.0,,uppsala,5f9fe38afd517828962fde29
9156,2020-05-16 12:00:00+00:00,14.9,,uppsala,5f9fe38afd517828962fde29
9157,2020-05-16 13:00:00+00:00,181.3,,uppsala,5f9fe38afd517828962fde29
9158,2020-05-16 14:00:00+00:00,26.9,,uppsala,5f9fe38afd517828962fde29
9159,2020-05-16 15:00:00+00:00,160.5,,uppsala,5f9fe38afd517828962fde29
9160,2020-05-16 16:00:00+00:00,72.2,,uppsala,5f9fe38afd517828962fde29
9161,2020-05-16 17:00:00+00:00,155.2,,uppsala,5f9fe38afd517828962fde29
9162,2020-05-16 18:00:00+00:00,92.4,,uppsala,5f9fe38afd517828962fde29
9163,2020-05-16 19:00:00+00:00,0.0,,uppsala,5f9fe38afd517828962fde29
9164,2020-05-16 20:00:00+00:00,0.0,,uppsala,5f9fe38afd517828962fde29
9165,2020-05-16 21:00:00+00:00,0.0,,uppsala,5f9fe38afd517828962fde29
9166,2020-05-16 22:00:00+00:00,0.0,,uppsala,5f9fe38afd517828962fde29
9167,2020-05-16 23:00:00+00:00,0.0,,uppsala,5f9fe38afd517828962fde29
9168,2020-05-17 00:00:00+00:00,0.0,,uppsala,5f9fe38afd517828962fde29
9169,2020-05-17 01:00:00+00:00,0.0,,uppsala,5f9fe38afd517828962fde29
9170,2020-05-17 02:00:00+00:00,0.0,,uppsala,5f9fe38afd517828962fde29
9171,2020-05-17 03:00:00+00:00,161.4,,uppsala,5f9fe38afd517828962fde29
9172,2020-05-17 04:00:00+00:00,436.2,,uppsala,5f9fe38afd517828962fde29
9173,2020-05-17 05:00:00+00:00,4.9,,uppsala,5f9fe38afd517828962fde29
9174,2020-05-17 06:00:00+00:00,840.6,,uppsala,5f9fe38afd517828962fde29
9175,2020-05-17 07:00:00+00:00,750.0,,uppsala,5f9fe38afd517828962fde29
9176,2020-05-17 08:00:00+00:00,11.6,,uppsala,5f9fe38afd517828962fde29
9177,2020-05-17 09:00:00+00:00,12.4,,uppsala,5f9fe38afd517828962fde29
9178,2020-05-17 10:00:00+00:00,300.0,,uppsala,5f9fe38afd517828962fde29
9179,2020-05-17 11:00:00+00:00,12.6,,uppsala,5f9fe38afd517828962fde29
9180,2020-05-17 12:00:00+00:00,74.8,,uppsala,5f9fe38afd517828962fde29
9181,2020-05-17 13:00:00+00:00,11.8,,uppsala,5f9fe38afd517828962fde29
9182,2020-05-17 14:00:00+00:00,88.2,,uppsala,5f9fe38afd517828962fde29
9183,2020-05-17 15:00:00+00:00,7.2,,uppsala,5f9fe38afd517828962fde29
9184,2020-05-17 16:00:00+00:00,353.3,,uppsala,5f9fe38afd517828962fde29
9185,2020-05-17 17:00:00+00:00,27.8,,uppsala,5f9fe38afd517828962fde29
9186,2020-05-17 18:00:00+00:00,339.0,,uppsala,5f9fe38afd517828962fde29
9187,2020-05-17 19:00:00+00:00,82.0,,uppsala,5f9fe38afd517828962fde29
9188,2020-05-17 20:00:00+00:00,0.0,,uppsala,5f9fe38afd517828962fde29
9189,2020-05-17 21:00:00+00:00,0.0,,uppsala,5f9fe38afd517828962fde29
9190,2020-05-17 22:00:00+00:00,0.0,,uppsala,5f9fe38afd517828962fde29
9191,2020-05-17 23:00:00+00:00,0.0,,uppsala,5f9fe38afd517828962fde29
9192,2020-05-18 00:00:00+00:00,0.0,,uppsala,5f9fe38afd517828962fde29
9193,2020-05-18 01:00:00+00:00,0.0,,uppsala,5f9fe38afd517828962fde29
9194,2020-05-18 02:00:00+00:00,0.0,,uppsala,5f9fe38afd517828962fde29
9195,2020-05-18 03:00:00+00:00,294.6,,uppsala,5f9fe38afd517828962fde29
9196,2020-05-18 04:00:00+00:00,560.2,,uppsala,5f9fe38afd517828962fde29
9197,2020-05-18 05:00:00+00:00,727.6,,uppsala,5f9fe38afd517828962fde29
9198,2020-05-18 06:00:00+00:00,818.1,,uppsala,5f9fe38afd517828962fde29
9199,2020-05-18 07:00:00+00:00,865.9,,uppsala,5f9fe38afd517828962fde29
9200,2020-05-18 08:00:00+00:00,853.4,,uppsala,5f9fe38afd517828962fde29
9201,2020-05-18 09:00:00+00:00,364.8,,uppsala,5f9fe38afd517828962fde29
9202,2020-05-18 10:00:00+00:00,302.5,,uppsala,5f9fe38afd517828962fde29
9203,2020-05-18 11:00:00+00:00,55.2,,uppsala,5f9fe38afd517828962fde29
9204,2020-05-18 12:00:00+00:00,455.7,,uppsala,5f9fe38afd517828962fde29
9205,2020-05-18 13:00:00+00:00,11.1,,uppsala,5f9fe38afd517828962fde29
9206,2020-05-18 14:00:00+00:00,10.1,,uppsala,5f9fe38afd517828962fde29
9207,2020-05-18 15:00:00+00:00,111.6,,uppsala,5f9fe38afd517828962fde29
9208,2020-05-18 16:00:00+00:00,106.1,,uppsala,5f9fe38afd517828962fde29
9209,2020-05-18 17:00:00+00:00,355.1,,uppsala,5f9fe38afd517828962fde29
9210,2020-05-18 18:00:00+00:00,0.0,,uppsala,5f9fe38afd517828962fde29
9211,2020-05-18 19:00:00+00:00,17.7,,uppsala,5f9fe38afd517828962fde29
9212,2020-05-18 20:00:00+00:00,0.0,,uppsala,5f9fe38afd517828962fde29
9213,2020-05-18 21:00:00+00:00,0.0,,uppsala,5f9fe38afd517828962fde29
9214,2020-05-18 22:00:00+00:00,0.0,,uppsala,5f9fe38afd517828962fde29
9215,2020-05-18 23:00:00+00:00,0.0,,uppsala,5f9fe38afd517828962fde29
9216,2020-05-19 00:00:00+00:00,0.0,,uppsala,5f9fe38afd517828962fde29
9217,2020-05-19 01:00:00+00:00,0.0,,uppsala,5f9fe38afd517828962fde29
9218,2020-05-19 02:00:00+00:00,0.0,,uppsala,5f9fe38afd517828962fde29
9219,2020-05-19 03:00:00+00:00,116.9,,uppsala,5f9fe38afd517828962fde29
9220,2020-05-19 04:00:00+00:00,185.0,,uppsala,5f9fe38afd517828962fde29
9221,2020-05-19 05:00:00+00:00,224.7,,uppsala,5f9fe38afd517828962fde29
9222,2020-05-19 06:00:00+00:00,6.0,,uppsala,5f9fe38afd517828962fde29
9223,2020-05-19 07:00:00+00:00,36.7,,uppsala,5f9fe38afd517828962fde29
9224,2020-05-19 08:00:00+00:00,57.7,,uppsala,5f9fe38afd517828962fde29
9225,2020-05-19 09:00:00+00:00,10.3,,uppsala,5f9fe38afd517828962fde29
9226,2020-05-19 10:00:00+00:00,10.6,,uppsala,5f9fe38afd517828962fde29
9227,2020-05-19 11:00:00+00:00,21.5,,uppsala,5f9fe38afd517828962fde29
9228,2020-05-19 12:00:00+00:00,338.9,,uppsala,5f9fe38afd517828962fde29
9229,2020-05-19 13:00:00+00:00,49.0,,uppsala,5f9fe38afd517828962fde29
9230,2020-05-19 14:00:00+00:00,83.8,,uppsala,5f9fe38afd517828962fde29
9231,2020-05-19 15:00:00+00:00,55.8,,uppsala,5f9fe38afd517828962fde29
9232,2020-05-19 16:00:00+00:00,36.1,,uppsala,5f9fe38afd517828962fde29
9233,2020-05-19 17:00:00+00:00,216.2,,uppsala,5f9fe38afd517828962fde29
9234,2020-05-19 18:00:00+00:00,27.0,,uppsala,5f9fe38afd517828962fde29
9235,2020-05-19 19:00:00+00:00,82.5,,uppsala,5f9fe38afd517828962fde29
9236,2020-05-19 20:00:00+00:00,0.0,,uppsala,5f9fe38afd517828962fde29
9237,2020-05-19 21:00:00+00:00,0.0,,uppsala,5f9fe38afd517828962fde29
9238,2020-05-19 22:00:00+00:00,0.0,,uppsala,5f9fe38afd517828962fde29
9239,2020-05-19 23:00:00+00:00,0.0,,uppsala,5f9fe38afd517828962fde29
9240,2020-05-20 00:00:00+00:00,0.0,,uppsala,5f9fe38afd517828962fde29
9241,2020-05-20 01:00:00+00:00,0.0,,uppsala,5f9fe38afd517828962fde29
9242,2020-05-20 02:00:00+00:00,0.0,,uppsala,5f9fe38afd517828962fde29
9243,2020-05-20 03:00:00+00:00,273.7,,uppsala,5f9fe38afd517828962fde29
9244,2020-05-20 04:00:00+00:00,525.5,,uppsala,5f9fe38afd517828962fde29
9245,2020-05-20 05:00:00+00:00,666.1,,uppsala,5f9fe38afd517828962fde29
9246,2020-05-20 06:00:00+00:00,759.6,,uppsala,5f9fe38afd517828962fde29
9247,2020-05-20 07:00:00+00:00,825.7,,uppsala,5f9fe38afd517828962fde29
9248,2020-05-20 08:00:00+00:00,851.2,,uppsala,5f9fe38afd517828962fde29
9249,2020-05-20 09:00:00+00:00,868.5,,uppsala,5f9fe38afd517828962fde29
9250,2020-05-20 10:00:00+00:00,763.1,,uppsala,5f9fe38afd517828962fde29
9251,2020-05-20 11:00:00+00:00,567.7,,uppsala,5f9fe38afd517828962fde29
9252,2020-05-20 12:00:00+00:00,518.3,,uppsala,5f9fe38afd517828962fde29
9253,2020-05-20 13:00:00+00:00,730.3,,uppsala,5f9fe38afd517828962fde29
9254,2020-05-20 14:00:00+00:00,339.1,,uppsala,5f9fe38afd517828962fde29
9255,2020-05-20 15:00:00+00:00,674.5,,uppsala,5f9fe38afd517828962fde29
9256,2020-05-20 16:00:00+00:00,6.2,,uppsala,5f9fe38afd517828962fde29
9257,2020-05-20 17:00:00+00:00,384.4,,uppsala,5f9fe38afd517828962fde29
9258,2020-05-20 18:00:00+00:00,405.2,,uppsala,5f9fe38afd517828962fde29
9259,2020-05-20 19:00:00+00:00,0.6000000000000001,,uppsala,5f9fe38afd517828962fde29
9260,2020-05-20 20:00:00+00:00,0.0,,uppsala,5f9fe38afd517828962fde29
9261,2020-05-20 21:00:00+00:00,0.0,,uppsala,5f9fe38afd517828962fde29
9262,2020-05-20 22:00:00+00:00,0.0,,uppsala,5f9fe38afd517828962fde29
9263,2020-05-20 23:00:00+00:00,0.0,,uppsala,5f9fe38afd517828962fde29
9264,2020-05-21 00:00:00+00:00,0.0,,uppsala,5f9fe38afd517828962fde29
9265,2020-05-21 01:00:00+00:00,0.0,,uppsala,5f9fe38afd517828962fde29
9266,2020-05-21 02:00:00+00:00,0.0,,uppsala,5f9fe38afd517828962fde29
9267,2020-05-21 03:00:00+00:00,337.6,,uppsala,5f9fe38afd517828962fde29
9268,2020-05-21 04:00:00+00:00,587.6,,uppsala,5f9fe38afd517828962fde29
9269,2020-05-21 05:00:00+00:00,747.6,,uppsala,5f9fe38afd517828962fde29
9270,2020-05-21 06:00:00+00:00,834.1,,uppsala,5f9fe38afd517828962fde29
9271,2020-05-21 07:00:00+00:00,891.3,,uppsala,5f9fe38afd517828962fde29
9272,2020-05-21 08:00:00+00:00,927.2,,uppsala,5f9fe38afd517828962fde29
9273,2020-05-21 09:00:00+00:00,949.8,,uppsala,5f9fe38afd517828962fde29
9274,2020-05-21 10:00:00+00:00,959.6,,uppsala,5f9fe38afd517828962fde29
9275,2020-05-21 11:00:00+00:00,963.2,,uppsala,5f9fe38afd517828962fde29
9276,2020-05-21 12:00:00+00:00,960.2,,uppsala,5f9fe38afd517828962fde29
9277,2020-05-21 13:00:00+00:00,941.2,,uppsala,5f9fe38afd517828962fde29
9278,2020-05-21 14:00:00+00:00,869.9,,uppsala,5f9fe38afd517828962fde29
9279,2020-05-21 15:00:00+00:00,861.8,,uppsala,5f9fe38afd517828962fde29
9280,2020-05-21 16:00:00+00:00,790.5,,uppsala,5f9fe38afd517828962fde29
9281,2020-05-21 17:00:00+00:00,676.1,,uppsala,5f9fe38afd517828962fde29
9282,2020-05-21 18:00:00+00:00,489.5,,uppsala,5f9fe38afd517828962fde29
9283,2020-05-21 19:00:00+00:00,168.5,,uppsala,5f9fe38afd517828962fde29
9284,2020-05-21 20:00:00+00:00,0.0,,uppsala,5f9fe38afd517828962fde29
9285,2020-05-21 21:00:00+00:00,0.0,,uppsala,5f9fe38afd517828962fde29
9286,2020-05-21 22:00:00+00:00,0.0,,uppsala,5f9fe38afd517828962fde29
9287,2020-05-21 23:00:00+00:00,0.0,,uppsala,5f9fe38afd517828962fde29
9288,2020-05-22 00:00:00+00:00,0.0,,uppsala,5f9fe38afd517828962fde29
9289,2020-05-22 01:00:00+00:00,0.0,,uppsala,5f9fe38afd517828962fde29
9290,2020-05-22 02:00:00+00:00,0.0,,uppsala,5f9fe38afd517828962fde29
9291,2020-05-22 03:00:00+00:00,0.1,,uppsala,5f9fe38afd517828962fde29
9292,2020-05-22 04:00:00+00:00,543.6,,uppsala,5f9fe38afd517828962fde29
9293,2020-05-22 05:00:00+00:00,711.2,,uppsala,5f9fe38afd517828962fde29
9294,2020-05-22 06:00:00+00:00,804.5,,uppsala,5f9fe38afd517828962fde29
9295,2020-05-22 07:00:00+00:00,878.9,,uppsala,5f9fe38afd517828962fde29
9296,2020-05-22 08:00:00+00:00,918.6,,uppsala,5f9fe38afd517828962fde29
9297,2020-05-22 09:00:00+00:00,941.4,,uppsala,5f9fe38afd517828962fde29
9298,2020-05-22 10:00:00+00:00,958.5,,uppsala,5f9fe38afd517828962fde29
9299,2020-05-22 11:00:00+00:00,958.0,,uppsala,5f9fe38afd517828962fde29
9300,2020-05-22 12:00:00+00:00,947.2,,uppsala,5f9fe38afd517828962fde29
9301,2020-05-22 13:00:00+00:00,922.7,,uppsala,5f9fe38afd517828962fde29
9302,2020-05-22 14:00:00+00:00,893.2,,uppsala,5f9fe38afd517828962fde29
9303,2020-05-22 15:00:00+00:00,845.3,,uppsala,5f9fe38afd517828962fde29
9304,2020-05-22 16:00:00+00:00,775.5,,uppsala,5f9fe38afd517828962fde29
9305,2020-05-22 17:00:00+00:00,689.3,,uppsala,5f9fe38afd517828962fde29
9306,2020-05-22 18:00:00+00:00,515.2,,uppsala,5f9fe38afd517828962fde29
9307,2020-05-22 19:00:00+00:00,194.7,,uppsala,5f9fe38afd517828962fde29
9308,2020-05-22 20:00:00+00:00,0.0,,uppsala,5f9fe38afd517828962fde29
9309,2020-05-22 21:00:00+00:00,0.0,,uppsala,5f9fe38afd517828962fde29
9310,2020-05-22 22:00:00+00:00,0.0,,uppsala,5f9fe38afd517828962fde29
9311,2020-05-22 23:00:00+00:00,0.0,,uppsala,5f9fe38afd517828962fde29
9312,2020-05-23 00:00:00+00:00,0.0,,uppsala,5f9fe38afd517828962fde29
9313,2020-05-23 01:00:00+00:00,0.0,,uppsala,5f9fe38afd517828962fde29
9314,2020-05-23 02:00:00+00:00,0.0,,uppsala,5f9fe38afd517828962fde29
9315,2020-05-23 03:00:00+00:00,28.9,,uppsala,5f9fe38afd517828962fde29
9316,2020-05-23 04:00:00+00:00,0.0,,uppsala,5f9fe38afd517828962fde29
9317,2020-05-23 05:00:00+00:00,3.8,,uppsala,5f9fe38afd517828962fde29
9318,2020-05-23 06:00:00+00:00,6.5,,uppsala,5f9fe38afd517828962fde29
9319,2020-05-23 07:00:00+00:00,394.8,,uppsala,5f9fe38afd517828962fde29
9320,2020-05-23 08:00:00+00:00,14.2,,uppsala,5f9fe38afd517828962fde29
9321,2020-05-23 09:00:00+00:00,58.2,,uppsala,5f9fe38afd517828962fde29
9322,2020-05-23 10:00:00+00:00,25.4,,uppsala,5f9fe38afd517828962fde29
9323,2020-05-23 11:00:00+00:00,197.1,,uppsala,5f9fe38afd517828962fde29
9324,2020-05-23 12:00:00+00:00,10.6,,uppsala,5f9fe38afd517828962fde29
9325,2020-05-23 13:00:00+00:00,8.2,,uppsala,5f9fe38afd517828962fde29
9326,2020-05-23 14:00:00+00:00,6.3,,uppsala,5f9fe38afd517828962fde29
9327,2020-05-23 15:00:00+00:00,4.8,,uppsala,5f9fe38afd517828962fde29
9328,2020-05-23 16:00:00+00:00,1.1,,uppsala,5f9fe38afd517828962fde29
9329,2020-05-23 17:00:00+00:00,0.0,,uppsala,5f9fe38afd517828962fde29
9330,2020-05-23 18:00:00+00:00,0.0,,uppsala,5f9fe38afd517828962fde29
9331,2020-05-23 19:00:00+00:00,0.0,,uppsala,5f9fe38afd517828962fde29
9332,2020-05-23 20:00:00+00:00,0.0,,uppsala,5f9fe38afd517828962fde29
9333,2020-05-23 21:00:00+00:00,0.0,,uppsala,5f9fe38afd517828962fde29
9334,2020-05-23 22:00:00+00:00,0.0,,uppsala,5f9fe38afd517828962fde29
9335,2020-05-23 23:00:00+00:00,0.0,,uppsala,5f9fe38afd517828962fde29
9336,2020-05-24 00:00:00+00:00,0.0,,uppsala,5f9fe38afd517828962fde29
9337,2020-05-24 01:00:00+00:00,0.0,,uppsala,5f9fe38afd517828962fde29
9338,2020-05-24 02:00:00+00:00,0.0,,uppsala,5f9fe38afd517828962fde29
9339,2020-05-24 03:00:00+00:00,54.5,,uppsala,5f9fe38afd517828962fde29
9340,2020-05-24 04:00:00+00:00,419.5,,uppsala,5f9fe38afd517828962fde29
9341,2020-05-24 05:00:00+00:00,650.3,,uppsala,5f9fe38afd517828962fde29
9342,2020-05-24 06:00:00+00:00,742.1,,uppsala,5f9fe38afd517828962fde29
9343,2020-05-24 07:00:00+00:00,788.3,,uppsala,5f9fe38afd517828962fde29
9344,2020-05-24 08:00:00+00:00,531.7,,uppsala,5f9fe38afd517828962fde29
9345,2020-05-24 09:00:00+00:00,591.6,,uppsala,5f9fe38afd517828962fde29
9346,2020-05-24 10:00:00+00:00,378.1,,uppsala,5f9fe38afd517828962fde29
9347,2020-05-24 11:00:00+00:00,60.3,,uppsala,5f9fe38afd517828962fde29
9348,2020-05-24 12:00:00+00:00,22.2,,uppsala,5f9fe38afd517828962fde29
9349,2020-05-24 13:00:00+00:00,103.7,,uppsala,5f9fe38afd517828962fde29
9350,2020-05-24 14:00:00+00:00,8.6,,uppsala,5f9fe38afd517828962fde29
9351,2020-05-24 15:00:00+00:00,260.5,,uppsala,5f9fe38afd517828962fde29
9352,2020-05-24 16:00:00+00:00,186.4,,uppsala,5f9fe38afd517828962fde29
9353,2020-05-24 17:00:00+00:00,70.5,,uppsala,5f9fe38afd517828962fde29
9354,2020-05-24 18:00:00+00:00,30.1,,uppsala,5f9fe38afd517828962fde29
9355,2020-05-24 19:00:00+00:00,53.0,,uppsala,5f9fe38afd517828962fde29
9356,2020-05-24 20:00:00+00:00,0.0,,uppsala,5f9fe38afd517828962fde29
9357,2020-05-24 21:00:00+00:00,0.0,,uppsala,5f9fe38afd517828962fde29
9358,2020-05-24 22:00:00+00:00,0.0,,uppsala,5f9fe38afd517828962fde29
9359,2020-05-24 23:00:00+00:00,0.0,,uppsala,5f9fe38afd517828962fde29
9360,2020-05-25 00:00:00+00:00,0.0,,uppsala,5f9fe38afd517828962fde29
9361,2020-05-25 01:00:00+00:00,0.0,,uppsala,5f9fe38afd517828962fde29
9362,2020-05-25 02:00:00+00:00,0.0,,uppsala,5f9fe38afd517828962fde29
9363,2020-05-25 03:00:00+00:00,180.1,,uppsala,5f9fe38afd517828962fde29
9364,2020-05-25 04:00:00+00:00,104.2,,uppsala,5f9fe38afd517828962fde29
9365,2020-05-25 05:00:00+00:00,96.8,,uppsala,5f9fe38afd517828962fde29
9366,2020-05-25 06:00:00+00:00,76.2,,uppsala,5f9fe38afd517828962fde29
9367,2020-05-25 07:00:00+00:00,554.7,,uppsala,5f9fe38afd517828962fde29
9368,2020-05-25 08:00:00+00:00,278.5,,uppsala,5f9fe38afd517828962fde29
9369,2020-05-25 09:00:00+00:00,735.8,,uppsala,5f9fe38afd517828962fde29
9370,2020-05-25 10:00:00+00:00,471.7,,uppsala,5f9fe38afd517828962fde29
9371,2020-05-25 11:00:00+00:00,753.5,,uppsala,5f9fe38afd517828962fde29
9372,2020-05-25 12:00:00+00:00,710.6,,uppsala,5f9fe38afd517828962fde29
9373,2020-05-25 13:00:00+00:00,524.7,,uppsala,5f9fe38afd517828962fde29
9374,2020-05-25 14:00:00+00:00,245.8,,uppsala,5f9fe38afd517828962fde29
9375,2020-05-25 15:00:00+00:00,24.5,,uppsala,5f9fe38afd517828962fde29
9376,2020-05-25 16:00:00+00:00,711.8,,uppsala,5f9fe38afd517828962fde29
9377,2020-05-25 17:00:00+00:00,619.7,,uppsala,5f9fe38afd517828962fde29
9378,2020-05-25 18:00:00+00:00,460.3,,uppsala,5f9fe38afd517828962fde29
9379,2020-05-25 19:00:00+00:00,188.4,,uppsala,5f9fe38afd517828962fde29
9380,2020-05-25 20:00:00+00:00,0.0,,uppsala,5f9fe38afd517828962fde29
9381,2020-05-25 21:00:00+00:00,0.0,,uppsala,5f9fe38afd517828962fde29
9382,2020-05-25 22:00:00+00:00,0.0,,uppsala,5f9fe38afd517828962fde29
9383,2020-05-25 23:00:00+00:00,0.0,,uppsala,5f9fe38afd517828962fde29
9384,2020-05-26 00:00:00+00:00,0.0,,uppsala,5f9fe38afd517828962fde29
9385,2020-05-26 01:00:00+00:00,0.0,,uppsala,5f9fe38afd517828962fde29
9386,2020-05-26 02:00:00+00:00,12.5,,uppsala,5f9fe38afd517828962fde29
9387,2020-05-26 03:00:00+00:00,345.4,,uppsala,5f9fe38afd517828962fde29
9388,2020-05-26 04:00:00+00:00,553.7,,uppsala,5f9fe38afd517828962fde29
9389,2020-05-26 05:00:00+00:00,680.2,,uppsala,5f9fe38afd517828962fde29
9390,2020-05-26 06:00:00+00:00,757.3,,uppsala,5f9fe38afd517828962fde29
9391,2020-05-26 07:00:00+00:00,805.9,,uppsala,5f9fe38afd517828962fde29
9392,2020-05-26 08:00:00+00:00,841.0,,uppsala,5f9fe38afd517828962fde29
9393,2020-05-26 09:00:00+00:00,868.5,,uppsala,5f9fe38afd517828962fde29
9394,2020-05-26 10:00:00+00:00,874.8,,uppsala,5f9fe38afd517828962fde29
9395,2020-05-26 11:00:00+00:00,865.7,,uppsala,5f9fe38afd517828962fde29
9396,2020-05-26 12:00:00+00:00,562.1,,uppsala,5f9fe38afd517828962fde29
9397,2020-05-26 13:00:00+00:00,426.5,,uppsala,5f9fe38afd517828962fde29
9398,2020-05-26 14:00:00+00:00,229.1,,uppsala,5f9fe38afd517828962fde29
9399,2020-05-26 15:00:00+00:00,209.6,,uppsala,5f9fe38afd517828962fde29
9400,2020-05-26 16:00:00+00:00,2.4,,uppsala,5f9fe38afd517828962fde29
9401,2020-05-26 17:00:00+00:00,37.3,,uppsala,5f9fe38afd517828962fde29
9402,2020-05-26 18:00:00+00:00,57.7,,uppsala,5f9fe38afd517828962fde29
9403,2020-05-26 19:00:00+00:00,0.0,,uppsala,5f9fe38afd517828962fde29
9404,2020-05-26 20:00:00+00:00,0.0,,uppsala,5f9fe38afd517828962fde29
9405,2020-05-26 21:00:00+00:00,0.0,,uppsala,5f9fe38afd517828962fde29
9406,2020-05-26 22:00:00+00:00,0.0,,uppsala,5f9fe38afd517828962fde29
9407,2020-05-26 23:00:00+00:00,0.0,,uppsala,5f9fe38afd517828962fde29
9408,2020-05-27 00:00:00+00:00,0.0,,uppsala,5f9fe38afd517828962fde29
9409,2020-05-27 01:00:00+00:00,0.0,,uppsala,5f9fe38afd517828962fde29
9410,2020-05-27 02:00:00+00:00,0.0,,uppsala,5f9fe38afd517828962fde29
9411,2020-05-27 03:00:00+00:00,0.0,,uppsala,5f9fe38afd517828962fde29
9412,2020-05-27 04:00:00+00:00,0.30000000000000004,,uppsala,5f9fe38afd517828962fde29
9413,2020-05-27 05:00:00+00:00,34.4,,uppsala,5f9fe38afd517828962fde29
9414,2020-05-27 06:00:00+00:00,561.8,,uppsala,5f9fe38afd517828962fde29
9415,2020-05-27 07:00:00+00:00,5.0,,uppsala,5f9fe38afd517828962fde29
9416,2020-05-27 08:00:00+00:00,227.5,,uppsala,5f9fe38afd517828962fde29
9417,2020-05-27 09:00:00+00:00,7.8,,uppsala,5f9fe38afd517828962fde29
9418,2020-05-27 10:00:00+00:00,87.0,,uppsala,5f9fe38afd517828962fde29
9419,2020-05-27 11:00:00+00:00,48.9,,uppsala,5f9fe38afd517828962fde29
9420,2020-05-27 12:00:00+00:00,46.4,,uppsala,5f9fe38afd517828962fde29
9421,2020-05-27 13:00:00+00:00,44.1,,uppsala,5f9fe38afd517828962fde29
9422,2020-05-27 14:00:00+00:00,7.5,,uppsala,5f9fe38afd517828962fde29
9423,2020-05-27 15:00:00+00:00,5.6,,uppsala,5f9fe38afd517828962fde29
9424,2020-05-27 16:00:00+00:00,5.2,,uppsala,5f9fe38afd517828962fde29
9425,2020-05-27 17:00:00+00:00,47.8,,uppsala,5f9fe38afd517828962fde29
9426,2020-05-27 18:00:00+00:00,416.0,,uppsala,5f9fe38afd517828962fde29
9427,2020-05-27 19:00:00+00:00,181.7,,uppsala,5f9fe38afd517828962fde29
9428,2020-05-27 20:00:00+00:00,0.0,,uppsala,5f9fe38afd517828962fde29
9429,2020-05-27 21:00:00+00:00,0.0,,uppsala,5f9fe38afd517828962fde29
9430,2020-05-27 22:00:00+00:00,0.0,,uppsala,5f9fe38afd517828962fde29
9431,2020-05-27 23:00:00+00:00,0.0,,uppsala,5f9fe38afd517828962fde29
9432,2020-05-28 00:00:00+00:00,0.0,,uppsala,5f9fe38afd517828962fde29
9433,2020-05-28 01:00:00+00:00,0.0,,uppsala,5f9fe38afd517828962fde29
9434,2020-05-28 02:00:00+00:00,29.5,,uppsala,5f9fe38afd517828962fde29
9435,2020-05-28 03:00:00+00:00,372.5,,uppsala,5f9fe38afd517828962fde29
9436,2020-05-28 04:00:00+00:00,603.8,,uppsala,5f9fe38afd517828962fde29
9437,2020-05-28 05:00:00+00:00,718.0,,uppsala,5f9fe38afd517828962fde29
9438,2020-05-28 06:00:00+00:00,805.6,,uppsala,5f9fe38afd517828962fde29
9439,2020-05-28 07:00:00+00:00,9.6,,uppsala,5f9fe38afd517828962fde29
9440,2020-05-28 08:00:00+00:00,10.7,,uppsala,5f9fe38afd517828962fde29
9441,2020-05-28 09:00:00+00:00,563.3,,uppsala,5f9fe38afd517828962fde29
9442,2020-05-28 10:00:00+00:00,11.5,,uppsala,5f9fe38afd517828962fde29
9443,2020-05-28 11:00:00+00:00,238.0,,uppsala,5f9fe38afd517828962fde29
9444,2020-05-28 12:00:00+00:00,50.7,,uppsala,5f9fe38afd517828962fde29
9445,2020-05-28 13:00:00+00:00,315.8,,uppsala,5f9fe38afd517828962fde29
9446,2020-05-28 14:00:00+00:00,9.3,,uppsala,5f9fe38afd517828962fde29
9447,2020-05-28 15:00:00+00:00,66.8,,uppsala,5f9fe38afd517828962fde29
9448,2020-05-28 16:00:00+00:00,616.6,,uppsala,5f9fe38afd517828962fde29
9449,2020-05-28 17:00:00+00:00,607.6,,uppsala,5f9fe38afd517828962fde29
9450,2020-05-28 18:00:00+00:00,466.2,,uppsala,5f9fe38afd517828962fde29
9451,2020-05-28 19:00:00+00:00,94.3,,uppsala,5f9fe38afd517828962fde29
9452,2020-05-28 20:00:00+00:00,0.0,,uppsala,5f9fe38afd517828962fde29
9453,2020-05-28 21:00:00+00:00,0.0,,uppsala,5f9fe38afd517828962fde29
9454,2020-05-28 22:00:00+00:00,0.0,,uppsala,5f9fe38afd517828962fde29
9455,2020-05-28 23:00:00+00:00,0.0,,uppsala,5f9fe38afd517828962fde29
9456,2020-05-29 00:00:00+00:00,0.0,,uppsala,5f9fe38afd517828962fde29
9457,2020-05-29 01:00:00+00:00,0.0,,uppsala,5f9fe38afd517828962fde29
9458,2020-05-29 02:00:00+00:00,34.7,,uppsala,5f9fe38afd517828962fde29
9459,2020-05-29 03:00:00+00:00,329.6,,uppsala,5f9fe38afd517828962fde29
9460,2020-05-29 04:00:00+00:00,42.0,,uppsala,5f9fe38afd517828962fde29
9461,2020-05-29 05:00:00+00:00,40.6,,uppsala,5f9fe38afd517828962fde29
9462,2020-05-29 06:00:00+00:00,85.0,,uppsala,5f9fe38afd517828962fde29
9463,2020-05-29 07:00:00+00:00,60.2,,uppsala,5f9fe38afd517828962fde29
9464,2020-05-29 08:00:00+00:00,16.4,,uppsala,5f9fe38afd517828962fde29
9465,2020-05-29 09:00:00+00:00,10.8,,uppsala,5f9fe38afd517828962fde29
9466,2020-05-29 10:00:00+00:00,11.3,,uppsala,5f9fe38afd517828962fde29
9467,2020-05-29 11:00:00+00:00,358.0,,uppsala,5f9fe38afd517828962fde29
9468,2020-05-29 12:00:00+00:00,73.8,,uppsala,5f9fe38afd517828962fde29
9469,2020-05-29 13:00:00+00:00,476.5,,uppsala,5f9fe38afd517828962fde29
9470,2020-05-29 14:00:00+00:00,792.4,,uppsala,5f9fe38afd517828962fde29
9471,2020-05-29 15:00:00+00:00,757.9,,uppsala,5f9fe38afd517828962fde29
9472,2020-05-29 16:00:00+00:00,702.0,,uppsala,5f9fe38afd517828962fde29
9473,2020-05-29 17:00:00+00:00,595.7,,uppsala,5f9fe38afd517828962fde29
9474,2020-05-29 18:00:00+00:00,291.4,,uppsala,5f9fe38afd517828962fde29
9475,2020-05-29 19:00:00+00:00,209.0,,uppsala,5f9fe38afd517828962fde29
9476,2020-05-29 20:00:00+00:00,0.0,,uppsala,5f9fe38afd517828962fde29
9477,2020-05-29 21:00:00+00:00,0.0,,uppsala,5f9fe38afd517828962fde29
9478,2020-05-29 22:00:00+00:00,0.0,,uppsala,5f9fe38afd517828962fde29
9479,2020-05-29 23:00:00+00:00,0.0,,uppsala,5f9fe38afd517828962fde29
9480,2020-05-30 00:00:00+00:00,0.0,,uppsala,5f9fe38afd517828962fde29
9481,2020-05-30 01:00:00+00:00,0.0,,uppsala,5f9fe38afd517828962fde29
9482,2020-05-30 02:00:00+00:00,0.0,,uppsala,5f9fe38afd517828962fde29
9483,2020-05-30 03:00:00+00:00,98.3,,uppsala,5f9fe38afd517828962fde29
9484,2020-05-30 04:00:00+00:00,76.4,,uppsala,5f9fe38afd517828962fde29
9485,2020-05-30 05:00:00+00:00,375.2,,uppsala,5f9fe38afd517828962fde29
9486,2020-05-30 06:00:00+00:00,23.3,,uppsala,5f9fe38afd517828962fde29
9487,2020-05-30 07:00:00+00:00,22.9,,uppsala,5f9fe38afd517828962fde29
9488,2020-05-30 08:00:00+00:00,9.2,,uppsala,5f9fe38afd517828962fde29
9489,2020-05-30 09:00:00+00:00,9.9,,uppsala,5f9fe38afd517828962fde29
9490,2020-05-30 10:00:00+00:00,426.6,,uppsala,5f9fe38afd517828962fde29
9491,2020-05-30 11:00:00+00:00,702.6,,uppsala,5f9fe38afd517828962fde29
9492,2020-05-30 12:00:00+00:00,857.0,,uppsala,5f9fe38afd517828962fde29
9493,2020-05-30 13:00:00+00:00,897.4,,uppsala,5f9fe38afd517828962fde29
9494,2020-05-30 14:00:00+00:00,883.9,,uppsala,5f9fe38afd517828962fde29
9495,2020-05-30 15:00:00+00:00,863.1,,uppsala,5f9fe38afd517828962fde29
9496,2020-05-30 16:00:00+00:00,815.9,,uppsala,5f9fe38afd517828962fde29
9497,2020-05-30 17:00:00+00:00,726.8,,uppsala,5f9fe38afd517828962fde29
9498,2020-05-30 18:00:00+00:00,577.2,,uppsala,5f9fe38afd517828962fde29
9499,2020-05-30 19:00:00+00:00,316.9,,uppsala,5f9fe38afd517828962fde29
9500,2020-05-30 20:00:00+00:00,0.0,,uppsala,5f9fe38afd517828962fde29
9501,2020-05-30 21:00:00+00:00,0.0,,uppsala,5f9fe38afd517828962fde29
9502,2020-05-30 22:00:00+00:00,0.0,,uppsala,5f9fe38afd517828962fde29
9503,2020-05-30 23:00:00+00:00,0.0,,uppsala,5f9fe38afd517828962fde29
9504,2020-05-31 00:00:00+00:00,0.0,,uppsala,5f9fe38afd517828962fde29
9505,2020-05-31 01:00:00+00:00,0.0,,uppsala,5f9fe38afd517828962fde29
9506,2020-05-31 02:00:00+00:00,47.4,,uppsala,5f9fe38afd517828962fde29
9507,2020-05-31 03:00:00+00:00,420.0,,uppsala,5f9fe38afd517828962fde29
9508,2020-05-31 04:00:00+00:00,624.4,,uppsala,5f9fe38afd517828962fde29
9509,2020-05-31 05:00:00+00:00,748.7,,uppsala,5f9fe38afd517828962fde29
9510,2020-05-31 06:00:00+00:00,825.0,,uppsala,5f9fe38afd517828962fde29
9511,2020-05-31 07:00:00+00:00,874.6,,uppsala,5f9fe38afd517828962fde29
9512,2020-05-31 08:00:00+00:00,916.7,,uppsala,5f9fe38afd517828962fde29
9513,2020-05-31 09:00:00+00:00,929.7,,uppsala,5f9fe38afd517828962fde29
9514,2020-05-31 10:00:00+00:00,929.2,,uppsala,5f9fe38afd517828962fde29
9515,2020-05-31 11:00:00+00:00,920.7,,uppsala,5f9fe38afd517828962fde29
9516,2020-05-31 12:00:00+00:00,906.8,,uppsala,5f9fe38afd517828962fde29
9517,2020-05-31 13:00:00+00:00,871.0,,uppsala,5f9fe38afd517828962fde29
9518,2020-05-31 14:00:00+00:00,841.4,,uppsala,5f9fe38afd517828962fde29
9519,2020-05-31 15:00:00+00:00,843.6,,uppsala,5f9fe38afd517828962fde29
9520,2020-05-31 16:00:00+00:00,781.5,,uppsala,5f9fe38afd517828962fde29
9521,2020-05-31 17:00:00+00:00,702.6,,uppsala,5f9fe38afd517828962fde29
9522,2020-05-31 18:00:00+00:00,550.5,,uppsala,5f9fe38afd517828962fde29
9523,2020-05-31 19:00:00+00:00,271.4,,uppsala,5f9fe38afd517828962fde29
9524,2020-05-31 20:00:00+00:00,0.0,,uppsala,5f9fe38afd517828962fde29
9525,2020-05-31 21:00:00+00:00,0.0,,uppsala,5f9fe38afd517828962fde29
9526,2020-05-31 22:00:00+00:00,0.0,,uppsala,5f9fe38afd517828962fde29
9527,2020-05-31 23:00:00+00:00,0.0,19.04364,uppsala,5f9fe38afd517828962fde29
9528,2020-06-01 00:00:00+00:00,0.0,19.04364,uppsala,5f9fe38afd517828962fde29
9529,2020-06-01 01:00:00+00:00,0.0,19.04364,uppsala,5f9fe38afd517828962fde29
9530,2020-06-01 02:00:00+00:00,53.0,19.04364,uppsala,5f9fe38afd517828962fde29
9531,2020-06-01 03:00:00+00:00,365.4,19.04364,uppsala,5f9fe38afd517828962fde29
9532,2020-06-01 04:00:00+00:00,561.5,19.04364,uppsala,5f9fe38afd517828962fde29
9533,2020-06-01 05:00:00+00:00,675.6,19.04364,uppsala,5f9fe38afd517828962fde29
9534,2020-06-01 06:00:00+00:00,737.3,19.04364,uppsala,5f9fe38afd517828962fde29
9535,2020-06-01 07:00:00+00:00,784.9,19.04364,uppsala,5f9fe38afd517828962fde29
9536,2020-06-01 08:00:00+00:00,814.5,19.04364,uppsala,5f9fe38afd517828962fde29
9537,2020-06-01 09:00:00+00:00,840.9,19.04364,uppsala,5f9fe38afd517828962fde29
9538,2020-06-01 10:00:00+00:00,854.4,19.04364,uppsala,5f9fe38afd517828962fde29
9539,2020-06-01 11:00:00+00:00,861.2,19.04364,uppsala,5f9fe38afd517828962fde29
9540,2020-06-01 12:00:00+00:00,856.9,19.04364,uppsala,5f9fe38afd517828962fde29
9541,2020-06-01 13:00:00+00:00,244.4,19.04364,uppsala,5f9fe38afd517828962fde29
9542,2020-06-01 14:00:00+00:00,807.2,19.04364,uppsala,5f9fe38afd517828962fde29
9543,2020-06-01 15:00:00+00:00,17.5,19.04364,uppsala,5f9fe38afd517828962fde29
9544,2020-06-01 16:00:00+00:00,603.0,19.04364,uppsala,5f9fe38afd517828962fde29
9545,2020-06-01 17:00:00+00:00,557.0,19.04364,uppsala,5f9fe38afd517828962fde29
9546,2020-06-01 18:00:00+00:00,409.9,19.04364,uppsala,5f9fe38afd517828962fde29
9547,2020-06-01 19:00:00+00:00,149.7,19.04364,uppsala,5f9fe38afd517828962fde29
9548,2020-06-01 20:00:00+00:00,0.0,19.04364,uppsala,5f9fe38afd517828962fde29
9549,2020-06-01 21:00:00+00:00,0.0,19.04364,uppsala,5f9fe38afd517828962fde29
9550,2020-06-01 22:00:00+00:00,0.0,19.04364,uppsala,5f9fe38afd517828962fde29
9551,2020-06-01 23:00:00+00:00,0.0,19.04364,uppsala,5f9fe38afd517828962fde29
9552,2020-06-02 00:00:00+00:00,0.0,19.04364,uppsala,5f9fe38afd517828962fde29
9553,2020-06-02 01:00:00+00:00,0.0,19.04364,uppsala,5f9fe38afd517828962fde29
9554,2020-06-02 02:00:00+00:00,36.4,19.04364,uppsala,5f9fe38afd517828962fde29
9555,2020-06-02 03:00:00+00:00,316.1,19.04364,uppsala,5f9fe38afd517828962fde29
9556,2020-06-02 04:00:00+00:00,527.8,19.04364,uppsala,5f9fe38afd517828962fde29
9557,2020-06-02 05:00:00+00:00,661.0,19.04364,uppsala,5f9fe38afd517828962fde29
9558,2020-06-02 06:00:00+00:00,744.4,19.04364,uppsala,5f9fe38afd517828962fde29
9559,2020-06-02 07:00:00+00:00,801.0,19.04364,uppsala,5f9fe38afd517828962fde29
9560,2020-06-02 08:00:00+00:00,840.2,19.04364,uppsala,5f9fe38afd517828962fde29
9561,2020-06-02 09:00:00+00:00,869.6,19.04364,uppsala,5f9fe38afd517828962fde29
9562,2020-06-02 10:00:00+00:00,883.9,19.04364,uppsala,5f9fe38afd517828962fde29
9563,2020-06-02 11:00:00+00:00,891.2,19.04364,uppsala,5f9fe38afd517828962fde29
9564,2020-06-02 12:00:00+00:00,880.2,19.04364,uppsala,5f9fe38afd517828962fde29
9565,2020-06-02 13:00:00+00:00,865.4,19.04364,uppsala,5f9fe38afd517828962fde29
9566,2020-06-02 14:00:00+00:00,835.8,19.04364,uppsala,5f9fe38afd517828962fde29
9567,2020-06-02 15:00:00+00:00,790.6,19.04364,uppsala,5f9fe38afd517828962fde29
9568,2020-06-02 16:00:00+00:00,733.9,19.04364,uppsala,5f9fe38afd517828962fde29
9569,2020-06-02 17:00:00+00:00,641.8,19.04364,uppsala,5f9fe38afd517828962fde29
9570,2020-06-02 18:00:00+00:00,487.6,19.04364,uppsala,5f9fe38afd517828962fde29
9571,2020-06-02 19:00:00+00:00,232.3,19.04364,uppsala,5f9fe38afd517828962fde29
9572,2020-06-02 20:00:00+00:00,0.0,19.04364,uppsala,5f9fe38afd517828962fde29
9573,2020-06-02 21:00:00+00:00,0.0,19.04364,uppsala,5f9fe38afd517828962fde29
9574,2020-06-02 22:00:00+00:00,0.0,19.04364,uppsala,5f9fe38afd517828962fde29
9575,2020-06-02 23:00:00+00:00,0.0,19.04364,uppsala,5f9fe38afd517828962fde29
9576,2020-06-03 00:00:00+00:00,0.0,19.04364,uppsala,5f9fe38afd517828962fde29
9577,2020-06-03 01:00:00+00:00,0.0,19.04364,uppsala,5f9fe38afd517828962fde29
9578,2020-06-03 02:00:00+00:00,64.2,19.04364,uppsala,5f9fe38afd517828962fde29
9579,2020-06-03 03:00:00+00:00,354.0,19.04364,uppsala,5f9fe38afd517828962fde29
9580,2020-06-03 04:00:00+00:00,563.0,19.04364,uppsala,5f9fe38afd517828962fde29
9581,2020-06-03 05:00:00+00:00,694.3,19.04364,uppsala,5f9fe38afd517828962fde29
9582,2020-06-03 06:00:00+00:00,785.7,19.04364,uppsala,5f9fe38afd517828962fde29
9583,2020-06-03 07:00:00+00:00,839.2,19.04364,uppsala,5f9fe38afd517828962fde29
9584,2020-06-03 08:00:00+00:00,868.5,19.04364,uppsala,5f9fe38afd517828962fde29
9585,2020-06-03 09:00:00+00:00,845.4,19.04364,uppsala,5f9fe38afd517828962fde29
9586,2020-06-03 10:00:00+00:00,819.9,19.04364,uppsala,5f9fe38afd517828962fde29
9587,2020-06-03 11:00:00+00:00,885.8,19.04364,uppsala,5f9fe38afd517828962fde29
9588,2020-06-03 12:00:00+00:00,863.8,19.04364,uppsala,5f9fe38afd517828962fde29
9589,2020-06-03 13:00:00+00:00,882.7,19.04364,uppsala,5f9fe38afd517828962fde29
9590,2020-06-03 14:00:00+00:00,852.2,19.04364,uppsala,5f9fe38afd517828962fde29
9591,2020-06-03 15:00:00+00:00,780.3,19.04364,uppsala,5f9fe38afd517828962fde29
9592,2020-06-03 16:00:00+00:00,726.3,19.04364,uppsala,5f9fe38afd517828962fde29
9593,2020-06-03 17:00:00+00:00,631.7,19.04364,uppsala,5f9fe38afd517828962fde29
9594,2020-06-03 18:00:00+00:00,494.7,19.04364,uppsala,5f9fe38afd517828962fde29
9595,2020-06-03 19:00:00+00:00,250.7,19.04364,uppsala,5f9fe38afd517828962fde29
9596,2020-06-03 20:00:00+00:00,0.0,19.04364,uppsala,5f9fe38afd517828962fde29
9597,2020-06-03 21:00:00+00:00,0.0,19.04364,uppsala,5f9fe38afd517828962fde29
9598,2020-06-03 22:00:00+00:00,0.0,19.04364,uppsala,5f9fe38afd517828962fde29
9599,2020-06-03 23:00:00+00:00,0.0,19.04364,uppsala,5f9fe38afd517828962fde29
9600,2020-06-04 00:00:00+00:00,0.0,19.04364,uppsala,5f9fe38afd517828962fde29
9601,2020-06-04 01:00:00+00:00,0.0,19.04364,uppsala,5f9fe38afd517828962fde29
9602,2020-06-04 02:00:00+00:00,66.5,19.04364,uppsala,5f9fe38afd517828962fde29
9603,2020-06-04 03:00:00+00:00,351.9,19.04364,uppsala,5f9fe38afd517828962fde29
9604,2020-06-04 04:00:00+00:00,555.0,19.04364,uppsala,5f9fe38afd517828962fde29
9605,2020-06-04 05:00:00+00:00,643.1,19.04364,uppsala,5f9fe38afd517828962fde29
9606,2020-06-04 06:00:00+00:00,71.3,19.04364,uppsala,5f9fe38afd517828962fde29
9607,2020-06-04 07:00:00+00:00,31.1,19.04364,uppsala,5f9fe38afd517828962fde29
9608,2020-06-04 08:00:00+00:00,743.9,19.04364,uppsala,5f9fe38afd517828962fde29
9609,2020-06-04 09:00:00+00:00,210.0,19.04364,uppsala,5f9fe38afd517828962fde29
9610,2020-06-04 10:00:00+00:00,22.9,19.04364,uppsala,5f9fe38afd517828962fde29
9611,2020-06-04 11:00:00+00:00,147.3,19.04364,uppsala,5f9fe38afd517828962fde29
9612,2020-06-04 12:00:00+00:00,139.2,19.04364,uppsala,5f9fe38afd517828962fde29
9613,2020-06-04 13:00:00+00:00,117.4,19.04364,uppsala,5f9fe38afd517828962fde29
9614,2020-06-04 14:00:00+00:00,13.7,19.04364,uppsala,5f9fe38afd517828962fde29
9615,2020-06-04 15:00:00+00:00,6.6,19.04364,uppsala,5f9fe38afd517828962fde29
9616,2020-06-04 16:00:00+00:00,4.2,19.04364,uppsala,5f9fe38afd517828962fde29
9617,2020-06-04 17:00:00+00:00,41.1,19.04364,uppsala,5f9fe38afd517828962fde29
9618,2020-06-04 18:00:00+00:00,314.7,19.04364,uppsala,5f9fe38afd517828962fde29
9619,2020-06-04 19:00:00+00:00,189.9,19.04364,uppsala,5f9fe38afd517828962fde29
9620,2020-06-04 20:00:00+00:00,0.0,19.04364,uppsala,5f9fe38afd517828962fde29
9621,2020-06-04 21:00:00+00:00,0.0,19.04364,uppsala,5f9fe38afd517828962fde29
9622,2020-06-04 22:00:00+00:00,0.0,19.04364,uppsala,5f9fe38afd517828962fde29
9623,2020-06-04 23:00:00+00:00,0.0,19.04364,uppsala,5f9fe38afd517828962fde29
9624,2020-06-05 00:00:00+00:00,0.0,19.04364,uppsala,5f9fe38afd517828962fde29
9625,2020-06-05 01:00:00+00:00,0.0,19.04364,uppsala,5f9fe38afd517828962fde29
9626,2020-06-05 02:00:00+00:00,0.0,19.04364,uppsala,5f9fe38afd517828962fde29
9627,2020-06-05 03:00:00+00:00,248.6,19.04364,uppsala,5f9fe38afd517828962fde29
9628,2020-06-05 04:00:00+00:00,448.3,19.04364,uppsala,5f9fe38afd517828962fde29
9629,2020-06-05 05:00:00+00:00,552.9,19.04364,uppsala,5f9fe38afd517828962fde29
9630,2020-06-05 06:00:00+00:00,5.1,19.04364,uppsala,5f9fe38afd517828962fde29
9631,2020-06-05 07:00:00+00:00,265.5,19.04364,uppsala,5f9fe38afd517828962fde29
9632,2020-06-05 08:00:00+00:00,108.5,19.04364,uppsala,5f9fe38afd517828962fde29
9633,2020-06-05 09:00:00+00:00,9.0,19.04364,uppsala,5f9fe38afd517828962fde29
9634,2020-06-05 10:00:00+00:00,9.6,19.04364,uppsala,5f9fe38afd517828962fde29
9635,2020-06-05 11:00:00+00:00,38.0,19.04364,uppsala,5f9fe38afd517828962fde29
9636,2020-06-05 12:00:00+00:00,13.5,19.04364,uppsala,5f9fe38afd517828962fde29
9637,2020-06-05 13:00:00+00:00,9.8,19.04364,uppsala,5f9fe38afd517828962fde29
9638,2020-06-05 14:00:00+00:00,19.5,19.04364,uppsala,5f9fe38afd517828962fde29
9639,2020-06-05 15:00:00+00:00,4.8,19.04364,uppsala,5f9fe38afd517828962fde29
9640,2020-06-05 16:00:00+00:00,56.0,19.04364,uppsala,5f9fe38afd517828962fde29
9641,2020-06-05 17:00:00+00:00,0.0,19.04364,uppsala,5f9fe38afd517828962fde29
9642,2020-06-05 18:00:00+00:00,0.0,19.04364,uppsala,5f9fe38afd517828962fde29
9643,2020-06-05 19:00:00+00:00,0.5,19.04364,uppsala,5f9fe38afd517828962fde29
9644,2020-06-05 20:00:00+00:00,0.0,19.04364,uppsala,5f9fe38afd517828962fde29
9645,2020-06-05 21:00:00+00:00,0.0,19.04364,uppsala,5f9fe38afd517828962fde29
9646,2020-06-05 22:00:00+00:00,0.0,19.04364,uppsala,5f9fe38afd517828962fde29
9647,2020-06-05 23:00:00+00:00,0.0,19.04364,uppsala,5f9fe38afd517828962fde29
9648,2020-06-06 00:00:00+00:00,0.0,19.04364,uppsala,5f9fe38afd517828962fde29
9649,2020-06-06 01:00:00+00:00,0.0,19.04364,uppsala,5f9fe38afd517828962fde29
9650,2020-06-06 02:00:00+00:00,0.0,19.04364,uppsala,5f9fe38afd517828962fde29
9651,2020-06-06 03:00:00+00:00,0.0,19.04364,uppsala,5f9fe38afd517828962fde29
9652,2020-06-06 04:00:00+00:00,0.0,19.04364,uppsala,5f9fe38afd517828962fde29
9653,2020-06-06 05:00:00+00:00,2.9,19.04364,uppsala,5f9fe38afd517828962fde29
9654,2020-06-06 06:00:00+00:00,56.4,19.04364,uppsala,5f9fe38afd517828962fde29
9655,2020-06-06 07:00:00+00:00,41.3,19.04364,uppsala,5f9fe38afd517828962fde29
9656,2020-06-06 08:00:00+00:00,21.9,19.04364,uppsala,5f9fe38afd517828962fde29
9657,2020-06-06 09:00:00+00:00,47.3,19.04364,uppsala,5f9fe38afd517828962fde29
9658,2020-06-06 10:00:00+00:00,12.8,19.04364,uppsala,5f9fe38afd517828962fde29
9659,2020-06-06 11:00:00+00:00,137.5,19.04364,uppsala,5f9fe38afd517828962fde29
9660,2020-06-06 12:00:00+00:00,49.1,19.04364,uppsala,5f9fe38afd517828962fde29
9661,2020-06-06 13:00:00+00:00,20.0,19.04364,uppsala,5f9fe38afd517828962fde29
9662,2020-06-06 14:00:00+00:00,63.3,19.04364,uppsala,5f9fe38afd517828962fde29
9663,2020-06-06 15:00:00+00:00,14.4,19.04364,uppsala,5f9fe38afd517828962fde29
9664,2020-06-06 16:00:00+00:00,12.1,19.04364,uppsala,5f9fe38afd517828962fde29
9665,2020-06-06 17:00:00+00:00,0.0,19.04364,uppsala,5f9fe38afd517828962fde29
9666,2020-06-06 18:00:00+00:00,18.7,19.04364,uppsala,5f9fe38afd517828962fde29
9667,2020-06-06 19:00:00+00:00,0.0,19.04364,uppsala,5f9fe38afd517828962fde29
9668,2020-06-06 20:00:00+00:00,0.0,19.04364,uppsala,5f9fe38afd517828962fde29
9669,2020-06-06 21:00:00+00:00,0.0,19.04364,uppsala,5f9fe38afd517828962fde29
9670,2020-06-06 22:00:00+00:00,0.0,19.04364,uppsala,5f9fe38afd517828962fde29
9671,2020-06-06 23:00:00+00:00,0.0,19.04364,uppsala,5f9fe38afd517828962fde29
9672,2020-06-07 00:00:00+00:00,0.0,19.04364,uppsala,5f9fe38afd517828962fde29
9673,2020-06-07 01:00:00+00:00,0.0,19.04364,uppsala,5f9fe38afd517828962fde29
9674,2020-06-07 02:00:00+00:00,49.5,19.04364,uppsala,5f9fe38afd517828962fde29
9675,2020-06-07 03:00:00+00:00,376.5,19.04364,uppsala,5f9fe38afd517828962fde29
9676,2020-06-07 04:00:00+00:00,585.3,19.04364,uppsala,5f9fe38afd517828962fde29
9677,2020-06-07 05:00:00+00:00,698.6,19.04364,uppsala,5f9fe38afd517828962fde29
9678,2020-06-07 06:00:00+00:00,782.9,19.04364,uppsala,5f9fe38afd517828962fde29
9679,2020-06-07 07:00:00+00:00,719.0,19.04364,uppsala,5f9fe38afd517828962fde29
9680,2020-06-07 08:00:00+00:00,878.3,19.04364,uppsala,5f9fe38afd517828962fde29
9681,2020-06-07 09:00:00+00:00,874.3,19.04364,uppsala,5f9fe38afd517828962fde29
9682,2020-06-07 10:00:00+00:00,718.2,19.04364,uppsala,5f9fe38afd517828962fde29
9683,2020-06-07 11:00:00+00:00,11.3,19.04364,uppsala,5f9fe38afd517828962fde29
9684,2020-06-07 12:00:00+00:00,10.9,19.04364,uppsala,5f9fe38afd517828962fde29
9685,2020-06-07 13:00:00+00:00,109.7,19.04364,uppsala,5f9fe38afd517828962fde29
9686,2020-06-07 14:00:00+00:00,410.8,19.04364,uppsala,5f9fe38afd517828962fde29
9687,2020-06-07 15:00:00+00:00,395.2,19.04364,uppsala,5f9fe38afd517828962fde29
9688,2020-06-07 16:00:00+00:00,81.8,19.04364,uppsala,5f9fe38afd517828962fde29
9689,2020-06-07 17:00:00+00:00,111.2,19.04364,uppsala,5f9fe38afd517828962fde29
9690,2020-06-07 18:00:00+00:00,0.0,19.04364,uppsala,5f9fe38afd517828962fde29
9691,2020-06-07 19:00:00+00:00,0.0,19.04364,uppsala,5f9fe38afd517828962fde29
9692,2020-06-07 20:00:00+00:00,0.0,19.04364,uppsala,5f9fe38afd517828962fde29
9693,2020-06-07 21:00:00+00:00,0.0,19.04364,uppsala,5f9fe38afd517828962fde29
9694,2020-06-07 22:00:00+00:00,0.0,19.04364,uppsala,5f9fe38afd517828962fde29
9695,2020-06-07 23:00:00+00:00,0.0,19.04364,uppsala,5f9fe38afd517828962fde29
9696,2020-06-08 00:00:00+00:00,0.0,19.04364,uppsala,5f9fe38afd517828962fde29
9697,2020-06-08 01:00:00+00:00,0.0,19.04364,uppsala,5f9fe38afd517828962fde29
9698,2020-06-08 02:00:00+00:00,0.0,19.04364,uppsala,5f9fe38afd517828962fde29
9699,2020-06-08 03:00:00+00:00,232.0,19.04364,uppsala,5f9fe38afd517828962fde29
9700,2020-06-08 04:00:00+00:00,480.1,19.04364,uppsala,5f9fe38afd517828962fde29
9701,2020-06-08 05:00:00+00:00,604.1,19.04364,uppsala,5f9fe38afd517828962fde29
9702,2020-06-08 06:00:00+00:00,718.0,19.04364,uppsala,5f9fe38afd517828962fde29
9703,2020-06-08 07:00:00+00:00,736.7,19.04364,uppsala,5f9fe38afd517828962fde29
9704,2020-06-08 08:00:00+00:00,491.8,19.04364,uppsala,5f9fe38afd517828962fde29
9705,2020-06-08 09:00:00+00:00,847.7,19.04364,uppsala,5f9fe38afd517828962fde29
9706,2020-06-08 10:00:00+00:00,144.0,19.04364,uppsala,5f9fe38afd517828962fde29
9707,2020-06-08 11:00:00+00:00,120.0,19.04364,uppsala,5f9fe38afd517828962fde29
9708,2020-06-08 12:00:00+00:00,195.7,19.04364,uppsala,5f9fe38afd517828962fde29
9709,2020-06-08 13:00:00+00:00,100.2,19.04364,uppsala,5f9fe38afd517828962fde29
9710,2020-06-08 14:00:00+00:00,8.4,19.04364,uppsala,5f9fe38afd517828962fde29
9711,2020-06-08 15:00:00+00:00,7.9,19.04364,uppsala,5f9fe38afd517828962fde29
9712,2020-06-08 16:00:00+00:00,243.7,19.04364,uppsala,5f9fe38afd517828962fde29
9713,2020-06-08 17:00:00+00:00,45.2,19.04364,uppsala,5f9fe38afd517828962fde29
9714,2020-06-08 18:00:00+00:00,41.8,19.04364,uppsala,5f9fe38afd517828962fde29
9715,2020-06-08 19:00:00+00:00,0.0,19.04364,uppsala,5f9fe38afd517828962fde29
9716,2020-06-08 20:00:00+00:00,0.0,19.04364,uppsala,5f9fe38afd517828962fde29
9717,2020-06-08 21:00:00+00:00,0.0,19.04364,uppsala,5f9fe38afd517828962fde29
9718,2020-06-08 22:00:00+00:00,0.0,19.04364,uppsala,5f9fe38afd517828962fde29
9719,2020-06-08 23:00:00+00:00,0.0,19.04364,uppsala,5f9fe38afd517828962fde29
9720,2020-06-09 00:00:00+00:00,0.0,19.04364,uppsala,5f9fe38afd517828962fde29
9721,2020-06-09 01:00:00+00:00,0.0,19.04364,uppsala,5f9fe38afd517828962fde29
9722,2020-06-09 02:00:00+00:00,50.5,19.04364,uppsala,5f9fe38afd517828962fde29
9723,2020-06-09 03:00:00+00:00,375.0,19.04364,uppsala,5f9fe38afd517828962fde29
9724,2020-06-09 04:00:00+00:00,555.5,19.04364,uppsala,5f9fe38afd517828962fde29
9725,2020-06-09 05:00:00+00:00,687.8,19.04364,uppsala,5f9fe38afd517828962fde29
9726,2020-06-09 06:00:00+00:00,770.7,19.04364,uppsala,5f9fe38afd517828962fde29
9727,2020-06-09 07:00:00+00:00,824.2,19.04364,uppsala,5f9fe38afd517828962fde29
9728,2020-06-09 08:00:00+00:00,860.7,19.04364,uppsala,5f9fe38afd517828962fde29
9729,2020-06-09 09:00:00+00:00,881.4,19.04364,uppsala,5f9fe38afd517828962fde29
9730,2020-06-09 10:00:00+00:00,832.6,19.04364,uppsala,5f9fe38afd517828962fde29
9731,2020-06-09 11:00:00+00:00,257.7,19.04364,uppsala,5f9fe38afd517828962fde29
9732,2020-06-09 12:00:00+00:00,9.9,19.04364,uppsala,5f9fe38afd517828962fde29
9733,2020-06-09 13:00:00+00:00,211.4,19.04364,uppsala,5f9fe38afd517828962fde29
9734,2020-06-09 14:00:00+00:00,8.0,19.04364,uppsala,5f9fe38afd517828962fde29
9735,2020-06-09 15:00:00+00:00,20.6,19.04364,uppsala,5f9fe38afd517828962fde29
9736,2020-06-09 16:00:00+00:00,39.5,19.04364,uppsala,5f9fe38afd517828962fde29
9737,2020-06-09 17:00:00+00:00,451.6,19.04364,uppsala,5f9fe38afd517828962fde29
9738,2020-06-09 18:00:00+00:00,267.2,19.04364,uppsala,5f9fe38afd517828962fde29
9739,2020-06-09 19:00:00+00:00,4.4,19.04364,uppsala,5f9fe38afd517828962fde29
9740,2020-06-09 20:00:00+00:00,0.0,19.04364,uppsala,5f9fe38afd517828962fde29
9741,2020-06-09 21:00:00+00:00,0.0,19.04364,uppsala,5f9fe38afd517828962fde29
9742,2020-06-09 22:00:00+00:00,0.0,19.04364,uppsala,5f9fe38afd517828962fde29
9743,2020-06-09 23:00:00+00:00,0.0,19.04364,uppsala,5f9fe38afd517828962fde29
9744,2020-06-10 00:00:00+00:00,0.0,19.04364,uppsala,5f9fe38afd517828962fde29
9745,2020-06-10 01:00:00+00:00,0.0,19.04364,uppsala,5f9fe38afd517828962fde29
9746,2020-06-10 02:00:00+00:00,30.1,19.04364,uppsala,5f9fe38afd517828962fde29
9747,2020-06-10 03:00:00+00:00,295.4,19.04364,uppsala,5f9fe38afd517828962fde29
9748,2020-06-10 04:00:00+00:00,496.3,19.04364,uppsala,5f9fe38afd517828962fde29
9749,2020-06-10 05:00:00+00:00,630.0,19.04364,uppsala,5f9fe38afd517828962fde29
9750,2020-06-10 06:00:00+00:00,718.5,19.04364,uppsala,5f9fe38afd517828962fde29
9751,2020-06-10 07:00:00+00:00,768.4,19.04364,uppsala,5f9fe38afd517828962fde29
9752,2020-06-10 08:00:00+00:00,802.2,19.04364,uppsala,5f9fe38afd517828962fde29
9753,2020-06-10 09:00:00+00:00,832.1,19.04364,uppsala,5f9fe38afd517828962fde29
9754,2020-06-10 10:00:00+00:00,846.6,19.04364,uppsala,5f9fe38afd517828962fde29
9755,2020-06-10 11:00:00+00:00,857.3,19.04364,uppsala,5f9fe38afd517828962fde29
9756,2020-06-10 12:00:00+00:00,859.1,19.04364,uppsala,5f9fe38afd517828962fde29
9757,2020-06-10 13:00:00+00:00,851.9,19.04364,uppsala,5f9fe38afd517828962fde29
9758,2020-06-10 14:00:00+00:00,828.0,19.04364,uppsala,5f9fe38afd517828962fde29
9759,2020-06-10 15:00:00+00:00,833.4,19.04364,uppsala,5f9fe38afd517828962fde29
9760,2020-06-10 16:00:00+00:00,789.1,19.04364,uppsala,5f9fe38afd517828962fde29
9761,2020-06-10 17:00:00+00:00,700.1,19.04364,uppsala,5f9fe38afd517828962fde29
9762,2020-06-10 18:00:00+00:00,575.7,19.04364,uppsala,5f9fe38afd517828962fde29
9763,2020-06-10 19:00:00+00:00,346.3,19.04364,uppsala,5f9fe38afd517828962fde29
9764,2020-06-10 20:00:00+00:00,2.0,19.04364,uppsala,5f9fe38afd517828962fde29
9765,2020-06-10 21:00:00+00:00,0.0,19.04364,uppsala,5f9fe38afd517828962fde29
9766,2020-06-10 22:00:00+00:00,0.0,19.04364,uppsala,5f9fe38afd517828962fde29
9767,2020-06-10 23:00:00+00:00,0.0,19.04364,uppsala,5f9fe38afd517828962fde29
9768,2020-06-11 00:00:00+00:00,0.0,19.04364,uppsala,5f9fe38afd517828962fde29
9769,2020-06-11 01:00:00+00:00,0.0,19.04364,uppsala,5f9fe38afd517828962fde29
9770,2020-06-11 02:00:00+00:00,112.3,19.04364,uppsala,5f9fe38afd517828962fde29
9771,2020-06-11 03:00:00+00:00,419.8,19.04364,uppsala,5f9fe38afd517828962fde29
9772,2020-06-11 04:00:00+00:00,615.6,19.04364,uppsala,5f9fe38afd517828962fde29
9773,2020-06-11 05:00:00+00:00,734.7,19.04364,uppsala,5f9fe38afd517828962fde29
9774,2020-06-11 06:00:00+00:00,818.0,19.04364,uppsala,5f9fe38afd517828962fde29
9775,2020-06-11 07:00:00+00:00,867.1,19.04364,uppsala,5f9fe38afd517828962fde29
9776,2020-06-11 08:00:00+00:00,896.4,19.04364,uppsala,5f9fe38afd517828962fde29
9777,2020-06-11 09:00:00+00:00,917.9,19.04364,uppsala,5f9fe38afd517828962fde29
9778,2020-06-11 10:00:00+00:00,927.1,19.04364,uppsala,5f9fe38afd517828962fde29
9779,2020-06-11 11:00:00+00:00,928.5,19.04364,uppsala,5f9fe38afd517828962fde29
9780,2020-06-11 12:00:00+00:00,919.8,19.04364,uppsala,5f9fe38afd517828962fde29
9781,2020-06-11 13:00:00+00:00,903.6,19.04364,uppsala,5f9fe38afd517828962fde29
9782,2020-06-11 14:00:00+00:00,886.6,19.04364,uppsala,5f9fe38afd517828962fde29
9783,2020-06-11 15:00:00+00:00,889.9,19.04364,uppsala,5f9fe38afd517828962fde29
9784,2020-06-11 16:00:00+00:00,826.5,19.04364,uppsala,5f9fe38afd517828962fde29
9785,2020-06-11 17:00:00+00:00,741.6,19.04364,uppsala,5f9fe38afd517828962fde29
9786,2020-06-11 18:00:00+00:00,582.4,19.04364,uppsala,5f9fe38afd517828962fde29
9787,2020-06-11 19:00:00+00:00,0.0,19.04364,uppsala,5f9fe38afd517828962fde29
9788,2020-06-11 20:00:00+00:00,1.7000000000000002,19.04364,uppsala,5f9fe38afd517828962fde29
9789,2020-06-11 21:00:00+00:00,0.0,19.04364,uppsala,5f9fe38afd517828962fde29
9790,2020-06-11 22:00:00+00:00,0.0,19.04364,uppsala,5f9fe38afd517828962fde29
9791,2020-06-11 23:00:00+00:00,0.0,19.04364,uppsala,5f9fe38afd517828962fde29
9792,2020-06-12 00:00:00+00:00,0.0,19.04364,uppsala,5f9fe38afd517828962fde29
9793,2020-06-12 01:00:00+00:00,0.0,19.04364,uppsala,5f9fe38afd517828962fde29
9794,2020-06-12 02:00:00+00:00,64.6,19.04364,uppsala,5f9fe38afd517828962fde29
9795,2020-06-12 03:00:00+00:00,393.0,19.04364,uppsala,5f9fe38afd517828962fde29
9796,2020-06-12 04:00:00+00:00,613.8,19.04364,uppsala,5f9fe38afd517828962fde29
9797,2020-06-12 05:00:00+00:00,747.9,19.04364,uppsala,5f9fe38afd517828962fde29
9798,2020-06-12 06:00:00+00:00,691.4,19.04364,uppsala,5f9fe38afd517828962fde29
9799,2020-06-12 07:00:00+00:00,878.8,19.04364,uppsala,5f9fe38afd517828962fde29
9800,2020-06-12 08:00:00+00:00,10.6,19.04364,uppsala,5f9fe38afd517828962fde29
9801,2020-06-12 09:00:00+00:00,11.4,19.04364,uppsala,5f9fe38afd517828962fde29
9802,2020-06-12 10:00:00+00:00,947.4,19.04364,uppsala,5f9fe38afd517828962fde29
9803,2020-06-12 11:00:00+00:00,957.9,19.04364,uppsala,5f9fe38afd517828962fde29
9804,2020-06-12 12:00:00+00:00,953.1,19.04364,uppsala,5f9fe38afd517828962fde29
9805,2020-06-12 13:00:00+00:00,944.6,19.04364,uppsala,5f9fe38afd517828962fde29
9806,2020-06-12 14:00:00+00:00,925.5,19.04364,uppsala,5f9fe38afd517828962fde29
9807,2020-06-12 15:00:00+00:00,820.4,19.04364,uppsala,5f9fe38afd517828962fde29
9808,2020-06-12 16:00:00+00:00,760.5,19.04364,uppsala,5f9fe38afd517828962fde29
9809,2020-06-12 17:00:00+00:00,665.5,19.04364,uppsala,5f9fe38afd517828962fde29
9810,2020-06-12 18:00:00+00:00,534.8,19.04364,uppsala,5f9fe38afd517828962fde29
9811,2020-06-12 19:00:00+00:00,304.8,19.04364,uppsala,5f9fe38afd517828962fde29
9812,2020-06-12 20:00:00+00:00,2.1,19.04364,uppsala,5f9fe38afd517828962fde29
9813,2020-06-12 21:00:00+00:00,0.0,19.04364,uppsala,5f9fe38afd517828962fde29
9814,2020-06-12 22:00:00+00:00,0.0,19.04364,uppsala,5f9fe38afd517828962fde29
9815,2020-06-12 23:00:00+00:00,0.0,19.04364,uppsala,5f9fe38afd517828962fde29
9816,2020-06-13 00:00:00+00:00,0.0,19.04364,uppsala,5f9fe38afd517828962fde29
9817,2020-06-13 01:00:00+00:00,0.0,19.04364,uppsala,5f9fe38afd517828962fde29
9818,2020-06-13 02:00:00+00:00,123.6,19.04364,uppsala,5f9fe38afd517828962fde29
9819,2020-06-13 03:00:00+00:00,462.2,19.04364,uppsala,5f9fe38afd517828962fde29
9820,2020-06-13 04:00:00+00:00,631.0,19.04364,uppsala,5f9fe38afd517828962fde29
9821,2020-06-13 05:00:00+00:00,749.6,19.04364,uppsala,5f9fe38afd517828962fde29
9822,2020-06-13 06:00:00+00:00,810.7,19.04364,uppsala,5f9fe38afd517828962fde29
9823,2020-06-13 07:00:00+00:00,858.2,19.04364,uppsala,5f9fe38afd517828962fde29
9824,2020-06-13 08:00:00+00:00,888.7,19.04364,uppsala,5f9fe38afd517828962fde29
9825,2020-06-13 09:00:00+00:00,909.5,19.04364,uppsala,5f9fe38afd517828962fde29
9826,2020-06-13 10:00:00+00:00,919.8,19.04364,uppsala,5f9fe38afd517828962fde29
9827,2020-06-13 11:00:00+00:00,920.4,19.04364,uppsala,5f9fe38afd517828962fde29
9828,2020-06-13 12:00:00+00:00,913.0,19.04364,uppsala,5f9fe38afd517828962fde29
9829,2020-06-13 13:00:00+00:00,898.0,19.04364,uppsala,5f9fe38afd517828962fde29
9830,2020-06-13 14:00:00+00:00,870.9,19.04364,uppsala,5f9fe38afd517828962fde29
9831,2020-06-13 15:00:00+00:00,809.3,19.04364,uppsala,5f9fe38afd517828962fde29
9832,2020-06-13 16:00:00+00:00,754.3,19.04364,uppsala,5f9fe38afd517828962fde29
9833,2020-06-13 17:00:00+00:00,680.2,19.04364,uppsala,5f9fe38afd517828962fde29
9834,2020-06-13 18:00:00+00:00,530.2,19.04364,uppsala,5f9fe38afd517828962fde29
9835,2020-06-13 19:00:00+00:00,293.5,19.04364,uppsala,5f9fe38afd517828962fde29
9836,2020-06-13 20:00:00+00:00,1.0,19.04364,uppsala,5f9fe38afd517828962fde29
9837,2020-06-13 21:00:00+00:00,0.0,19.04364,uppsala,5f9fe38afd517828962fde29
9838,2020-06-13 22:00:00+00:00,0.0,19.04364,uppsala,5f9fe38afd517828962fde29
9839,2020-06-13 23:00:00+00:00,0.0,19.04364,uppsala,5f9fe38afd517828962fde29
9840,2020-06-14 00:00:00+00:00,0.0,19.04364,uppsala,5f9fe38afd517828962fde29
9841,2020-06-14 01:00:00+00:00,0.0,19.04364,uppsala,5f9fe38afd517828962fde29
9842,2020-06-14 02:00:00+00:00,17.4,19.04364,uppsala,5f9fe38afd517828962fde29
9843,2020-06-14 03:00:00+00:00,260.3,19.04364,uppsala,5f9fe38afd517828962fde29
9844,2020-06-14 04:00:00+00:00,457.3,19.04364,uppsala,5f9fe38afd517828962fde29
9845,2020-06-14 05:00:00+00:00,591.9,19.04364,uppsala,5f9fe38afd517828962fde29
9846,2020-06-14 06:00:00+00:00,677.5,19.04364,uppsala,5f9fe38afd517828962fde29
9847,2020-06-14 07:00:00+00:00,749.7,19.04364,uppsala,5f9fe38afd517828962fde29
9848,2020-06-14 08:00:00+00:00,797.5,19.04364,uppsala,5f9fe38afd517828962fde29
9849,2020-06-14 09:00:00+00:00,838.3,19.04364,uppsala,5f9fe38afd517828962fde29
9850,2020-06-14 10:00:00+00:00,868.2,19.04364,uppsala,5f9fe38afd517828962fde29
9851,2020-06-14 11:00:00+00:00,885.0,19.04364,uppsala,5f9fe38afd517828962fde29
9852,2020-06-14 12:00:00+00:00,891.2,19.04364,uppsala,5f9fe38afd517828962fde29
9853,2020-06-14 13:00:00+00:00,893.0,19.04364,uppsala,5f9fe38afd517828962fde29
9854,2020-06-14 14:00:00+00:00,878.7,19.04364,uppsala,5f9fe38afd517828962fde29
9855,2020-06-14 15:00:00+00:00,846.7,19.04364,uppsala,5f9fe38afd517828962fde29
9856,2020-06-14 16:00:00+00:00,788.4,19.04364,uppsala,5f9fe38afd517828962fde29
9857,2020-06-14 17:00:00+00:00,713.9,19.04364,uppsala,5f9fe38afd517828962fde29
9858,2020-06-14 18:00:00+00:00,582.3,19.04364,uppsala,5f9fe38afd517828962fde29
9859,2020-06-14 19:00:00+00:00,381.8,19.04364,uppsala,5f9fe38afd517828962fde29
9860,2020-06-14 20:00:00+00:00,15.7,19.04364,uppsala,5f9fe38afd517828962fde29
9861,2020-06-14 21:00:00+00:00,0.0,19.04364,uppsala,5f9fe38afd517828962fde29
9862,2020-06-14 22:00:00+00:00,0.0,19.04364,uppsala,5f9fe38afd517828962fde29
9863,2020-06-14 23:00:00+00:00,0.0,19.04364,uppsala,5f9fe38afd517828962fde29
9864,2020-06-15 00:00:00+00:00,0.0,19.04364,uppsala,5f9fe38afd517828962fde29
9865,2020-06-15 01:00:00+00:00,0.0,19.04364,uppsala,5f9fe38afd517828962fde29
9866,2020-06-15 02:00:00+00:00,165.4,19.04364,uppsala,5f9fe38afd517828962fde29
9867,2020-06-15 03:00:00+00:00,497.8,19.04364,uppsala,5f9fe38afd517828962fde29
9868,2020-06-15 04:00:00+00:00,672.0,19.04364,uppsala,5f9fe38afd517828962fde29
9869,2020-06-15 05:00:00+00:00,776.0,19.04364,uppsala,5f9fe38afd517828962fde29
9870,2020-06-15 06:00:00+00:00,841.8,19.04364,uppsala,5f9fe38afd517828962fde29
9871,2020-06-15 07:00:00+00:00,874.2,19.04364,uppsala,5f9fe38afd517828962fde29
9872,2020-06-15 08:00:00+00:00,903.0,19.04364,uppsala,5f9fe38afd517828962fde29
9873,2020-06-15 09:00:00+00:00,903.8,19.04364,uppsala,5f9fe38afd517828962fde29
9874,2020-06-15 10:00:00+00:00,747.8,19.04364,uppsala,5f9fe38afd517828962fde29
9875,2020-06-15 11:00:00+00:00,886.8,19.04364,uppsala,5f9fe38afd517828962fde29
9876,2020-06-15 12:00:00+00:00,882.1,19.04364,uppsala,5f9fe38afd517828962fde29
9877,2020-06-15 13:00:00+00:00,879.0,19.04364,uppsala,5f9fe38afd517828962fde29
9878,2020-06-15 14:00:00+00:00,635.4,19.04364,uppsala,5f9fe38afd517828962fde29
9879,2020-06-15 15:00:00+00:00,393.2,19.04364,uppsala,5f9fe38afd517828962fde29
9880,2020-06-15 16:00:00+00:00,643.5,19.04364,uppsala,5f9fe38afd517828962fde29
9881,2020-06-15 17:00:00+00:00,460.2,19.04364,uppsala,5f9fe38afd517828962fde29
9882,2020-06-15 18:00:00+00:00,368.9,19.04364,uppsala,5f9fe38afd517828962fde29
9883,2020-06-15 19:00:00+00:00,15.7,19.04364,uppsala,5f9fe38afd517828962fde29
9884,2020-06-15 20:00:00+00:00,0.0,19.04364,uppsala,5f9fe38afd517828962fde29
9885,2020-06-15 21:00:00+00:00,0.0,19.04364,uppsala,5f9fe38afd517828962fde29
9886,2020-06-15 22:00:00+00:00,0.0,19.04364,uppsala,5f9fe38afd517828962fde29
9887,2020-06-15 23:00:00+00:00,0.0,19.04364,uppsala,5f9fe38afd517828962fde29
9888,2020-06-16 00:00:00+00:00,0.0,19.04364,uppsala,5f9fe38afd517828962fde29
9889,2020-06-16 01:00:00+00:00,0.0,19.04364,uppsala,5f9fe38afd517828962fde29
9890,2020-06-16 02:00:00+00:00,0.0,19.04364,uppsala,5f9fe38afd517828962fde29
9891,2020-06-16 03:00:00+00:00,0.0,19.04364,uppsala,5f9fe38afd517828962fde29
9892,2020-06-16 04:00:00+00:00,0.8,19.04364,uppsala,5f9fe38afd517828962fde29
9893,2020-06-16 05:00:00+00:00,1.9,19.04364,uppsala,5f9fe38afd517828962fde29
9894,2020-06-16 06:00:00+00:00,7.3,19.04364,uppsala,5f9fe38afd517828962fde29
9895,2020-06-16 07:00:00+00:00,50.4,19.04364,uppsala,5f9fe38afd517828962fde29
9896,2020-06-16 08:00:00+00:00,33.9,19.04364,uppsala,5f9fe38afd517828962fde29
9897,2020-06-16 09:00:00+00:00,40.6,19.04364,uppsala,5f9fe38afd517828962fde29
9898,2020-06-16 10:00:00+00:00,14.2,19.04364,uppsala,5f9fe38afd517828962fde29
9899,2020-06-16 11:00:00+00:00,60.3,19.04364,uppsala,5f9fe38afd517828962fde29
9900,2020-06-16 12:00:00+00:00,8.5,19.04364,uppsala,5f9fe38afd517828962fde29
9901,2020-06-16 13:00:00+00:00,25.7,19.04364,uppsala,5f9fe38afd517828962fde29
9902,2020-06-16 14:00:00+00:00,7.2,19.04364,uppsala,5f9fe38afd517828962fde29
9903,2020-06-16 15:00:00+00:00,7.7,19.04364,uppsala,5f9fe38afd517828962fde29
9904,2020-06-16 16:00:00+00:00,2.1,19.04364,uppsala,5f9fe38afd517828962fde29
9905,2020-06-16 17:00:00+00:00,0.0,19.04364,uppsala,5f9fe38afd517828962fde29
9906,2020-06-16 18:00:00+00:00,10.6,19.04364,uppsala,5f9fe38afd517828962fde29
9907,2020-06-16 19:00:00+00:00,40.8,19.04364,uppsala,5f9fe38afd517828962fde29
9908,2020-06-16 20:00:00+00:00,0.0,19.04364,uppsala,5f9fe38afd517828962fde29
9909,2020-06-16 21:00:00+00:00,0.0,19.04364,uppsala,5f9fe38afd517828962fde29
9910,2020-06-16 22:00:00+00:00,0.0,19.04364,uppsala,5f9fe38afd517828962fde29
9911,2020-06-16 23:00:00+00:00,0.0,19.04364,uppsala,5f9fe38afd517828962fde29
9912,2020-06-17 00:00:00+00:00,0.0,19.04364,uppsala,5f9fe38afd517828962fde29
9913,2020-06-17 01:00:00+00:00,0.0,19.04364,uppsala,5f9fe38afd517828962fde29
9914,2020-06-17 02:00:00+00:00,0.0,19.04364,uppsala,5f9fe38afd517828962fde29
9915,2020-06-17 03:00:00+00:00,9.9,19.04364,uppsala,5f9fe38afd517828962fde29
9916,2020-06-17 04:00:00+00:00,0.8,19.04364,uppsala,5f9fe38afd517828962fde29
9917,2020-06-17 05:00:00+00:00,13.3,19.04364,uppsala,5f9fe38afd517828962fde29
9918,2020-06-17 06:00:00+00:00,30.7,19.04364,uppsala,5f9fe38afd517828962fde29
9919,2020-06-17 07:00:00+00:00,148.1,19.04364,uppsala,5f9fe38afd517828962fde29
9920,2020-06-17 08:00:00+00:00,7.4,19.04364,uppsala,5f9fe38afd517828962fde29
9921,2020-06-17 09:00:00+00:00,65.4,19.04364,uppsala,5f9fe38afd517828962fde29
9922,2020-06-17 10:00:00+00:00,9.3,19.04364,uppsala,5f9fe38afd517828962fde29
9923,2020-06-17 11:00:00+00:00,10.6,19.04364,uppsala,5f9fe38afd517828962fde29
9924,2020-06-17 12:00:00+00:00,9.3,19.04364,uppsala,5f9fe38afd517828962fde29
9925,2020-06-17 13:00:00+00:00,8.9,19.04364,uppsala,5f9fe38afd517828962fde29
9926,2020-06-17 14:00:00+00:00,8.3,19.04364,uppsala,5f9fe38afd517828962fde29
9927,2020-06-17 15:00:00+00:00,232.6,19.04364,uppsala,5f9fe38afd517828962fde29
9928,2020-06-17 16:00:00+00:00,2.7,19.04364,uppsala,5f9fe38afd517828962fde29
9929,2020-06-17 17:00:00+00:00,3.6,19.04364,uppsala,5f9fe38afd517828962fde29
9930,2020-06-17 18:00:00+00:00,151.5,19.04364,uppsala,5f9fe38afd517828962fde29
9931,2020-06-17 19:00:00+00:00,37.6,19.04364,uppsala,5f9fe38afd517828962fde29
9932,2020-06-17 20:00:00+00:00,0.1,19.04364,uppsala,5f9fe38afd517828962fde29
9933,2020-06-17 21:00:00+00:00,0.0,19.04364,uppsala,5f9fe38afd517828962fde29
9934,2020-06-17 22:00:00+00:00,0.0,19.04364,uppsala,5f9fe38afd517828962fde29
9935,2020-06-17 23:00:00+00:00,0.0,19.04364,uppsala,5f9fe38afd517828962fde29
9936,2020-06-18 00:00:00+00:00,0.0,19.04364,uppsala,5f9fe38afd517828962fde29
9937,2020-06-18 01:00:00+00:00,0.0,19.04364,uppsala,5f9fe38afd517828962fde29
9938,2020-06-18 02:00:00+00:00,0.4,19.04364,uppsala,5f9fe38afd517828962fde29
9939,2020-06-18 03:00:00+00:00,294.4,19.04364,uppsala,5f9fe38afd517828962fde29
9940,2020-06-18 04:00:00+00:00,452.8,19.04364,uppsala,5f9fe38afd517828962fde29
9941,2020-06-18 05:00:00+00:00,647.4,19.04364,uppsala,5f9fe38afd517828962fde29
9942,2020-06-18 06:00:00+00:00,743.7,19.04364,uppsala,5f9fe38afd517828962fde29
9943,2020-06-18 07:00:00+00:00,757.1,19.04364,uppsala,5f9fe38afd517828962fde29
9944,2020-06-18 08:00:00+00:00,755.5,19.04364,uppsala,5f9fe38afd517828962fde29
9945,2020-06-18 09:00:00+00:00,873.7,19.04364,uppsala,5f9fe38afd517828962fde29
9946,2020-06-18 10:00:00+00:00,848.0,19.04364,uppsala,5f9fe38afd517828962fde29
9947,2020-06-18 11:00:00+00:00,66.3,19.04364,uppsala,5f9fe38afd517828962fde29
9948,2020-06-18 12:00:00+00:00,557.0,19.04364,uppsala,5f9fe38afd517828962fde29
9949,2020-06-18 13:00:00+00:00,479.4,19.04364,uppsala,5f9fe38afd517828962fde29
9950,2020-06-18 14:00:00+00:00,252.2,19.04364,uppsala,5f9fe38afd517828962fde29
9951,2020-06-18 15:00:00+00:00,526.7,19.04364,uppsala,5f9fe38afd517828962fde29
9952,2020-06-18 16:00:00+00:00,664.6,19.04364,uppsala,5f9fe38afd517828962fde29
9953,2020-06-18 17:00:00+00:00,591.9,19.04364,uppsala,5f9fe38afd517828962fde29
9954,2020-06-18 18:00:00+00:00,456.3,19.04364,uppsala,5f9fe38afd517828962fde29
9955,2020-06-18 19:00:00+00:00,257.9,19.04364,uppsala,5f9fe38afd517828962fde29
9956,2020-06-18 20:00:00+00:00,2.9,19.04364,uppsala,5f9fe38afd517828962fde29
9957,2020-06-18 21:00:00+00:00,0.0,19.04364,uppsala,5f9fe38afd517828962fde29
9958,2020-06-18 22:00:00+00:00,0.0,19.04364,uppsala,5f9fe38afd517828962fde29
9959,2020-06-18 23:00:00+00:00,0.0,19.04364,uppsala,5f9fe38afd517828962fde29
9960,2020-06-19 00:00:00+00:00,0.0,19.04364,uppsala,5f9fe38afd517828962fde29
9961,2020-06-19 01:00:00+00:00,0.0,19.04364,uppsala,5f9fe38afd517828962fde29
9962,2020-06-19 02:00:00+00:00,64.8,19.04364,uppsala,5f9fe38afd517828962fde29
9963,2020-06-19 03:00:00+00:00,389.7,19.04364,uppsala,5f9fe38afd517828962fde29
9964,2020-06-19 04:00:00+00:00,581.0,19.04364,uppsala,5f9fe38afd517828962fde29
9965,2020-06-19 05:00:00+00:00,699.1,19.04364,uppsala,5f9fe38afd517828962fde29
9966,2020-06-19 06:00:00+00:00,765.8,19.04364,uppsala,5f9fe38afd517828962fde29
9967,2020-06-19 07:00:00+00:00,827.6,19.04364,uppsala,5f9fe38afd517828962fde29
9968,2020-06-19 08:00:00+00:00,860.8,19.04364,uppsala,5f9fe38afd517828962fde29
9969,2020-06-19 09:00:00+00:00,878.0,19.04364,uppsala,5f9fe38afd517828962fde29
9970,2020-06-19 10:00:00+00:00,889.7,19.04364,uppsala,5f9fe38afd517828962fde29
9971,2020-06-19 11:00:00+00:00,890.7,19.04364,uppsala,5f9fe38afd517828962fde29
9972,2020-06-19 12:00:00+00:00,887.5,19.04364,uppsala,5f9fe38afd517828962fde29
9973,2020-06-19 13:00:00+00:00,872.5,19.04364,uppsala,5f9fe38afd517828962fde29
9974,2020-06-19 14:00:00+00:00,834.7,19.04364,uppsala,5f9fe38afd517828962fde29
9975,2020-06-19 15:00:00+00:00,777.2,19.04364,uppsala,5f9fe38afd517828962fde29
9976,2020-06-19 16:00:00+00:00,722.7,19.04364,uppsala,5f9fe38afd517828962fde29
9977,2020-06-19 17:00:00+00:00,630.2,19.04364,uppsala,5f9fe38afd517828962fde29
9978,2020-06-19 18:00:00+00:00,483.1,19.04364,uppsala,5f9fe38afd517828962fde29
9979,2020-06-19 19:00:00+00:00,256.4,19.04364,uppsala,5f9fe38afd517828962fde29
9980,2020-06-19 20:00:00+00:00,1.7000000000000002,19.04364,uppsala,5f9fe38afd517828962fde29
9981,2020-06-19 21:00:00+00:00,0.0,19.04364,uppsala,5f9fe38afd517828962fde29
9982,2020-06-19 22:00:00+00:00,0.0,19.04364,uppsala,5f9fe38afd517828962fde29
9983,2020-06-19 23:00:00+00:00,0.0,19.04364,uppsala,5f9fe38afd517828962fde29
9984,2020-06-20 00:00:00+00:00,0.0,19.04364,uppsala,5f9fe38afd517828962fde29
9985,2020-06-20 01:00:00+00:00,0.0,19.04364,uppsala,5f9fe38afd517828962fde29
9986,2020-06-20 02:00:00+00:00,1.9,19.04364,uppsala,5f9fe38afd517828962fde29
9987,2020-06-20 03:00:00+00:00,184.5,19.04364,uppsala,5f9fe38afd517828962fde29
9988,2020-06-20 04:00:00+00:00,455.3,19.04364,uppsala,5f9fe38afd517828962fde29
9989,2020-06-20 05:00:00+00:00,588.9,19.04364,uppsala,5f9fe38afd517828962fde29
9990,2020-06-20 06:00:00+00:00,679.5,19.04364,uppsala,5f9fe38afd517828962fde29
9991,2020-06-20 07:00:00+00:00,730.5,19.04364,uppsala,5f9fe38afd517828962fde29
9992,2020-06-20 08:00:00+00:00,763.0,19.04364,uppsala,5f9fe38afd517828962fde29
9993,2020-06-20 09:00:00+00:00,740.7,19.04364,uppsala,5f9fe38afd517828962fde29
9994,2020-06-20 10:00:00+00:00,127.3,19.04364,uppsala,5f9fe38afd517828962fde29
9995,2020-06-20 11:00:00+00:00,798.8,19.04364,uppsala,5f9fe38afd517828962fde29
9996,2020-06-20 12:00:00+00:00,766.4,19.04364,uppsala,5f9fe38afd517828962fde29
9997,2020-06-20 13:00:00+00:00,758.4,19.04364,uppsala,5f9fe38afd517828962fde29
9998,2020-06-20 14:00:00+00:00,725.4,19.04364,uppsala,5f9fe38afd517828962fde29
9999,2020-06-20 15:00:00+00:00,794.0,19.04364,uppsala,5f9fe38afd517828962fde29
10000,2020-06-20 16:00:00+00:00,732.0,19.04364,uppsala,5f9fe38afd517828962fde29
10001,2020-06-20 17:00:00+00:00,501.8,19.04364,uppsala,5f9fe38afd517828962fde29
10002,2020-06-20 18:00:00+00:00,505.3,19.04364,uppsala,5f9fe38afd517828962fde29
10003,2020-06-20 19:00:00+00:00,279.0,19.04364,uppsala,5f9fe38afd517828962fde29
10004,2020-06-20 20:00:00+00:00,11.8,19.04364,uppsala,5f9fe38afd517828962fde29
10005,2020-06-20 21:00:00+00:00,0.0,19.04364,uppsala,5f9fe38afd517828962fde29
10006,2020-06-20 22:00:00+00:00,0.0,19.04364,uppsala,5f9fe38afd517828962fde29
10007,2020-06-20 23:00:00+00:00,0.0,19.04364,uppsala,5f9fe38afd517828962fde29
10008,2020-06-21 00:00:00+00:00,0.0,19.04364,uppsala,5f9fe38afd517828962fde29
10009,2020-06-21 01:00:00+00:00,0.0,19.04364,uppsala,5f9fe38afd517828962fde29
10010,2020-06-21 02:00:00+00:00,88.1,19.04364,uppsala,5f9fe38afd517828962fde29
10011,2020-06-21 03:00:00+00:00,409.1,19.04364,uppsala,5f9fe38afd517828962fde29
10012,2020-06-21 04:00:00+00:00,597.8,19.04364,uppsala,5f9fe38afd517828962fde29
10013,2020-06-21 05:00:00+00:00,718.1,19.04364,uppsala,5f9fe38afd517828962fde29
10014,2020-06-21 06:00:00+00:00,788.6,19.04364,uppsala,5f9fe38afd517828962fde29
10015,2020-06-21 07:00:00+00:00,837.0,19.04364,uppsala,5f9fe38afd517828962fde29
10016,2020-06-21 08:00:00+00:00,870.4,19.04364,uppsala,5f9fe38afd517828962fde29
10017,2020-06-21 09:00:00+00:00,898.2,19.04364,uppsala,5f9fe38afd517828962fde29
10018,2020-06-21 10:00:00+00:00,911.3,19.04364,uppsala,5f9fe38afd517828962fde29
10019,2020-06-21 11:00:00+00:00,914.4,19.04364,uppsala,5f9fe38afd517828962fde29
10020,2020-06-21 12:00:00+00:00,909.7,19.04364,uppsala,5f9fe38afd517828962fde29
10021,2020-06-21 13:00:00+00:00,901.5,19.04364,uppsala,5f9fe38afd517828962fde29
10022,2020-06-21 14:00:00+00:00,877.3,19.04364,uppsala,5f9fe38afd517828962fde29
10023,2020-06-21 15:00:00+00:00,754.2,19.04364,uppsala,5f9fe38afd517828962fde29
10024,2020-06-21 16:00:00+00:00,694.7,19.04364,uppsala,5f9fe38afd517828962fde29
10025,2020-06-21 17:00:00+00:00,604.6,19.04364,uppsala,5f9fe38afd517828962fde29
10026,2020-06-21 18:00:00+00:00,471.0,19.04364,uppsala,5f9fe38afd517828962fde29
10027,2020-06-21 19:00:00+00:00,254.5,19.04364,uppsala,5f9fe38afd517828962fde29
10028,2020-06-21 20:00:00+00:00,3.2,19.04364,uppsala,5f9fe38afd517828962fde29
10029,2020-06-21 21:00:00+00:00,0.0,19.04364,uppsala,5f9fe38afd517828962fde29
10030,2020-06-21 22:00:00+00:00,0.0,19.04364,uppsala,5f9fe38afd517828962fde29
10031,2020-06-21 23:00:00+00:00,0.0,19.04364,uppsala,5f9fe38afd517828962fde29
10032,2020-06-22 00:00:00+00:00,0.0,19.04364,uppsala,5f9fe38afd517828962fde29
10033,2020-06-22 01:00:00+00:00,0.0,19.04364,uppsala,5f9fe38afd517828962fde29
10034,2020-06-22 02:00:00+00:00,74.7,19.04364,uppsala,5f9fe38afd517828962fde29
10035,2020-06-22 03:00:00+00:00,398.2,19.04364,uppsala,5f9fe38afd517828962fde29
10036,2020-06-22 04:00:00+00:00,590.9,19.04364,uppsala,5f9fe38afd517828962fde29
10037,2020-06-22 05:00:00+00:00,708.8,19.04364,uppsala,5f9fe38afd517828962fde29
10038,2020-06-22 06:00:00+00:00,789.0,19.04364,uppsala,5f9fe38afd517828962fde29
10039,2020-06-22 07:00:00+00:00,842.5,19.04364,uppsala,5f9fe38afd517828962fde29
10040,2020-06-22 08:00:00+00:00,735.9,19.04364,uppsala,5f9fe38afd517828962fde29
10041,2020-06-22 09:00:00+00:00,867.4,19.04364,uppsala,5f9fe38afd517828962fde29
10042,2020-06-22 10:00:00+00:00,814.3,19.04364,uppsala,5f9fe38afd517828962fde29
10043,2020-06-22 11:00:00+00:00,386.8,19.04364,uppsala,5f9fe38afd517828962fde29
10044,2020-06-22 12:00:00+00:00,243.8,19.04364,uppsala,5f9fe38afd517828962fde29
10045,2020-06-22 13:00:00+00:00,11.3,19.04364,uppsala,5f9fe38afd517828962fde29
10046,2020-06-22 14:00:00+00:00,10.3,19.04364,uppsala,5f9fe38afd517828962fde29
10047,2020-06-22 15:00:00+00:00,847.4,19.04364,uppsala,5f9fe38afd517828962fde29
10048,2020-06-22 16:00:00+00:00,784.5,19.04364,uppsala,5f9fe38afd517828962fde29
10049,2020-06-22 17:00:00+00:00,667.4,19.04364,uppsala,5f9fe38afd517828962fde29
10050,2020-06-22 18:00:00+00:00,472.3,19.04364,uppsala,5f9fe38afd517828962fde29
10051,2020-06-22 19:00:00+00:00,301.9,19.04364,uppsala,5f9fe38afd517828962fde29
10052,2020-06-22 20:00:00+00:00,18.3,19.04364,uppsala,5f9fe38afd517828962fde29
10053,2020-06-22 21:00:00+00:00,0.0,19.04364,uppsala,5f9fe38afd517828962fde29
10054,2020-06-22 22:00:00+00:00,0.0,19.04364,uppsala,5f9fe38afd517828962fde29
10055,2020-06-22 23:00:00+00:00,0.0,19.04364,uppsala,5f9fe38afd517828962fde29
10056,2020-06-23 00:00:00+00:00,0.0,19.04364,uppsala,5f9fe38afd517828962fde29
10057,2020-06-23 01:00:00+00:00,0.0,19.04364,uppsala,5f9fe38afd517828962fde29
10058,2020-06-23 02:00:00+00:00,103.9,19.04364,uppsala,5f9fe38afd517828962fde29
10059,2020-06-23 03:00:00+00:00,162.2,19.04364,uppsala,5f9fe38afd517828962fde29
10060,2020-06-23 04:00:00+00:00,612.9,19.04364,uppsala,5f9fe38afd517828962fde29
10061,2020-06-23 05:00:00+00:00,744.1,19.04364,uppsala,5f9fe38afd517828962fde29
10062,2020-06-23 06:00:00+00:00,820.2,19.04364,uppsala,5f9fe38afd517828962fde29
10063,2020-06-23 07:00:00+00:00,871.8,19.04364,uppsala,5f9fe38afd517828962fde29
10064,2020-06-23 08:00:00+00:00,906.2,19.04364,uppsala,5f9fe38afd517828962fde29
10065,2020-06-23 09:00:00+00:00,923.3,19.04364,uppsala,5f9fe38afd517828962fde29
10066,2020-06-23 10:00:00+00:00,867.6,19.04364,uppsala,5f9fe38afd517828962fde29
10067,2020-06-23 11:00:00+00:00,917.3,19.04364,uppsala,5f9fe38afd517828962fde29
10068,2020-06-23 12:00:00+00:00,867.0,19.04364,uppsala,5f9fe38afd517828962fde29
10069,2020-06-23 13:00:00+00:00,891.1,19.04364,uppsala,5f9fe38afd517828962fde29
10070,2020-06-23 14:00:00+00:00,869.3,19.04364,uppsala,5f9fe38afd517828962fde29
10071,2020-06-23 15:00:00+00:00,771.4,19.04364,uppsala,5f9fe38afd517828962fde29
10072,2020-06-23 16:00:00+00:00,702.7,19.04364,uppsala,5f9fe38afd517828962fde29
10073,2020-06-23 17:00:00+00:00,609.8,19.04364,uppsala,5f9fe38afd517828962fde29
10074,2020-06-23 18:00:00+00:00,452.0,19.04364,uppsala,5f9fe38afd517828962fde29
10075,2020-06-23 19:00:00+00:00,233.4,19.04364,uppsala,5f9fe38afd517828962fde29
10076,2020-06-23 20:00:00+00:00,1.5,19.04364,uppsala,5f9fe38afd517828962fde29
10077,2020-06-23 21:00:00+00:00,0.0,19.04364,uppsala,5f9fe38afd517828962fde29
10078,2020-06-23 22:00:00+00:00,0.0,19.04364,uppsala,5f9fe38afd517828962fde29
10079,2020-06-23 23:00:00+00:00,0.0,19.04364,uppsala,5f9fe38afd517828962fde29
10080,2020-06-24 00:00:00+00:00,0.0,19.04364,uppsala,5f9fe38afd517828962fde29
10081,2020-06-24 01:00:00+00:00,0.0,19.04364,uppsala,5f9fe38afd517828962fde29
10082,2020-06-24 02:00:00+00:00,39.6,19.04364,uppsala,5f9fe38afd517828962fde29
10083,2020-06-24 03:00:00+00:00,283.9,19.04364,uppsala,5f9fe38afd517828962fde29
10084,2020-06-24 04:00:00+00:00,484.7,19.04364,uppsala,5f9fe38afd517828962fde29
10085,2020-06-24 05:00:00+00:00,626.9,19.04364,uppsala,5f9fe38afd517828962fde29
10086,2020-06-24 06:00:00+00:00,727.0,19.04364,uppsala,5f9fe38afd517828962fde29
10087,2020-06-24 07:00:00+00:00,790.6,19.04364,uppsala,5f9fe38afd517828962fde29
10088,2020-06-24 08:00:00+00:00,834.8,19.04364,uppsala,5f9fe38afd517828962fde29
10089,2020-06-24 09:00:00+00:00,852.8,19.04364,uppsala,5f9fe38afd517828962fde29
10090,2020-06-24 10:00:00+00:00,862.3,19.04364,uppsala,5f9fe38afd517828962fde29
10091,2020-06-24 11:00:00+00:00,855.8,19.04364,uppsala,5f9fe38afd517828962fde29
10092,2020-06-24 12:00:00+00:00,846.8,19.04364,uppsala,5f9fe38afd517828962fde29
10093,2020-06-24 13:00:00+00:00,819.3,19.04364,uppsala,5f9fe38afd517828962fde29
10094,2020-06-24 14:00:00+00:00,792.1,19.04364,uppsala,5f9fe38afd517828962fde29
10095,2020-06-24 15:00:00+00:00,698.4,19.04364,uppsala,5f9fe38afd517828962fde29
10096,2020-06-24 16:00:00+00:00,631.4,19.04364,uppsala,5f9fe38afd517828962fde29
10097,2020-06-24 17:00:00+00:00,518.8,19.04364,uppsala,5f9fe38afd517828962fde29
10098,2020-06-24 18:00:00+00:00,369.2,19.04364,uppsala,5f9fe38afd517828962fde29
10099,2020-06-24 19:00:00+00:00,171.8,19.04364,uppsala,5f9fe38afd517828962fde29
10100,2020-06-24 20:00:00+00:00,0.1,19.04364,uppsala,5f9fe38afd517828962fde29
10101,2020-06-24 21:00:00+00:00,0.0,19.04364,uppsala,5f9fe38afd517828962fde29
10102,2020-06-24 22:00:00+00:00,0.0,19.04364,uppsala,5f9fe38afd517828962fde29
10103,2020-06-24 23:00:00+00:00,0.0,19.04364,uppsala,5f9fe38afd517828962fde29
10104,2020-06-25 00:00:00+00:00,0.0,19.04364,uppsala,5f9fe38afd517828962fde29
10105,2020-06-25 01:00:00+00:00,0.0,19.04364,uppsala,5f9fe38afd517828962fde29
10106,2020-06-25 02:00:00+00:00,20.7,19.04364,uppsala,5f9fe38afd517828962fde29
10107,2020-06-25 03:00:00+00:00,218.6,19.04364,uppsala,5f9fe38afd517828962fde29
10108,2020-06-25 04:00:00+00:00,416.8,19.04364,uppsala,5f9fe38afd517828962fde29
10109,2020-06-25 05:00:00+00:00,566.2,19.04364,uppsala,5f9fe38afd517828962fde29
10110,2020-06-25 06:00:00+00:00,672.5,19.04364,uppsala,5f9fe38afd517828962fde29
10111,2020-06-25 07:00:00+00:00,744.3,19.04364,uppsala,5f9fe38afd517828962fde29
10112,2020-06-25 08:00:00+00:00,786.1,19.04364,uppsala,5f9fe38afd517828962fde29
10113,2020-06-25 09:00:00+00:00,823.6,19.04364,uppsala,5f9fe38afd517828962fde29
10114,2020-06-25 10:00:00+00:00,840.3,19.04364,uppsala,5f9fe38afd517828962fde29
10115,2020-06-25 11:00:00+00:00,844.6,19.04364,uppsala,5f9fe38afd517828962fde29
10116,2020-06-25 12:00:00+00:00,835.3,19.04364,uppsala,5f9fe38afd517828962fde29
10117,2020-06-25 13:00:00+00:00,820.2,19.04364,uppsala,5f9fe38afd517828962fde29
10118,2020-06-25 14:00:00+00:00,773.1,19.04364,uppsala,5f9fe38afd517828962fde29
10119,2020-06-25 15:00:00+00:00,660.5,19.04364,uppsala,5f9fe38afd517828962fde29
10120,2020-06-25 16:00:00+00:00,596.3,19.04364,uppsala,5f9fe38afd517828962fde29
10121,2020-06-25 17:00:00+00:00,505.2,19.04364,uppsala,5f9fe38afd517828962fde29
10122,2020-06-25 18:00:00+00:00,361.9,19.04364,uppsala,5f9fe38afd517828962fde29
10123,2020-06-25 19:00:00+00:00,166.1,19.04364,uppsala,5f9fe38afd517828962fde29
10124,2020-06-25 20:00:00+00:00,0.0,19.04364,uppsala,5f9fe38afd517828962fde29
10125,2020-06-25 21:00:00+00:00,0.0,19.04364,uppsala,5f9fe38afd517828962fde29
10126,2020-06-25 22:00:00+00:00,0.0,19.04364,uppsala,5f9fe38afd517828962fde29
10127,2020-06-25 23:00:00+00:00,0.0,19.04364,uppsala,5f9fe38afd517828962fde29
10128,2020-06-26 00:00:00+00:00,0.0,19.04364,uppsala,5f9fe38afd517828962fde29
10129,2020-06-26 01:00:00+00:00,0.0,19.04364,uppsala,5f9fe38afd517828962fde29
10130,2020-06-26 02:00:00+00:00,11.7,19.04364,uppsala,5f9fe38afd517828962fde29
10131,2020-06-26 03:00:00+00:00,351.1,19.04364,uppsala,5f9fe38afd517828962fde29
10132,2020-06-26 04:00:00+00:00,536.7,19.04364,uppsala,5f9fe38afd517828962fde29
10133,2020-06-26 05:00:00+00:00,651.8,19.04364,uppsala,5f9fe38afd517828962fde29
10134,2020-06-26 06:00:00+00:00,722.5,19.04364,uppsala,5f9fe38afd517828962fde29
10135,2020-06-26 07:00:00+00:00,769.8,19.04364,uppsala,5f9fe38afd517828962fde29
10136,2020-06-26 08:00:00+00:00,810.0,19.04364,uppsala,5f9fe38afd517828962fde29
10137,2020-06-26 09:00:00+00:00,833.4,19.04364,uppsala,5f9fe38afd517828962fde29
10138,2020-06-26 10:00:00+00:00,848.0,19.04364,uppsala,5f9fe38afd517828962fde29
10139,2020-06-26 11:00:00+00:00,849.9,19.04364,uppsala,5f9fe38afd517828962fde29
10140,2020-06-26 12:00:00+00:00,843.2,19.04364,uppsala,5f9fe38afd517828962fde29
10141,2020-06-26 13:00:00+00:00,833.7,19.04364,uppsala,5f9fe38afd517828962fde29
10142,2020-06-26 14:00:00+00:00,805.2,19.04364,uppsala,5f9fe38afd517828962fde29
10143,2020-06-26 15:00:00+00:00,608.6,19.04364,uppsala,5f9fe38afd517828962fde29
10144,2020-06-26 16:00:00+00:00,582.1,19.04364,uppsala,5f9fe38afd517828962fde29
10145,2020-06-26 17:00:00+00:00,464.4,19.04364,uppsala,5f9fe38afd517828962fde29
10146,2020-06-26 18:00:00+00:00,306.5,19.04364,uppsala,5f9fe38afd517828962fde29
10147,2020-06-26 19:00:00+00:00,124.4,19.04364,uppsala,5f9fe38afd517828962fde29
10148,2020-06-26 20:00:00+00:00,0.0,19.04364,uppsala,5f9fe38afd517828962fde29
10149,2020-06-26 21:00:00+00:00,0.0,19.04364,uppsala,5f9fe38afd517828962fde29
10150,2020-06-26 22:00:00+00:00,0.0,19.04364,uppsala,5f9fe38afd517828962fde29
10151,2020-06-26 23:00:00+00:00,0.0,19.04364,uppsala,5f9fe38afd517828962fde29
10152,2020-06-27 00:00:00+00:00,0.0,19.04364,uppsala,5f9fe38afd517828962fde29
10153,2020-06-27 01:00:00+00:00,0.0,19.04364,uppsala,5f9fe38afd517828962fde29
10154,2020-06-27 02:00:00+00:00,9.8,19.04364,uppsala,5f9fe38afd517828962fde29
10155,2020-06-27 03:00:00+00:00,223.1,19.04364,uppsala,5f9fe38afd517828962fde29
10156,2020-06-27 04:00:00+00:00,423.0,19.04364,uppsala,5f9fe38afd517828962fde29
10157,2020-06-27 05:00:00+00:00,559.1,19.04364,uppsala,5f9fe38afd517828962fde29
10158,2020-06-27 06:00:00+00:00,655.2,19.04364,uppsala,5f9fe38afd517828962fde29
10159,2020-06-27 07:00:00+00:00,720.6,19.04364,uppsala,5f9fe38afd517828962fde29
10160,2020-06-27 08:00:00+00:00,782.8,19.04364,uppsala,5f9fe38afd517828962fde29
10161,2020-06-27 09:00:00+00:00,823.0,19.04364,uppsala,5f9fe38afd517828962fde29
10162,2020-06-27 10:00:00+00:00,850.7,19.04364,uppsala,5f9fe38afd517828962fde29
10163,2020-06-27 11:00:00+00:00,856.4,19.04364,uppsala,5f9fe38afd517828962fde29
10164,2020-06-27 12:00:00+00:00,852.7,19.04364,uppsala,5f9fe38afd517828962fde29
10165,2020-06-27 13:00:00+00:00,842.7,19.04364,uppsala,5f9fe38afd517828962fde29
10166,2020-06-27 14:00:00+00:00,799.5,19.04364,uppsala,5f9fe38afd517828962fde29
10167,2020-06-27 15:00:00+00:00,654.8,19.04364,uppsala,5f9fe38afd517828962fde29
10168,2020-06-27 16:00:00+00:00,11.0,19.04364,uppsala,5f9fe38afd517828962fde29
10169,2020-06-27 17:00:00+00:00,507.0,19.04364,uppsala,5f9fe38afd517828962fde29
10170,2020-06-27 18:00:00+00:00,17.1,19.04364,uppsala,5f9fe38afd517828962fde29
10171,2020-06-27 19:00:00+00:00,157.6,19.04364,uppsala,5f9fe38afd517828962fde29
10172,2020-06-27 20:00:00+00:00,0.0,19.04364,uppsala,5f9fe38afd517828962fde29
10173,2020-06-27 21:00:00+00:00,0.0,19.04364,uppsala,5f9fe38afd517828962fde29
10174,2020-06-27 22:00:00+00:00,0.0,19.04364,uppsala,5f9fe38afd517828962fde29
10175,2020-06-27 23:00:00+00:00,0.0,19.04364,uppsala,5f9fe38afd517828962fde29
10176,2020-06-28 00:00:00+00:00,0.0,19.04364,uppsala,5f9fe38afd517828962fde29
10177,2020-06-28 01:00:00+00:00,0.0,19.04364,uppsala,5f9fe38afd517828962fde29
10178,2020-06-28 02:00:00+00:00,0.0,19.04364,uppsala,5f9fe38afd517828962fde29
10179,2020-06-28 03:00:00+00:00,0.0,19.04364,uppsala,5f9fe38afd517828962fde29
10180,2020-06-28 04:00:00+00:00,0.7000000000000001,19.04364,uppsala,5f9fe38afd517828962fde29
10181,2020-06-28 05:00:00+00:00,331.4,19.04364,uppsala,5f9fe38afd517828962fde29
10182,2020-06-28 06:00:00+00:00,559.7,19.04364,uppsala,5f9fe38afd517828962fde29
10183,2020-06-28 07:00:00+00:00,645.6,19.04364,uppsala,5f9fe38afd517828962fde29
10184,2020-06-28 08:00:00+00:00,565.3,19.04364,uppsala,5f9fe38afd517828962fde29
10185,2020-06-28 09:00:00+00:00,720.6,19.04364,uppsala,5f9fe38afd517828962fde29
10186,2020-06-28 10:00:00+00:00,737.2,19.04364,uppsala,5f9fe38afd517828962fde29
10187,2020-06-28 11:00:00+00:00,674.2,19.04364,uppsala,5f9fe38afd517828962fde29
10188,2020-06-28 12:00:00+00:00,735.5,19.04364,uppsala,5f9fe38afd517828962fde29
10189,2020-06-28 13:00:00+00:00,201.9,19.04364,uppsala,5f9fe38afd517828962fde29
10190,2020-06-28 14:00:00+00:00,248.6,19.04364,uppsala,5f9fe38afd517828962fde29
10191,2020-06-28 15:00:00+00:00,196.0,19.04364,uppsala,5f9fe38afd517828962fde29
10192,2020-06-28 16:00:00+00:00,307.3,19.04364,uppsala,5f9fe38afd517828962fde29
10193,2020-06-28 17:00:00+00:00,356.6,19.04364,uppsala,5f9fe38afd517828962fde29
10194,2020-06-28 18:00:00+00:00,26.9,19.04364,uppsala,5f9fe38afd517828962fde29
10195,2020-06-28 19:00:00+00:00,23.7,19.04364,uppsala,5f9fe38afd517828962fde29
10196,2020-06-28 20:00:00+00:00,0.0,19.04364,uppsala,5f9fe38afd517828962fde29
10197,2020-06-28 21:00:00+00:00,0.0,19.04364,uppsala,5f9fe38afd517828962fde29
10198,2020-06-28 22:00:00+00:00,0.0,19.04364,uppsala,5f9fe38afd517828962fde29
10199,2020-06-28 23:00:00+00:00,0.0,19.04364,uppsala,5f9fe38afd517828962fde29
10200,2020-06-29 00:00:00+00:00,0.0,19.04364,uppsala,5f9fe38afd517828962fde29
10201,2020-06-29 01:00:00+00:00,0.0,19.04364,uppsala,5f9fe38afd517828962fde29
10202,2020-06-29 02:00:00+00:00,0.0,19.04364,uppsala,5f9fe38afd517828962fde29
10203,2020-06-29 03:00:00+00:00,0.0,19.04364,uppsala,5f9fe38afd517828962fde29
10204,2020-06-29 04:00:00+00:00,70.6,19.04364,uppsala,5f9fe38afd517828962fde29
10205,2020-06-29 05:00:00+00:00,0.7000000000000001,19.04364,uppsala,5f9fe38afd517828962fde29
10206,2020-06-29 06:00:00+00:00,111.6,19.04364,uppsala,5f9fe38afd517828962fde29
10207,2020-06-29 07:00:00+00:00,278.4,19.04364,uppsala,5f9fe38afd517828962fde29
10208,2020-06-29 08:00:00+00:00,10.9,19.04364,uppsala,5f9fe38afd517828962fde29
10209,2020-06-29 09:00:00+00:00,186.6,19.04364,uppsala,5f9fe38afd517828962fde29
10210,2020-06-29 10:00:00+00:00,10.1,19.04364,uppsala,5f9fe38afd517828962fde29
10211,2020-06-29 11:00:00+00:00,350.3,19.04364,uppsala,5f9fe38afd517828962fde29
10212,2020-06-29 12:00:00+00:00,623.0,19.04364,uppsala,5f9fe38afd517828962fde29
10213,2020-06-29 13:00:00+00:00,505.9,19.04364,uppsala,5f9fe38afd517828962fde29
10214,2020-06-29 14:00:00+00:00,851.4,19.04364,uppsala,5f9fe38afd517828962fde29
10215,2020-06-29 15:00:00+00:00,792.4,19.04364,uppsala,5f9fe38afd517828962fde29
10216,2020-06-29 16:00:00+00:00,733.6,19.04364,uppsala,5f9fe38afd517828962fde29
10217,2020-06-29 17:00:00+00:00,641.9,19.04364,uppsala,5f9fe38afd517828962fde29
10218,2020-06-29 18:00:00+00:00,23.4,19.04364,uppsala,5f9fe38afd517828962fde29
10219,2020-06-29 19:00:00+00:00,0.0,19.04364,uppsala,5f9fe38afd517828962fde29
10220,2020-06-29 20:00:00+00:00,0.0,19.04364,uppsala,5f9fe38afd517828962fde29
10221,2020-06-29 21:00:00+00:00,0.0,19.04364,uppsala,5f9fe38afd517828962fde29
10222,2020-06-29 22:00:00+00:00,0.0,19.04364,uppsala,5f9fe38afd517828962fde29
10223,2020-06-29 23:00:00+00:00,0.0,19.04364,uppsala,5f9fe38afd517828962fde29
10224,2020-06-30 00:00:00+00:00,0.0,19.04364,uppsala,5f9fe38afd517828962fde29
10225,2020-06-30 01:00:00+00:00,0.0,19.04364,uppsala,5f9fe38afd517828962fde29
10226,2020-06-30 02:00:00+00:00,0.0,19.04364,uppsala,5f9fe38afd517828962fde29
10227,2020-06-30 03:00:00+00:00,26.6,19.04364,uppsala,5f9fe38afd517828962fde29
10228,2020-06-30 04:00:00+00:00,0.1,19.04364,uppsala,5f9fe38afd517828962fde29
10229,2020-06-30 05:00:00+00:00,13.2,19.04364,uppsala,5f9fe38afd517828962fde29
10230,2020-06-30 06:00:00+00:00,5.0,19.04364,uppsala,5f9fe38afd517828962fde29
10231,2020-06-30 07:00:00+00:00,286.9,19.04364,uppsala,5f9fe38afd517828962fde29
10232,2020-06-30 08:00:00+00:00,190.8,19.04364,uppsala,5f9fe38afd517828962fde29
10233,2020-06-30 09:00:00+00:00,9.5,19.04364,uppsala,5f9fe38afd517828962fde29
10234,2020-06-30 10:00:00+00:00,85.5,19.04364,uppsala,5f9fe38afd517828962fde29
10235,2020-06-30 11:00:00+00:00,39.0,19.04364,uppsala,5f9fe38afd517828962fde29
10236,2020-06-30 12:00:00+00:00,192.9,19.04364,uppsala,5f9fe38afd517828962fde29
10237,2020-06-30 13:00:00+00:00,138.9,19.04364,uppsala,5f9fe38afd517828962fde29
10238,2020-06-30 14:00:00+00:00,13.6,19.04364,uppsala,5f9fe38afd517828962fde29
10239,2020-06-30 15:00:00+00:00,96.8,19.04364,uppsala,5f9fe38afd517828962fde29
10240,2020-06-30 16:00:00+00:00,2.7,19.04364,uppsala,5f9fe38afd517828962fde29
10241,2020-06-30 17:00:00+00:00,42.4,19.04364,uppsala,5f9fe38afd517828962fde29
10242,2020-06-30 18:00:00+00:00,25.8,19.04364,uppsala,5f9fe38afd517828962fde29
10243,2020-06-30 19:00:00+00:00,140.3,19.04364,uppsala,5f9fe38afd517828962fde29
10244,2020-06-30 20:00:00+00:00,0.0,19.04364,uppsala,5f9fe38afd517828962fde29
10245,2020-06-30 21:00:00+00:00,0.0,19.04364,uppsala,5f9fe38afd517828962fde29
10246,2020-06-30 22:00:00+00:00,0.0,19.04364,uppsala,5f9fe38afd517828962fde29
10247,2020-06-30 23:00:00+00:00,0.0,19.04364,uppsala,5f9fe38afd517828962fde29
10248,2020-07-01 00:00:00+00:00,0.0,19.04364,uppsala,5f9fe38afd517828962fde29
10249,2020-07-01 01:00:00+00:00,0.0,19.04364,uppsala,5f9fe38afd517828962fde29
10250,2020-07-01 02:00:00+00:00,0.0,19.04364,uppsala,5f9fe38afd517828962fde29
10251,2020-07-01 03:00:00+00:00,10.0,19.04364,uppsala,5f9fe38afd517828962fde29
10252,2020-07-01 04:00:00+00:00,58.9,19.04364,uppsala,5f9fe38afd517828962fde29
10253,2020-07-01 05:00:00+00:00,3.1,19.04364,uppsala,5f9fe38afd517828962fde29
10254,2020-07-01 06:00:00+00:00,10.9,19.04364,uppsala,5f9fe38afd517828962fde29
10255,2020-07-01 07:00:00+00:00,24.5,19.04364,uppsala,5f9fe38afd517828962fde29
10256,2020-07-01 08:00:00+00:00,9.0,19.04364,uppsala,5f9fe38afd517828962fde29
10257,2020-07-01 09:00:00+00:00,51.8,19.04364,uppsala,5f9fe38afd517828962fde29
10258,2020-07-01 10:00:00+00:00,14.3,19.04364,uppsala,5f9fe38afd517828962fde29
10259,2020-07-01 11:00:00+00:00,657.3,19.04364,uppsala,5f9fe38afd517828962fde29
10260,2020-07-01 12:00:00+00:00,10.5,19.04364,uppsala,5f9fe38afd517828962fde29
10261,2020-07-01 13:00:00+00:00,253.8,19.04364,uppsala,5f9fe38afd517828962fde29
10262,2020-07-01 14:00:00+00:00,9.2,19.04364,uppsala,5f9fe38afd517828962fde29
10263,2020-07-01 15:00:00+00:00,5.6,19.04364,uppsala,5f9fe38afd517828962fde29
10264,2020-07-01 16:00:00+00:00,13.4,19.04364,uppsala,5f9fe38afd517828962fde29
10265,2020-07-01 17:00:00+00:00,1.2,19.04364,uppsala,5f9fe38afd517828962fde29
10266,2020-07-01 18:00:00+00:00,14.7,19.04364,uppsala,5f9fe38afd517828962fde29
10267,2020-07-01 19:00:00+00:00,0.0,19.04364,uppsala,5f9fe38afd517828962fde29
10268,2020-07-01 20:00:00+00:00,0.0,19.04364,uppsala,5f9fe38afd517828962fde29
10269,2020-07-01 21:00:00+00:00,0.0,19.04364,uppsala,5f9fe38afd517828962fde29
10270,2020-07-01 22:00:00+00:00,0.0,19.04364,uppsala,5f9fe38afd517828962fde29
10271,2020-07-01 23:00:00+00:00,0.0,19.04364,uppsala,5f9fe38afd517828962fde29
10272,2020-07-02 00:00:00+00:00,0.0,19.04364,uppsala,5f9fe38afd517828962fde29
10273,2020-07-02 01:00:00+00:00,0.0,19.04364,uppsala,5f9fe38afd517828962fde29
10274,2020-07-02 02:00:00+00:00,1.0,19.04364,uppsala,5f9fe38afd517828962fde29
10275,2020-07-02 03:00:00+00:00,0.0,19.04364,uppsala,5f9fe38afd517828962fde29
10276,2020-07-02 04:00:00+00:00,3.6,19.04364,uppsala,5f9fe38afd517828962fde29
10277,2020-07-02 05:00:00+00:00,2.7,19.04364,uppsala,5f9fe38afd517828962fde29
10278,2020-07-02 06:00:00+00:00,194.3,19.04364,uppsala,5f9fe38afd517828962fde29
10279,2020-07-02 07:00:00+00:00,20.9,19.04364,uppsala,5f9fe38afd517828962fde29
10280,2020-07-02 08:00:00+00:00,9.4,19.04364,uppsala,5f9fe38afd517828962fde29
10281,2020-07-02 09:00:00+00:00,71.5,19.04364,uppsala,5f9fe38afd517828962fde29
10282,2020-07-02 10:00:00+00:00,55.2,19.04364,uppsala,5f9fe38afd517828962fde29
10283,2020-07-02 11:00:00+00:00,349.2,19.04364,uppsala,5f9fe38afd517828962fde29
10284,2020-07-02 12:00:00+00:00,47.5,19.04364,uppsala,5f9fe38afd517828962fde29
10285,2020-07-02 13:00:00+00:00,12.4,19.04364,uppsala,5f9fe38afd517828962fde29
10286,2020-07-02 14:00:00+00:00,236.1,19.04364,uppsala,5f9fe38afd517828962fde29
10287,2020-07-02 15:00:00+00:00,240.3,19.04364,uppsala,5f9fe38afd517828962fde29
10288,2020-07-02 16:00:00+00:00,426.4,19.04364,uppsala,5f9fe38afd517828962fde29
10289,2020-07-02 17:00:00+00:00,540.0,19.04364,uppsala,5f9fe38afd517828962fde29
10290,2020-07-02 18:00:00+00:00,462.3,19.04364,uppsala,5f9fe38afd517828962fde29
10291,2020-07-02 19:00:00+00:00,221.5,19.04364,uppsala,5f9fe38afd517828962fde29
10292,2020-07-02 20:00:00+00:00,0.1,19.04364,uppsala,5f9fe38afd517828962fde29
10293,2020-07-02 21:00:00+00:00,0.0,19.04364,uppsala,5f9fe38afd517828962fde29
10294,2020-07-02 22:00:00+00:00,0.0,19.04364,uppsala,5f9fe38afd517828962fde29
10295,2020-07-02 23:00:00+00:00,0.0,19.04364,uppsala,5f9fe38afd517828962fde29
10296,2020-07-03 00:00:00+00:00,0.0,19.04364,uppsala,5f9fe38afd517828962fde29
10297,2020-07-03 01:00:00+00:00,0.0,19.04364,uppsala,5f9fe38afd517828962fde29
10298,2020-07-03 02:00:00+00:00,48.4,19.04364,uppsala,5f9fe38afd517828962fde29
10299,2020-07-03 03:00:00+00:00,349.5,19.04364,uppsala,5f9fe38afd517828962fde29
10300,2020-07-03 04:00:00+00:00,67.9,19.04364,uppsala,5f9fe38afd517828962fde29
10301,2020-07-03 05:00:00+00:00,24.1,19.04364,uppsala,5f9fe38afd517828962fde29
10302,2020-07-03 06:00:00+00:00,115.8,19.04364,uppsala,5f9fe38afd517828962fde29
10303,2020-07-03 07:00:00+00:00,8.6,19.04364,uppsala,5f9fe38afd517828962fde29
10304,2020-07-03 08:00:00+00:00,320.7,19.04364,uppsala,5f9fe38afd517828962fde29
10305,2020-07-03 09:00:00+00:00,890.2,19.04364,uppsala,5f9fe38afd517828962fde29
10306,2020-07-03 10:00:00+00:00,666.1,19.04364,uppsala,5f9fe38afd517828962fde29
10307,2020-07-03 11:00:00+00:00,283.0,19.04364,uppsala,5f9fe38afd517828962fde29
10308,2020-07-03 12:00:00+00:00,709.8,19.04364,uppsala,5f9fe38afd517828962fde29
10309,2020-07-03 13:00:00+00:00,651.0,19.04364,uppsala,5f9fe38afd517828962fde29
10310,2020-07-03 14:00:00+00:00,561.2,19.04364,uppsala,5f9fe38afd517828962fde29
10311,2020-07-03 15:00:00+00:00,227.3,19.04364,uppsala,5f9fe38afd517828962fde29
10312,2020-07-03 16:00:00+00:00,393.4,19.04364,uppsala,5f9fe38afd517828962fde29
10313,2020-07-03 17:00:00+00:00,332.5,19.04364,uppsala,5f9fe38afd517828962fde29
10314,2020-07-03 18:00:00+00:00,350.6,19.04364,uppsala,5f9fe38afd517828962fde29
10315,2020-07-03 19:00:00+00:00,218.9,19.04364,uppsala,5f9fe38afd517828962fde29
10316,2020-07-03 20:00:00+00:00,0.30000000000000004,19.04364,uppsala,5f9fe38afd517828962fde29
10317,2020-07-03 21:00:00+00:00,0.0,19.04364,uppsala,5f9fe38afd517828962fde29
10318,2020-07-03 22:00:00+00:00,0.0,19.04364,uppsala,5f9fe38afd517828962fde29
10319,2020-07-03 23:00:00+00:00,0.0,19.04364,uppsala,5f9fe38afd517828962fde29
10320,2020-07-04 00:00:00+00:00,0.0,19.04364,uppsala,5f9fe38afd517828962fde29
10321,2020-07-04 01:00:00+00:00,0.0,19.04364,uppsala,5f9fe38afd517828962fde29
10322,2020-07-04 02:00:00+00:00,0.0,19.04364,uppsala,5f9fe38afd517828962fde29
10323,2020-07-04 03:00:00+00:00,0.0,19.04364,uppsala,5f9fe38afd517828962fde29
10324,2020-07-04 04:00:00+00:00,34.4,19.04364,uppsala,5f9fe38afd517828962fde29
10325,2020-07-04 05:00:00+00:00,10.8,19.04364,uppsala,5f9fe38afd517828962fde29
10326,2020-07-04 06:00:00+00:00,5.7,19.04364,uppsala,5f9fe38afd517828962fde29
10327,2020-07-04 07:00:00+00:00,12.3,19.04364,uppsala,5f9fe38afd517828962fde29
10328,2020-07-04 08:00:00+00:00,15.1,19.04364,uppsala,5f9fe38afd517828962fde29
10329,2020-07-04 09:00:00+00:00,9.4,19.04364,uppsala,5f9fe38afd517828962fde29
10330,2020-07-04 10:00:00+00:00,9.6,19.04364,uppsala,5f9fe38afd517828962fde29
10331,2020-07-04 11:00:00+00:00,16.3,19.04364,uppsala,5f9fe38afd517828962fde29
10332,2020-07-04 12:00:00+00:00,35.3,19.04364,uppsala,5f9fe38afd517828962fde29
10333,2020-07-04 13:00:00+00:00,14.8,19.04364,uppsala,5f9fe38afd517828962fde29
10334,2020-07-04 14:00:00+00:00,260.6,19.04364,uppsala,5f9fe38afd517828962fde29
10335,2020-07-04 15:00:00+00:00,23.7,19.04364,uppsala,5f9fe38afd517828962fde29
10336,2020-07-04 16:00:00+00:00,108.8,19.04364,uppsala,5f9fe38afd517828962fde29
10337,2020-07-04 17:00:00+00:00,22.1,19.04364,uppsala,5f9fe38afd517828962fde29
10338,2020-07-04 18:00:00+00:00,0.0,19.04364,uppsala,5f9fe38afd517828962fde29
10339,2020-07-04 19:00:00+00:00,0.1,19.04364,uppsala,5f9fe38afd517828962fde29
10340,2020-07-04 20:00:00+00:00,0.0,19.04364,uppsala,5f9fe38afd517828962fde29
10341,2020-07-04 21:00:00+00:00,0.0,19.04364,uppsala,5f9fe38afd517828962fde29
10342,2020-07-04 22:00:00+00:00,0.0,19.04364,uppsala,5f9fe38afd517828962fde29
10343,2020-07-04 23:00:00+00:00,0.0,19.04364,uppsala,5f9fe38afd517828962fde29
10344,2020-07-05 00:00:00+00:00,0.0,19.04364,uppsala,5f9fe38afd517828962fde29
10345,2020-07-05 01:00:00+00:00,0.0,19.04364,uppsala,5f9fe38afd517828962fde29
10346,2020-07-05 02:00:00+00:00,0.0,19.04364,uppsala,5f9fe38afd517828962fde29
10347,2020-07-05 03:00:00+00:00,0.0,19.04364,uppsala,5f9fe38afd517828962fde29
10348,2020-07-05 04:00:00+00:00,16.6,19.04364,uppsala,5f9fe38afd517828962fde29
10349,2020-07-05 05:00:00+00:00,8.7,19.04364,uppsala,5f9fe38afd517828962fde29
10350,2020-07-05 06:00:00+00:00,187.9,19.04364,uppsala,5f9fe38afd517828962fde29
10351,2020-07-05 07:00:00+00:00,10.1,19.04364,uppsala,5f9fe38afd517828962fde29
10352,2020-07-05 08:00:00+00:00,139.7,19.04364,uppsala,5f9fe38afd517828962fde29
10353,2020-07-05 09:00:00+00:00,8.0,19.04364,uppsala,5f9fe38afd517828962fde29
10354,2020-07-05 10:00:00+00:00,8.7,19.04364,uppsala,5f9fe38afd517828962fde29
10355,2020-07-05 11:00:00+00:00,19.1,19.04364,uppsala,5f9fe38afd517828962fde29
10356,2020-07-05 12:00:00+00:00,8.8,19.04364,uppsala,5f9fe38afd517828962fde29
10357,2020-07-05 13:00:00+00:00,8.3,19.04364,uppsala,5f9fe38afd517828962fde29
10358,2020-07-05 14:00:00+00:00,118.0,19.04364,uppsala,5f9fe38afd517828962fde29
10359,2020-07-05 15:00:00+00:00,18.2,19.04364,uppsala,5f9fe38afd517828962fde29
10360,2020-07-05 16:00:00+00:00,290.3,19.04364,uppsala,5f9fe38afd517828962fde29
10361,2020-07-05 17:00:00+00:00,3.6,19.04364,uppsala,5f9fe38afd517828962fde29
10362,2020-07-05 18:00:00+00:00,3.9,19.04364,uppsala,5f9fe38afd517828962fde29
10363,2020-07-05 19:00:00+00:00,220.4,19.04364,uppsala,5f9fe38afd517828962fde29
10364,2020-07-05 20:00:00+00:00,0.2,19.04364,uppsala,5f9fe38afd517828962fde29
10365,2020-07-05 21:00:00+00:00,0.0,19.04364,uppsala,5f9fe38afd517828962fde29
10366,2020-07-05 22:00:00+00:00,0.0,19.04364,uppsala,5f9fe38afd517828962fde29
10367,2020-07-05 23:00:00+00:00,0.0,19.04364,uppsala,5f9fe38afd517828962fde29
10368,2020-07-06 00:00:00+00:00,0.0,19.04364,uppsala,5f9fe38afd517828962fde29
10369,2020-07-06 01:00:00+00:00,0.0,19.04364,uppsala,5f9fe38afd517828962fde29
10370,2020-07-06 02:00:00+00:00,0.0,19.04364,uppsala,5f9fe38afd517828962fde29
10371,2020-07-06 03:00:00+00:00,0.0,19.04364,uppsala,5f9fe38afd517828962fde29
10372,2020-07-06 04:00:00+00:00,0.0,19.04364,uppsala,5f9fe38afd517828962fde29
10373,2020-07-06 05:00:00+00:00,2.3,19.04364,uppsala,5f9fe38afd517828962fde29
10374,2020-07-06 06:00:00+00:00,76.7,19.04364,uppsala,5f9fe38afd517828962fde29
10375,2020-07-06 07:00:00+00:00,7.1,19.04364,uppsala,5f9fe38afd517828962fde29
10376,2020-07-06 08:00:00+00:00,8.7,19.04364,uppsala,5f9fe38afd517828962fde29
10377,2020-07-06 09:00:00+00:00,9.6,19.04364,uppsala,5f9fe38afd517828962fde29
10378,2020-07-06 10:00:00+00:00,30.1,19.04364,uppsala,5f9fe38afd517828962fde29
10379,2020-07-06 11:00:00+00:00,10.2,19.04364,uppsala,5f9fe38afd517828962fde29
10380,2020-07-06 12:00:00+00:00,10.0,19.04364,uppsala,5f9fe38afd517828962fde29
10381,2020-07-06 13:00:00+00:00,345.1,19.04364,uppsala,5f9fe38afd517828962fde29
10382,2020-07-06 14:00:00+00:00,8.3,19.04364,uppsala,5f9fe38afd517828962fde29
10383,2020-07-06 15:00:00+00:00,6.5,19.04364,uppsala,5f9fe38afd517828962fde29
10384,2020-07-06 16:00:00+00:00,8.6,19.04364,uppsala,5f9fe38afd517828962fde29
10385,2020-07-06 17:00:00+00:00,6.2,19.04364,uppsala,5f9fe38afd517828962fde29
10386,2020-07-06 18:00:00+00:00,0.0,19.04364,uppsala,5f9fe38afd517828962fde29
10387,2020-07-06 19:00:00+00:00,0.0,19.04364,uppsala,5f9fe38afd517828962fde29
10388,2020-07-06 20:00:00+00:00,0.0,19.04364,uppsala,5f9fe38afd517828962fde29
10389,2020-07-06 21:00:00+00:00,0.0,19.04364,uppsala,5f9fe38afd517828962fde29
10390,2020-07-06 22:00:00+00:00,0.0,19.04364,uppsala,5f9fe38afd517828962fde29
10391,2020-07-06 23:00:00+00:00,0.0,19.04364,uppsala,5f9fe38afd517828962fde29
10392,2020-07-07 00:00:00+00:00,0.0,19.04364,uppsala,5f9fe38afd517828962fde29
10393,2020-07-07 01:00:00+00:00,0.0,19.04364,uppsala,5f9fe38afd517828962fde29
10394,2020-07-07 02:00:00+00:00,0.0,19.04364,uppsala,5f9fe38afd517828962fde29
10395,2020-07-07 03:00:00+00:00,9.1,19.04364,uppsala,5f9fe38afd517828962fde29
10396,2020-07-07 04:00:00+00:00,78.2,19.04364,uppsala,5f9fe38afd517828962fde29
10397,2020-07-07 05:00:00+00:00,216.6,19.04364,uppsala,5f9fe38afd517828962fde29
10398,2020-07-07 06:00:00+00:00,291.8,19.04364,uppsala,5f9fe38afd517828962fde29
10399,2020-07-07 07:00:00+00:00,130.9,19.04364,uppsala,5f9fe38afd517828962fde29
10400,2020-07-07 08:00:00+00:00,192.8,19.04364,uppsala,5f9fe38afd517828962fde29
10401,2020-07-07 09:00:00+00:00,28.4,19.04364,uppsala,5f9fe38afd517828962fde29
10402,2020-07-07 10:00:00+00:00,272.1,19.04364,uppsala,5f9fe38afd517828962fde29
10403,2020-07-07 11:00:00+00:00,446.8,19.04364,uppsala,5f9fe38afd517828962fde29
10404,2020-07-07 12:00:00+00:00,662.4,19.04364,uppsala,5f9fe38afd517828962fde29
10405,2020-07-07 13:00:00+00:00,42.3,19.04364,uppsala,5f9fe38afd517828962fde29
10406,2020-07-07 14:00:00+00:00,8.9,19.04364,uppsala,5f9fe38afd517828962fde29
10407,2020-07-07 15:00:00+00:00,724.4,19.04364,uppsala,5f9fe38afd517828962fde29
10408,2020-07-07 16:00:00+00:00,735.3,19.04364,uppsala,5f9fe38afd517828962fde29
10409,2020-07-07 17:00:00+00:00,368.6,19.04364,uppsala,5f9fe38afd517828962fde29
10410,2020-07-07 18:00:00+00:00,457.9,19.04364,uppsala,5f9fe38afd517828962fde29
10411,2020-07-07 19:00:00+00:00,214.9,19.04364,uppsala,5f9fe38afd517828962fde29
10412,2020-07-07 20:00:00+00:00,0.0,19.04364,uppsala,5f9fe38afd517828962fde29
10413,2020-07-07 21:00:00+00:00,0.0,19.04364,uppsala,5f9fe38afd517828962fde29
10414,2020-07-07 22:00:00+00:00,0.0,19.04364,uppsala,5f9fe38afd517828962fde29
10415,2020-07-07 23:00:00+00:00,0.0,19.04364,uppsala,5f9fe38afd517828962fde29
10416,2020-07-08 00:00:00+00:00,0.0,19.04364,uppsala,5f9fe38afd517828962fde29
10417,2020-07-08 01:00:00+00:00,0.0,19.04364,uppsala,5f9fe38afd517828962fde29
10418,2020-07-08 02:00:00+00:00,0.0,19.04364,uppsala,5f9fe38afd517828962fde29
10419,2020-07-08 03:00:00+00:00,144.1,19.04364,uppsala,5f9fe38afd517828962fde29
10420,2020-07-08 04:00:00+00:00,608.9,19.04364,uppsala,5f9fe38afd517828962fde29
10421,2020-07-08 05:00:00+00:00,706.3,19.04364,uppsala,5f9fe38afd517828962fde29
10422,2020-07-08 06:00:00+00:00,804.9,19.04364,uppsala,5f9fe38afd517828962fde29
10423,2020-07-08 07:00:00+00:00,156.5,19.04364,uppsala,5f9fe38afd517828962fde29
10424,2020-07-08 08:00:00+00:00,224.3,19.04364,uppsala,5f9fe38afd517828962fde29
10425,2020-07-08 09:00:00+00:00,122.3,19.04364,uppsala,5f9fe38afd517828962fde29
10426,2020-07-08 10:00:00+00:00,11.1,19.04364,uppsala,5f9fe38afd517828962fde29
10427,2020-07-08 11:00:00+00:00,247.1,19.04364,uppsala,5f9fe38afd517828962fde29
10428,2020-07-08 12:00:00+00:00,11.7,19.04364,uppsala,5f9fe38afd517828962fde29
10429,2020-07-08 13:00:00+00:00,10.6,19.04364,uppsala,5f9fe38afd517828962fde29
10430,2020-07-08 14:00:00+00:00,9.6,19.04364,uppsala,5f9fe38afd517828962fde29
10431,2020-07-08 15:00:00+00:00,7.4,19.04364,uppsala,5f9fe38afd517828962fde29
10432,2020-07-08 16:00:00+00:00,5.4,19.04364,uppsala,5f9fe38afd517828962fde29
10433,2020-07-08 17:00:00+00:00,264.2,19.04364,uppsala,5f9fe38afd517828962fde29
10434,2020-07-08 18:00:00+00:00,464.3,19.04364,uppsala,5f9fe38afd517828962fde29
10435,2020-07-08 19:00:00+00:00,253.9,19.04364,uppsala,5f9fe38afd517828962fde29
10436,2020-07-08 20:00:00+00:00,0.0,19.04364,uppsala,5f9fe38afd517828962fde29
10437,2020-07-08 21:00:00+00:00,0.0,19.04364,uppsala,5f9fe38afd517828962fde29
10438,2020-07-08 22:00:00+00:00,0.0,19.04364,uppsala,5f9fe38afd517828962fde29
10439,2020-07-08 23:00:00+00:00,0.0,19.04364,uppsala,5f9fe38afd517828962fde29
10440,2020-07-09 00:00:00+00:00,0.0,19.04364,uppsala,5f9fe38afd517828962fde29
10441,2020-07-09 01:00:00+00:00,0.0,19.04364,uppsala,5f9fe38afd517828962fde29
10442,2020-07-09 02:00:00+00:00,0.0,19.04364,uppsala,5f9fe38afd517828962fde29
10443,2020-07-09 03:00:00+00:00,80.4,19.04364,uppsala,5f9fe38afd517828962fde29
10444,2020-07-09 04:00:00+00:00,437.5,19.04364,uppsala,5f9fe38afd517828962fde29
10445,2020-07-09 05:00:00+00:00,606.5,19.04364,uppsala,5f9fe38afd517828962fde29
10446,2020-07-09 06:00:00+00:00,716.2,19.04364,uppsala,5f9fe38afd517828962fde29
10447,2020-07-09 07:00:00+00:00,800.0,19.04364,uppsala,5f9fe38afd517828962fde29
10448,2020-07-09 08:00:00+00:00,859.5,19.04364,uppsala,5f9fe38afd517828962fde29
10449,2020-07-09 09:00:00+00:00,900.2,19.04364,uppsala,5f9fe38afd517828962fde29
10450,2020-07-09 10:00:00+00:00,921.5,19.04364,uppsala,5f9fe38afd517828962fde29
10451,2020-07-09 11:00:00+00:00,927.3,19.04364,uppsala,5f9fe38afd517828962fde29
10452,2020-07-09 12:00:00+00:00,35.1,19.04364,uppsala,5f9fe38afd517828962fde29
10453,2020-07-09 13:00:00+00:00,10.8,19.04364,uppsala,5f9fe38afd517828962fde29
10454,2020-07-09 14:00:00+00:00,218.2,19.04364,uppsala,5f9fe38afd517828962fde29
10455,2020-07-09 15:00:00+00:00,461.0,19.04364,uppsala,5f9fe38afd517828962fde29
10456,2020-07-09 16:00:00+00:00,40.2,19.04364,uppsala,5f9fe38afd517828962fde29
10457,2020-07-09 17:00:00+00:00,484.9,19.04364,uppsala,5f9fe38afd517828962fde29
10458,2020-07-09 18:00:00+00:00,315.6,19.04364,uppsala,5f9fe38afd517828962fde29
10459,2020-07-09 19:00:00+00:00,136.8,19.04364,uppsala,5f9fe38afd517828962fde29
10460,2020-07-09 20:00:00+00:00,0.0,19.04364,uppsala,5f9fe38afd517828962fde29
10461,2020-07-09 21:00:00+00:00,0.0,19.04364,uppsala,5f9fe38afd517828962fde29
10462,2020-07-09 22:00:00+00:00,0.0,19.04364,uppsala,5f9fe38afd517828962fde29
10463,2020-07-09 23:00:00+00:00,0.0,19.04364,uppsala,5f9fe38afd517828962fde29
10464,2020-07-10 00:00:00+00:00,0.0,19.04364,uppsala,5f9fe38afd517828962fde29
10465,2020-07-10 01:00:00+00:00,0.0,19.04364,uppsala,5f9fe38afd517828962fde29
10466,2020-07-10 02:00:00+00:00,0.0,19.04364,uppsala,5f9fe38afd517828962fde29
10467,2020-07-10 03:00:00+00:00,95.3,19.04364,uppsala,5f9fe38afd517828962fde29
10468,2020-07-10 04:00:00+00:00,443.8,19.04364,uppsala,5f9fe38afd517828962fde29
10469,2020-07-10 05:00:00+00:00,16.7,19.04364,uppsala,5f9fe38afd517828962fde29
10470,2020-07-10 06:00:00+00:00,177.6,19.04364,uppsala,5f9fe38afd517828962fde29
10471,2020-07-10 07:00:00+00:00,358.4,19.04364,uppsala,5f9fe38afd517828962fde29
10472,2020-07-10 08:00:00+00:00,232.5,19.04364,uppsala,5f9fe38afd517828962fde29
10473,2020-07-10 09:00:00+00:00,11.1,19.04364,uppsala,5f9fe38afd517828962fde29
10474,2020-07-10 10:00:00+00:00,116.9,19.04364,uppsala,5f9fe38afd517828962fde29
10475,2020-07-10 11:00:00+00:00,294.5,19.04364,uppsala,5f9fe38afd517828962fde29
10476,2020-07-10 12:00:00+00:00,204.7,19.04364,uppsala,5f9fe38afd517828962fde29
10477,2020-07-10 13:00:00+00:00,32.3,19.04364,uppsala,5f9fe38afd517828962fde29
10478,2020-07-10 14:00:00+00:00,282.2,19.04364,uppsala,5f9fe38afd517828962fde29
10479,2020-07-10 15:00:00+00:00,589.9,19.04364,uppsala,5f9fe38afd517828962fde29
10480,2020-07-10 16:00:00+00:00,7.4,19.04364,uppsala,5f9fe38afd517828962fde29
10481,2020-07-10 17:00:00+00:00,10.3,19.04364,uppsala,5f9fe38afd517828962fde29
10482,2020-07-10 18:00:00+00:00,23.2,19.04364,uppsala,5f9fe38afd517828962fde29
10483,2020-07-10 19:00:00+00:00,0.0,19.04364,uppsala,5f9fe38afd517828962fde29
10484,2020-07-10 20:00:00+00:00,0.0,19.04364,uppsala,5f9fe38afd517828962fde29
10485,2020-07-10 21:00:00+00:00,0.0,19.04364,uppsala,5f9fe38afd517828962fde29
10486,2020-07-10 22:00:00+00:00,0.0,19.04364,uppsala,5f9fe38afd517828962fde29
10487,2020-07-10 23:00:00+00:00,0.0,19.04364,uppsala,5f9fe38afd517828962fde29
10488,2020-07-11 00:00:00+00:00,0.0,19.04364,uppsala,5f9fe38afd517828962fde29
10489,2020-07-11 01:00:00+00:00,0.0,19.04364,uppsala,5f9fe38afd517828962fde29
10490,2020-07-11 02:00:00+00:00,0.0,19.04364,uppsala,5f9fe38afd517828962fde29
10491,2020-07-11 03:00:00+00:00,0.0,19.04364,uppsala,5f9fe38afd517828962fde29
10492,2020-07-11 04:00:00+00:00,0.0,19.04364,uppsala,5f9fe38afd517828962fde29
10493,2020-07-11 05:00:00+00:00,1.8,19.04364,uppsala,5f9fe38afd517828962fde29
10494,2020-07-11 06:00:00+00:00,4.8,19.04364,uppsala,5f9fe38afd517828962fde29
10495,2020-07-11 07:00:00+00:00,6.8,19.04364,uppsala,5f9fe38afd517828962fde29
10496,2020-07-11 08:00:00+00:00,9.1,19.04364,uppsala,5f9fe38afd517828962fde29
10497,2020-07-11 09:00:00+00:00,9.3,19.04364,uppsala,5f9fe38afd517828962fde29
10498,2020-07-11 10:00:00+00:00,39.4,19.04364,uppsala,5f9fe38afd517828962fde29
10499,2020-07-11 11:00:00+00:00,26.8,19.04364,uppsala,5f9fe38afd517828962fde29
10500,2020-07-11 12:00:00+00:00,253.2,19.04364,uppsala,5f9fe38afd517828962fde29
10501,2020-07-11 13:00:00+00:00,148.6,19.04364,uppsala,5f9fe38afd517828962fde29
10502,2020-07-11 14:00:00+00:00,728.9,19.04364,uppsala,5f9fe38afd517828962fde29
10503,2020-07-11 15:00:00+00:00,3.4,19.04364,uppsala,5f9fe38afd517828962fde29
10504,2020-07-11 16:00:00+00:00,235.8,19.04364,uppsala,5f9fe38afd517828962fde29
10505,2020-07-11 17:00:00+00:00,259.6,19.04364,uppsala,5f9fe38afd517828962fde29
10506,2020-07-11 18:00:00+00:00,289.8,19.04364,uppsala,5f9fe38afd517828962fde29
10507,2020-07-11 19:00:00+00:00,84.9,19.04364,uppsala,5f9fe38afd517828962fde29
10508,2020-07-11 20:00:00+00:00,0.0,19.04364,uppsala,5f9fe38afd517828962fde29
10509,2020-07-11 21:00:00+00:00,0.0,19.04364,uppsala,5f9fe38afd517828962fde29
10510,2020-07-11 22:00:00+00:00,0.0,19.04364,uppsala,5f9fe38afd517828962fde29
10511,2020-07-11 23:00:00+00:00,0.0,19.04364,uppsala,5f9fe38afd517828962fde29
10512,2020-07-12 00:00:00+00:00,0.0,19.04364,uppsala,5f9fe38afd517828962fde29
10513,2020-07-12 01:00:00+00:00,0.0,19.04364,uppsala,5f9fe38afd517828962fde29
10514,2020-07-12 02:00:00+00:00,0.0,19.04364,uppsala,5f9fe38afd517828962fde29
10515,2020-07-12 03:00:00+00:00,208.2,19.04364,uppsala,5f9fe38afd517828962fde29
10516,2020-07-12 04:00:00+00:00,0.0,19.04364,uppsala,5f9fe38afd517828962fde29
10517,2020-07-12 05:00:00+00:00,459.1,19.04364,uppsala,5f9fe38afd517828962fde29
10518,2020-07-12 06:00:00+00:00,347.0,19.04364,uppsala,5f9fe38afd517828962fde29
10519,2020-07-12 07:00:00+00:00,708.9,19.04364,uppsala,5f9fe38afd517828962fde29
10520,2020-07-12 08:00:00+00:00,521.0,19.04364,uppsala,5f9fe38afd517828962fde29
10521,2020-07-12 09:00:00+00:00,799.2,19.04364,uppsala,5f9fe38afd517828962fde29
10522,2020-07-12 10:00:00+00:00,864.4,19.04364,uppsala,5f9fe38afd517828962fde29
10523,2020-07-12 11:00:00+00:00,10.4,19.04364,uppsala,5f9fe38afd517828962fde29
10524,2020-07-12 12:00:00+00:00,9.6,19.04364,uppsala,5f9fe38afd517828962fde29
10525,2020-07-12 13:00:00+00:00,377.2,19.04364,uppsala,5f9fe38afd517828962fde29
10526,2020-07-12 14:00:00+00:00,284.7,19.04364,uppsala,5f9fe38afd517828962fde29
10527,2020-07-12 15:00:00+00:00,77.3,19.04364,uppsala,5f9fe38afd517828962fde29
10528,2020-07-12 16:00:00+00:00,87.8,19.04364,uppsala,5f9fe38afd517828962fde29
10529,2020-07-12 17:00:00+00:00,55.5,19.04364,uppsala,5f9fe38afd517828962fde29
10530,2020-07-12 18:00:00+00:00,112.9,19.04364,uppsala,5f9fe38afd517828962fde29
10531,2020-07-12 19:00:00+00:00,144.4,19.04364,uppsala,5f9fe38afd517828962fde29
10532,2020-07-12 20:00:00+00:00,0.0,19.04364,uppsala,5f9fe38afd517828962fde29
10533,2020-07-12 21:00:00+00:00,0.0,19.04364,uppsala,5f9fe38afd517828962fde29
10534,2020-07-12 22:00:00+00:00,0.0,19.04364,uppsala,5f9fe38afd517828962fde29
10535,2020-07-12 23:00:00+00:00,0.0,19.04364,uppsala,5f9fe38afd517828962fde29
10536,2020-07-13 00:00:00+00:00,0.0,19.04364,uppsala,5f9fe38afd517828962fde29
10537,2020-07-13 01:00:00+00:00,0.0,19.04364,uppsala,5f9fe38afd517828962fde29
10538,2020-07-13 02:00:00+00:00,0.0,19.04364,uppsala,5f9fe38afd517828962fde29
10539,2020-07-13 03:00:00+00:00,238.6,19.04364,uppsala,5f9fe38afd517828962fde29
10540,2020-07-13 04:00:00+00:00,0.0,19.04364,uppsala,5f9fe38afd517828962fde29
10541,2020-07-13 05:00:00+00:00,1.9,19.04364,uppsala,5f9fe38afd517828962fde29
10542,2020-07-13 06:00:00+00:00,5.2,19.04364,uppsala,5f9fe38afd517828962fde29
10543,2020-07-13 07:00:00+00:00,170.2,19.04364,uppsala,5f9fe38afd517828962fde29
10544,2020-07-13 08:00:00+00:00,9.4,19.04364,uppsala,5f9fe38afd517828962fde29
10545,2020-07-13 09:00:00+00:00,259.0,19.04364,uppsala,5f9fe38afd517828962fde29
10546,2020-07-13 10:00:00+00:00,746.6,19.04364,uppsala,5f9fe38afd517828962fde29
10547,2020-07-13 11:00:00+00:00,733.0,19.04364,uppsala,5f9fe38afd517828962fde29
10548,2020-07-13 12:00:00+00:00,854.9,19.04364,uppsala,5f9fe38afd517828962fde29
10549,2020-07-13 13:00:00+00:00,130.6,19.04364,uppsala,5f9fe38afd517828962fde29
10550,2020-07-13 14:00:00+00:00,98.8,19.04364,uppsala,5f9fe38afd517828962fde29
10551,2020-07-13 15:00:00+00:00,314.1,19.04364,uppsala,5f9fe38afd517828962fde29
10552,2020-07-13 16:00:00+00:00,6.2,19.04364,uppsala,5f9fe38afd517828962fde29
10553,2020-07-13 17:00:00+00:00,381.3,19.04364,uppsala,5f9fe38afd517828962fde29
10554,2020-07-13 18:00:00+00:00,285.9,19.04364,uppsala,5f9fe38afd517828962fde29
10555,2020-07-13 19:00:00+00:00,9.4,19.04364,uppsala,5f9fe38afd517828962fde29
10556,2020-07-13 20:00:00+00:00,0.0,19.04364,uppsala,5f9fe38afd517828962fde29
10557,2020-07-13 21:00:00+00:00,0.0,19.04364,uppsala,5f9fe38afd517828962fde29
10558,2020-07-13 22:00:00+00:00,0.0,19.04364,uppsala,5f9fe38afd517828962fde29
10559,2020-07-13 23:00:00+00:00,0.0,19.04364,uppsala,5f9fe38afd517828962fde29
10560,2020-07-14 00:00:00+00:00,0.0,19.04364,uppsala,5f9fe38afd517828962fde29
10561,2020-07-14 01:00:00+00:00,0.0,19.04364,uppsala,5f9fe38afd517828962fde29
10562,2020-07-14 02:00:00+00:00,0.0,19.04364,uppsala,5f9fe38afd517828962fde29
10563,2020-07-14 03:00:00+00:00,0.0,19.04364,uppsala,5f9fe38afd517828962fde29
10564,2020-07-14 04:00:00+00:00,0.0,19.04364,uppsala,5f9fe38afd517828962fde29
10565,2020-07-14 05:00:00+00:00,24.5,19.04364,uppsala,5f9fe38afd517828962fde29
10566,2020-07-14 06:00:00+00:00,3.0,19.04364,uppsala,5f9fe38afd517828962fde29
10567,2020-07-14 07:00:00+00:00,50.0,19.04364,uppsala,5f9fe38afd517828962fde29
10568,2020-07-14 08:00:00+00:00,36.1,19.04364,uppsala,5f9fe38afd517828962fde29
10569,2020-07-14 09:00:00+00:00,43.9,19.04364,uppsala,5f9fe38afd517828962fde29
10570,2020-07-14 10:00:00+00:00,71.6,19.04364,uppsala,5f9fe38afd517828962fde29
10571,2020-07-14 11:00:00+00:00,129.9,19.04364,uppsala,5f9fe38afd517828962fde29
10572,2020-07-14 12:00:00+00:00,63.6,19.04364,uppsala,5f9fe38afd517828962fde29
10573,2020-07-14 13:00:00+00:00,8.0,19.04364,uppsala,5f9fe38afd517828962fde29
10574,2020-07-14 14:00:00+00:00,34.7,19.04364,uppsala,5f9fe38afd517828962fde29
10575,2020-07-14 15:00:00+00:00,56.6,19.04364,uppsala,5f9fe38afd517828962fde29
10576,2020-07-14 16:00:00+00:00,12.9,19.04364,uppsala,5f9fe38afd517828962fde29
10577,2020-07-14 17:00:00+00:00,17.2,19.04364,uppsala,5f9fe38afd517828962fde29
10578,2020-07-14 18:00:00+00:00,0.0,19.04364,uppsala,5f9fe38afd517828962fde29
10579,2020-07-14 19:00:00+00:00,0.0,19.04364,uppsala,5f9fe38afd517828962fde29
10580,2020-07-14 20:00:00+00:00,0.0,19.04364,uppsala,5f9fe38afd517828962fde29
10581,2020-07-14 21:00:00+00:00,0.0,19.04364,uppsala,5f9fe38afd517828962fde29
10582,2020-07-14 22:00:00+00:00,0.0,19.04364,uppsala,5f9fe38afd517828962fde29
10583,2020-07-14 23:00:00+00:00,0.0,19.04364,uppsala,5f9fe38afd517828962fde29
10584,2020-07-15 00:00:00+00:00,0.0,19.04364,uppsala,5f9fe38afd517828962fde29
10585,2020-07-15 01:00:00+00:00,0.0,19.04364,uppsala,5f9fe38afd517828962fde29
10586,2020-07-15 02:00:00+00:00,0.0,19.04364,uppsala,5f9fe38afd517828962fde29
10587,2020-07-15 03:00:00+00:00,0.0,19.04364,uppsala,5f9fe38afd517828962fde29
10588,2020-07-15 04:00:00+00:00,1.3,19.04364,uppsala,5f9fe38afd517828962fde29
10589,2020-07-15 05:00:00+00:00,46.1,19.04364,uppsala,5f9fe38afd517828962fde29
10590,2020-07-15 06:00:00+00:00,203.9,19.04364,uppsala,5f9fe38afd517828962fde29
10591,2020-07-15 07:00:00+00:00,36.2,19.04364,uppsala,5f9fe38afd517828962fde29
10592,2020-07-15 08:00:00+00:00,24.0,19.04364,uppsala,5f9fe38afd517828962fde29
10593,2020-07-15 09:00:00+00:00,34.1,19.04364,uppsala,5f9fe38afd517828962fde29
10594,2020-07-15 10:00:00+00:00,26.3,19.04364,uppsala,5f9fe38afd517828962fde29
10595,2020-07-15 11:00:00+00:00,58.4,19.04364,uppsala,5f9fe38afd517828962fde29
10596,2020-07-15 12:00:00+00:00,85.2,19.04364,uppsala,5f9fe38afd517828962fde29
10597,2020-07-15 13:00:00+00:00,186.1,19.04364,uppsala,5f9fe38afd517828962fde29
10598,2020-07-15 14:00:00+00:00,5.7,19.04364,uppsala,5f9fe38afd517828962fde29
10599,2020-07-15 15:00:00+00:00,46.9,19.04364,uppsala,5f9fe38afd517828962fde29
10600,2020-07-15 16:00:00+00:00,1.7000000000000002,19.04364,uppsala,5f9fe38afd517828962fde29
10601,2020-07-15 17:00:00+00:00,399.2,19.04364,uppsala,5f9fe38afd517828962fde29
10602,2020-07-15 18:00:00+00:00,44.4,19.04364,uppsala,5f9fe38afd517828962fde29
10603,2020-07-15 19:00:00+00:00,46.2,19.04364,uppsala,5f9fe38afd517828962fde29
10604,2020-07-15 20:00:00+00:00,0.0,19.04364,uppsala,5f9fe38afd517828962fde29
10605,2020-07-15 21:00:00+00:00,0.0,19.04364,uppsala,5f9fe38afd517828962fde29
10606,2020-07-15 22:00:00+00:00,0.0,19.04364,uppsala,5f9fe38afd517828962fde29
10607,2020-07-15 23:00:00+00:00,0.0,19.04364,uppsala,5f9fe38afd517828962fde29
10608,2020-07-16 00:00:00+00:00,0.0,19.04364,uppsala,5f9fe38afd517828962fde29
10609,2020-07-16 01:00:00+00:00,0.0,19.04364,uppsala,5f9fe38afd517828962fde29
10610,2020-07-16 02:00:00+00:00,0.0,19.04364,uppsala,5f9fe38afd517828962fde29
10611,2020-07-16 03:00:00+00:00,0.0,19.04364,uppsala,5f9fe38afd517828962fde29
10612,2020-07-16 04:00:00+00:00,25.1,19.04364,uppsala,5f9fe38afd517828962fde29
10613,2020-07-16 05:00:00+00:00,17.8,19.04364,uppsala,5f9fe38afd517828962fde29
10614,2020-07-16 06:00:00+00:00,3.4,19.04364,uppsala,5f9fe38afd517828962fde29
10615,2020-07-16 07:00:00+00:00,351.4,19.04364,uppsala,5f9fe38afd517828962fde29
10616,2020-07-16 08:00:00+00:00,764.4,19.04364,uppsala,5f9fe38afd517828962fde29
10617,2020-07-16 09:00:00+00:00,801.2,19.04364,uppsala,5f9fe38afd517828962fde29
10618,2020-07-16 10:00:00+00:00,821.8,19.04364,uppsala,5f9fe38afd517828962fde29
10619,2020-07-16 11:00:00+00:00,828.1,19.04364,uppsala,5f9fe38afd517828962fde29
10620,2020-07-16 12:00:00+00:00,826.8,19.04364,uppsala,5f9fe38afd517828962fde29
10621,2020-07-16 13:00:00+00:00,810.5,19.04364,uppsala,5f9fe38afd517828962fde29
10622,2020-07-16 14:00:00+00:00,743.8,19.04364,uppsala,5f9fe38afd517828962fde29
10623,2020-07-16 15:00:00+00:00,710.8,19.04364,uppsala,5f9fe38afd517828962fde29
10624,2020-07-16 16:00:00+00:00,584.0,19.04364,uppsala,5f9fe38afd517828962fde29
10625,2020-07-16 17:00:00+00:00,137.7,19.04364,uppsala,5f9fe38afd517828962fde29
10626,2020-07-16 18:00:00+00:00,217.0,19.04364,uppsala,5f9fe38afd517828962fde29
10627,2020-07-16 19:00:00+00:00,35.3,19.04364,uppsala,5f9fe38afd517828962fde29
10628,2020-07-16 20:00:00+00:00,0.0,19.04364,uppsala,5f9fe38afd517828962fde29
10629,2020-07-16 21:00:00+00:00,0.0,19.04364,uppsala,5f9fe38afd517828962fde29
10630,2020-07-16 22:00:00+00:00,0.0,19.04364,uppsala,5f9fe38afd517828962fde29
10631,2020-07-16 23:00:00+00:00,0.0,19.04364,uppsala,5f9fe38afd517828962fde29
10632,2020-07-17 00:00:00+00:00,0.0,19.04364,uppsala,5f9fe38afd517828962fde29
10633,2020-07-17 01:00:00+00:00,0.0,19.04364,uppsala,5f9fe38afd517828962fde29
10634,2020-07-17 02:00:00+00:00,0.0,19.04364,uppsala,5f9fe38afd517828962fde29
10635,2020-07-17 03:00:00+00:00,154.4,19.04364,uppsala,5f9fe38afd517828962fde29
10636,2020-07-17 04:00:00+00:00,397.5,19.04364,uppsala,5f9fe38afd517828962fde29
10637,2020-07-17 05:00:00+00:00,565.7,19.04364,uppsala,5f9fe38afd517828962fde29
10638,2020-07-17 06:00:00+00:00,679.7,19.04364,uppsala,5f9fe38afd517828962fde29
10639,2020-07-17 07:00:00+00:00,756.2,19.04364,uppsala,5f9fe38afd517828962fde29
10640,2020-07-17 08:00:00+00:00,816.8,19.04364,uppsala,5f9fe38afd517828962fde29
10641,2020-07-17 09:00:00+00:00,855.4,19.04364,uppsala,5f9fe38afd517828962fde29
10642,2020-07-17 10:00:00+00:00,10.2,19.04364,uppsala,5f9fe38afd517828962fde29
10643,2020-07-17 11:00:00+00:00,542.1,19.04364,uppsala,5f9fe38afd517828962fde29
10644,2020-07-17 12:00:00+00:00,847.3,19.04364,uppsala,5f9fe38afd517828962fde29
10645,2020-07-17 13:00:00+00:00,852.8,19.04364,uppsala,5f9fe38afd517828962fde29
10646,2020-07-17 14:00:00+00:00,860.1,19.04364,uppsala,5f9fe38afd517828962fde29
10647,2020-07-17 15:00:00+00:00,738.5,19.04364,uppsala,5f9fe38afd517828962fde29
10648,2020-07-17 16:00:00+00:00,641.9,19.04364,uppsala,5f9fe38afd517828962fde29
10649,2020-07-17 17:00:00+00:00,523.5,19.04364,uppsala,5f9fe38afd517828962fde29
10650,2020-07-17 18:00:00+00:00,358.3,19.04364,uppsala,5f9fe38afd517828962fde29
10651,2020-07-17 19:00:00+00:00,102.4,19.04364,uppsala,5f9fe38afd517828962fde29
10652,2020-07-17 20:00:00+00:00,0.0,19.04364,uppsala,5f9fe38afd517828962fde29
10653,2020-07-17 21:00:00+00:00,0.0,19.04364,uppsala,5f9fe38afd517828962fde29
10654,2020-07-17 22:00:00+00:00,0.0,19.04364,uppsala,5f9fe38afd517828962fde29
10655,2020-07-17 23:00:00+00:00,0.0,19.04364,uppsala,5f9fe38afd517828962fde29
10656,2020-07-18 00:00:00+00:00,0.0,19.04364,uppsala,5f9fe38afd517828962fde29
10657,2020-07-18 01:00:00+00:00,0.0,19.04364,uppsala,5f9fe38afd517828962fde29
10658,2020-07-18 02:00:00+00:00,0.0,19.04364,uppsala,5f9fe38afd517828962fde29
10659,2020-07-18 03:00:00+00:00,0.0,19.04364,uppsala,5f9fe38afd517828962fde29
10660,2020-07-18 04:00:00+00:00,0.0,19.04364,uppsala,5f9fe38afd517828962fde29
10661,2020-07-18 05:00:00+00:00,16.2,19.04364,uppsala,5f9fe38afd517828962fde29
10662,2020-07-18 06:00:00+00:00,214.6,19.04364,uppsala,5f9fe38afd517828962fde29
10663,2020-07-18 07:00:00+00:00,43.2,19.04364,uppsala,5f9fe38afd517828962fde29
10664,2020-07-18 08:00:00+00:00,54.3,19.04364,uppsala,5f9fe38afd517828962fde29
10665,2020-07-18 09:00:00+00:00,8.4,19.04364,uppsala,5f9fe38afd517828962fde29
10666,2020-07-18 10:00:00+00:00,117.4,19.04364,uppsala,5f9fe38afd517828962fde29
10667,2020-07-18 11:00:00+00:00,13.1,19.04364,uppsala,5f9fe38afd517828962fde29
10668,2020-07-18 12:00:00+00:00,173.5,19.04364,uppsala,5f9fe38afd517828962fde29
10669,2020-07-18 13:00:00+00:00,19.8,19.04364,uppsala,5f9fe38afd517828962fde29
10670,2020-07-18 14:00:00+00:00,644.5,19.04364,uppsala,5f9fe38afd517828962fde29
10671,2020-07-18 15:00:00+00:00,109.0,19.04364,uppsala,5f9fe38afd517828962fde29
10672,2020-07-18 16:00:00+00:00,6.1,19.04364,uppsala,5f9fe38afd517828962fde29
10673,2020-07-18 17:00:00+00:00,452.0,19.04364,uppsala,5f9fe38afd517828962fde29
10674,2020-07-18 18:00:00+00:00,362.9,19.04364,uppsala,5f9fe38afd517828962fde29
10675,2020-07-18 19:00:00+00:00,33.1,19.04364,uppsala,5f9fe38afd517828962fde29
10676,2020-07-18 20:00:00+00:00,0.0,19.04364,uppsala,5f9fe38afd517828962fde29
10677,2020-07-18 21:00:00+00:00,0.0,19.04364,uppsala,5f9fe38afd517828962fde29
10678,2020-07-18 22:00:00+00:00,0.0,19.04364,uppsala,5f9fe38afd517828962fde29
10679,2020-07-18 23:00:00+00:00,0.0,19.04364,uppsala,5f9fe38afd517828962fde29
10680,2020-07-19 00:00:00+00:00,0.0,19.04364,uppsala,5f9fe38afd517828962fde29
10681,2020-07-19 01:00:00+00:00,0.0,19.04364,uppsala,5f9fe38afd517828962fde29
10682,2020-07-19 02:00:00+00:00,0.0,19.04364,uppsala,5f9fe38afd517828962fde29
10683,2020-07-19 03:00:00+00:00,179.9,19.04364,uppsala,5f9fe38afd517828962fde29
10684,2020-07-19 04:00:00+00:00,438.6,19.04364,uppsala,5f9fe38afd517828962fde29
10685,2020-07-19 05:00:00+00:00,589.1,19.04364,uppsala,5f9fe38afd517828962fde29
10686,2020-07-19 06:00:00+00:00,681.7,19.04364,uppsala,5f9fe38afd517828962fde29
10687,2020-07-19 07:00:00+00:00,746.7,19.04364,uppsala,5f9fe38afd517828962fde29
10688,2020-07-19 08:00:00+00:00,781.3,19.04364,uppsala,5f9fe38afd517828962fde29
10689,2020-07-19 09:00:00+00:00,770.2,19.04364,uppsala,5f9fe38afd517828962fde29
10690,2020-07-19 10:00:00+00:00,793.0,19.04364,uppsala,5f9fe38afd517828962fde29
10691,2020-07-19 11:00:00+00:00,442.3,19.04364,uppsala,5f9fe38afd517828962fde29
10692,2020-07-19 12:00:00+00:00,39.6,19.04364,uppsala,5f9fe38afd517828962fde29
10693,2020-07-19 13:00:00+00:00,147.0,19.04364,uppsala,5f9fe38afd517828962fde29
10694,2020-07-19 14:00:00+00:00,727.2,19.04364,uppsala,5f9fe38afd517828962fde29
10695,2020-07-19 15:00:00+00:00,3.8,19.04364,uppsala,5f9fe38afd517828962fde29
10696,2020-07-19 16:00:00+00:00,366.7,19.04364,uppsala,5f9fe38afd517828962fde29
10697,2020-07-19 17:00:00+00:00,16.1,19.04364,uppsala,5f9fe38afd517828962fde29
10698,2020-07-19 18:00:00+00:00,50.3,19.04364,uppsala,5f9fe38afd517828962fde29
10699,2020-07-19 19:00:00+00:00,5.7,19.04364,uppsala,5f9fe38afd517828962fde29
10700,2020-07-19 20:00:00+00:00,0.0,19.04364,uppsala,5f9fe38afd517828962fde29
10701,2020-07-19 21:00:00+00:00,0.0,19.04364,uppsala,5f9fe38afd517828962fde29
10702,2020-07-19 22:00:00+00:00,0.0,19.04364,uppsala,5f9fe38afd517828962fde29
10703,2020-07-19 23:00:00+00:00,0.0,19.04364,uppsala,5f9fe38afd517828962fde29
10704,2020-07-20 00:00:00+00:00,0.0,19.04364,uppsala,5f9fe38afd517828962fde29
10705,2020-07-20 01:00:00+00:00,0.0,19.04364,uppsala,5f9fe38afd517828962fde29
10706,2020-07-20 02:00:00+00:00,0.0,19.04364,uppsala,5f9fe38afd517828962fde29
10707,2020-07-20 03:00:00+00:00,0.0,19.04364,uppsala,5f9fe38afd517828962fde29
10708,2020-07-20 04:00:00+00:00,9.0,19.04364,uppsala,5f9fe38afd517828962fde29
10709,2020-07-20 05:00:00+00:00,1.1,19.04364,uppsala,5f9fe38afd517828962fde29
10710,2020-07-20 06:00:00+00:00,232.3,19.04364,uppsala,5f9fe38afd517828962fde29
10711,2020-07-20 07:00:00+00:00,26.3,19.04364,uppsala,5f9fe38afd517828962fde29
10712,2020-07-20 08:00:00+00:00,18.3,19.04364,uppsala,5f9fe38afd517828962fde29
10713,2020-07-20 09:00:00+00:00,48.7,19.04364,uppsala,5f9fe38afd517828962fde29
10714,2020-07-20 10:00:00+00:00,25.5,19.04364,uppsala,5f9fe38afd517828962fde29
10715,2020-07-20 11:00:00+00:00,151.3,19.04364,uppsala,5f9fe38afd517828962fde29
10716,2020-07-20 12:00:00+00:00,13.6,19.04364,uppsala,5f9fe38afd517828962fde29
10717,2020-07-20 13:00:00+00:00,30.0,19.04364,uppsala,5f9fe38afd517828962fde29
10718,2020-07-20 14:00:00+00:00,262.0,19.04364,uppsala,5f9fe38afd517828962fde29
10719,2020-07-20 15:00:00+00:00,86.5,19.04364,uppsala,5f9fe38afd517828962fde29
10720,2020-07-20 16:00:00+00:00,13.2,19.04364,uppsala,5f9fe38afd517828962fde29
10721,2020-07-20 17:00:00+00:00,0.1,19.04364,uppsala,5f9fe38afd517828962fde29
10722,2020-07-20 18:00:00+00:00,1.7000000000000002,19.04364,uppsala,5f9fe38afd517828962fde29
10723,2020-07-20 19:00:00+00:00,1.5,19.04364,uppsala,5f9fe38afd517828962fde29
10724,2020-07-20 20:00:00+00:00,0.0,19.04364,uppsala,5f9fe38afd517828962fde29
10725,2020-07-20 21:00:00+00:00,0.0,19.04364,uppsala,5f9fe38afd517828962fde29
10726,2020-07-20 22:00:00+00:00,0.0,19.04364,uppsala,5f9fe38afd517828962fde29
10727,2020-07-20 23:00:00+00:00,0.0,19.04364,uppsala,5f9fe38afd517828962fde29
10728,2020-07-21 00:00:00+00:00,0.0,19.04364,uppsala,5f9fe38afd517828962fde29
10729,2020-07-21 01:00:00+00:00,0.0,19.04364,uppsala,5f9fe38afd517828962fde29
10730,2020-07-21 02:00:00+00:00,0.0,19.04364,uppsala,5f9fe38afd517828962fde29
10731,2020-07-21 03:00:00+00:00,63.0,19.04364,uppsala,5f9fe38afd517828962fde29
10732,2020-07-21 04:00:00+00:00,119.5,19.04364,uppsala,5f9fe38afd517828962fde29
10733,2020-07-21 05:00:00+00:00,342.7,19.04364,uppsala,5f9fe38afd517828962fde29
10734,2020-07-21 06:00:00+00:00,4.3,19.04364,uppsala,5f9fe38afd517828962fde29
10735,2020-07-21 07:00:00+00:00,3.9,19.04364,uppsala,5f9fe38afd517828962fde29
10736,2020-07-21 08:00:00+00:00,6.5,19.04364,uppsala,5f9fe38afd517828962fde29
10737,2020-07-21 09:00:00+00:00,23.7,19.04364,uppsala,5f9fe38afd517828962fde29
10738,2020-07-21 10:00:00+00:00,11.9,19.04364,uppsala,5f9fe38afd517828962fde29
10739,2020-07-21 11:00:00+00:00,9.1,19.04364,uppsala,5f9fe38afd517828962fde29
10740,2020-07-21 12:00:00+00:00,7.4,19.04364,uppsala,5f9fe38afd517828962fde29
10741,2020-07-21 13:00:00+00:00,6.9,19.04364,uppsala,5f9fe38afd517828962fde29
10742,2020-07-21 14:00:00+00:00,5.7,19.04364,uppsala,5f9fe38afd517828962fde29
10743,2020-07-21 15:00:00+00:00,176.8,19.04364,uppsala,5f9fe38afd517828962fde29
10744,2020-07-21 16:00:00+00:00,70.4,19.04364,uppsala,5f9fe38afd517828962fde29
10745,2020-07-21 17:00:00+00:00,0.0,19.04364,uppsala,5f9fe38afd517828962fde29
10746,2020-07-21 18:00:00+00:00,0.0,19.04364,uppsala,5f9fe38afd517828962fde29
10747,2020-07-21 19:00:00+00:00,0.8,19.04364,uppsala,5f9fe38afd517828962fde29
10748,2020-07-21 20:00:00+00:00,0.0,19.04364,uppsala,5f9fe38afd517828962fde29
10749,2020-07-21 21:00:00+00:00,0.0,19.04364,uppsala,5f9fe38afd517828962fde29
10750,2020-07-21 22:00:00+00:00,0.0,19.04364,uppsala,5f9fe38afd517828962fde29
10751,2020-07-21 23:00:00+00:00,0.0,19.04364,uppsala,5f9fe38afd517828962fde29
10752,2020-07-22 00:00:00+00:00,0.0,19.04364,uppsala,5f9fe38afd517828962fde29
10753,2020-07-22 01:00:00+00:00,0.0,19.04364,uppsala,5f9fe38afd517828962fde29
10754,2020-07-22 02:00:00+00:00,0.0,19.04364,uppsala,5f9fe38afd517828962fde29
10755,2020-07-22 03:00:00+00:00,201.1,19.04364,uppsala,5f9fe38afd517828962fde29
10756,2020-07-22 04:00:00+00:00,479.9,19.04364,uppsala,5f9fe38afd517828962fde29
10757,2020-07-22 05:00:00+00:00,670.0,19.04364,uppsala,5f9fe38afd517828962fde29
10758,2020-07-22 06:00:00+00:00,780.4,19.04364,uppsala,5f9fe38afd517828962fde29
10759,2020-07-22 07:00:00+00:00,840.5,19.04364,uppsala,5f9fe38afd517828962fde29
10760,2020-07-22 08:00:00+00:00,881.3,19.04364,uppsala,5f9fe38afd517828962fde29
10761,2020-07-22 09:00:00+00:00,903.5,19.04364,uppsala,5f9fe38afd517828962fde29
10762,2020-07-22 10:00:00+00:00,830.9,19.04364,uppsala,5f9fe38afd517828962fde29
10763,2020-07-22 11:00:00+00:00,815.8,19.04364,uppsala,5f9fe38afd517828962fde29
10764,2020-07-22 12:00:00+00:00,567.7,19.04364,uppsala,5f9fe38afd517828962fde29
10765,2020-07-22 13:00:00+00:00,685.8,19.04364,uppsala,5f9fe38afd517828962fde29
10766,2020-07-22 14:00:00+00:00,823.8,19.04364,uppsala,5f9fe38afd517828962fde29
10767,2020-07-22 15:00:00+00:00,793.2,19.04364,uppsala,5f9fe38afd517828962fde29
10768,2020-07-22 16:00:00+00:00,666.4,19.04364,uppsala,5f9fe38afd517828962fde29
10769,2020-07-22 17:00:00+00:00,199.1,19.04364,uppsala,5f9fe38afd517828962fde29
10770,2020-07-22 18:00:00+00:00,418.1,19.04364,uppsala,5f9fe38afd517828962fde29
10771,2020-07-22 19:00:00+00:00,47.6,19.04364,uppsala,5f9fe38afd517828962fde29
10772,2020-07-22 20:00:00+00:00,0.0,19.04364,uppsala,5f9fe38afd517828962fde29
10773,2020-07-22 21:00:00+00:00,0.0,19.04364,uppsala,5f9fe38afd517828962fde29
10774,2020-07-22 22:00:00+00:00,0.0,19.04364,uppsala,5f9fe38afd517828962fde29
10775,2020-07-22 23:00:00+00:00,0.0,19.04364,uppsala,5f9fe38afd517828962fde29
10776,2020-07-23 00:00:00+00:00,0.0,19.04364,uppsala,5f9fe38afd517828962fde29
10777,2020-07-23 01:00:00+00:00,0.0,19.04364,uppsala,5f9fe38afd517828962fde29
10778,2020-07-23 02:00:00+00:00,0.0,19.04364,uppsala,5f9fe38afd517828962fde29
10779,2020-07-23 03:00:00+00:00,269.4,19.04364,uppsala,5f9fe38afd517828962fde29
10780,2020-07-23 04:00:00+00:00,546.5,19.04364,uppsala,5f9fe38afd517828962fde29
10781,2020-07-23 05:00:00+00:00,718.6,19.04364,uppsala,5f9fe38afd517828962fde29
10782,2020-07-23 06:00:00+00:00,808.1,19.04364,uppsala,5f9fe38afd517828962fde29
10783,2020-07-23 07:00:00+00:00,876.8,19.04364,uppsala,5f9fe38afd517828962fde29
10784,2020-07-23 08:00:00+00:00,912.3,19.04364,uppsala,5f9fe38afd517828962fde29
10785,2020-07-23 09:00:00+00:00,943.3,19.04364,uppsala,5f9fe38afd517828962fde29
10786,2020-07-23 10:00:00+00:00,872.5,19.04364,uppsala,5f9fe38afd517828962fde29
10787,2020-07-23 11:00:00+00:00,116.7,19.04364,uppsala,5f9fe38afd517828962fde29
10788,2020-07-23 12:00:00+00:00,423.5,19.04364,uppsala,5f9fe38afd517828962fde29
10789,2020-07-23 13:00:00+00:00,484.9,19.04364,uppsala,5f9fe38afd517828962fde29
10790,2020-07-23 14:00:00+00:00,123.7,19.04364,uppsala,5f9fe38afd517828962fde29
10791,2020-07-23 15:00:00+00:00,187.4,19.04364,uppsala,5f9fe38afd517828962fde29
10792,2020-07-23 16:00:00+00:00,5.9,19.04364,uppsala,5f9fe38afd517828962fde29
10793,2020-07-23 17:00:00+00:00,70.6,19.04364,uppsala,5f9fe38afd517828962fde29
10794,2020-07-23 18:00:00+00:00,0.0,19.04364,uppsala,5f9fe38afd517828962fde29
10795,2020-07-23 19:00:00+00:00,106.9,19.04364,uppsala,5f9fe38afd517828962fde29
10796,2020-07-23 20:00:00+00:00,0.0,19.04364,uppsala,5f9fe38afd517828962fde29
10797,2020-07-23 21:00:00+00:00,0.0,19.04364,uppsala,5f9fe38afd517828962fde29
10798,2020-07-23 22:00:00+00:00,0.0,19.04364,uppsala,5f9fe38afd517828962fde29
10799,2020-07-23 23:00:00+00:00,0.0,19.04364,uppsala,5f9fe38afd517828962fde29
10800,2020-07-24 00:00:00+00:00,0.0,19.04364,uppsala,5f9fe38afd517828962fde29
10801,2020-07-24 01:00:00+00:00,0.0,19.04364,uppsala,5f9fe38afd517828962fde29
10802,2020-07-24 02:00:00+00:00,0.0,19.04364,uppsala,5f9fe38afd517828962fde29
10803,2020-07-24 03:00:00+00:00,264.3,19.04364,uppsala,5f9fe38afd517828962fde29
10804,2020-07-24 04:00:00+00:00,528.8,19.04364,uppsala,5f9fe38afd517828962fde29
10805,2020-07-24 05:00:00+00:00,689.7,19.04364,uppsala,5f9fe38afd517828962fde29
10806,2020-07-24 06:00:00+00:00,776.0,19.04364,uppsala,5f9fe38afd517828962fde29
10807,2020-07-24 07:00:00+00:00,843.1,19.04364,uppsala,5f9fe38afd517828962fde29
10808,2020-07-24 08:00:00+00:00,875.9,19.04364,uppsala,5f9fe38afd517828962fde29
10809,2020-07-24 09:00:00+00:00,894.8,19.04364,uppsala,5f9fe38afd517828962fde29
10810,2020-07-24 10:00:00+00:00,886.3,19.04364,uppsala,5f9fe38afd517828962fde29
10811,2020-07-24 11:00:00+00:00,148.8,19.04364,uppsala,5f9fe38afd517828962fde29
10812,2020-07-24 12:00:00+00:00,28.0,19.04364,uppsala,5f9fe38afd517828962fde29
10813,2020-07-24 13:00:00+00:00,54.9,19.04364,uppsala,5f9fe38afd517828962fde29
10814,2020-07-24 14:00:00+00:00,302.1,19.04364,uppsala,5f9fe38afd517828962fde29
10815,2020-07-24 15:00:00+00:00,76.9,19.04364,uppsala,5f9fe38afd517828962fde29
10816,2020-07-24 16:00:00+00:00,446.8,19.04364,uppsala,5f9fe38afd517828962fde29
10817,2020-07-24 17:00:00+00:00,2.1,19.04364,uppsala,5f9fe38afd517828962fde29
10818,2020-07-24 18:00:00+00:00,0.0,19.04364,uppsala,5f9fe38afd517828962fde29
10819,2020-07-24 19:00:00+00:00,0.0,19.04364,uppsala,5f9fe38afd517828962fde29
10820,2020-07-24 20:00:00+00:00,0.0,19.04364,uppsala,5f9fe38afd517828962fde29
10821,2020-07-24 21:00:00+00:00,0.0,19.04364,uppsala,5f9fe38afd517828962fde29
10822,2020-07-24 22:00:00+00:00,0.0,19.04364,uppsala,5f9fe38afd517828962fde29
10823,2020-07-24 23:00:00+00:00,0.0,19.04364,uppsala,5f9fe38afd517828962fde29
10824,2020-07-25 00:00:00+00:00,0.0,19.04364,uppsala,5f9fe38afd517828962fde29
10825,2020-07-25 01:00:00+00:00,0.0,19.04364,uppsala,5f9fe38afd517828962fde29
10826,2020-07-25 02:00:00+00:00,0.0,19.04364,uppsala,5f9fe38afd517828962fde29
10827,2020-07-25 03:00:00+00:00,244.0,19.04364,uppsala,5f9fe38afd517828962fde29
10828,2020-07-25 04:00:00+00:00,497.6,19.04364,uppsala,5f9fe38afd517828962fde29
10829,2020-07-25 05:00:00+00:00,648.9,19.04364,uppsala,5f9fe38afd517828962fde29
10830,2020-07-25 06:00:00+00:00,564.1,19.04364,uppsala,5f9fe38afd517828962fde29
10831,2020-07-25 07:00:00+00:00,821.2,19.04364,uppsala,5f9fe38afd517828962fde29
10832,2020-07-25 08:00:00+00:00,866.4,19.04364,uppsala,5f9fe38afd517828962fde29
10833,2020-07-25 09:00:00+00:00,904.2,19.04364,uppsala,5f9fe38afd517828962fde29
10834,2020-07-25 10:00:00+00:00,923.4,19.04364,uppsala,5f9fe38afd517828962fde29
10835,2020-07-25 11:00:00+00:00,845.1,19.04364,uppsala,5f9fe38afd517828962fde29
10836,2020-07-25 12:00:00+00:00,584.4,19.04364,uppsala,5f9fe38afd517828962fde29
10837,2020-07-25 13:00:00+00:00,678.2,19.04364,uppsala,5f9fe38afd517828962fde29
10838,2020-07-25 14:00:00+00:00,859.7,19.04364,uppsala,5f9fe38afd517828962fde29
10839,2020-07-25 15:00:00+00:00,713.5,19.04364,uppsala,5f9fe38afd517828962fde29
10840,2020-07-25 16:00:00+00:00,384.9,19.04364,uppsala,5f9fe38afd517828962fde29
10841,2020-07-25 17:00:00+00:00,195.5,19.04364,uppsala,5f9fe38afd517828962fde29
10842,2020-07-25 18:00:00+00:00,314.5,19.04364,uppsala,5f9fe38afd517828962fde29
10843,2020-07-25 19:00:00+00:00,69.5,19.04364,uppsala,5f9fe38afd517828962fde29
10844,2020-07-25 20:00:00+00:00,0.0,19.04364,uppsala,5f9fe38afd517828962fde29
10845,2020-07-25 21:00:00+00:00,0.0,19.04364,uppsala,5f9fe38afd517828962fde29
10846,2020-07-25 22:00:00+00:00,0.0,19.04364,uppsala,5f9fe38afd517828962fde29
10847,2020-07-25 23:00:00+00:00,0.0,19.04364,uppsala,5f9fe38afd517828962fde29
10848,2020-07-26 00:00:00+00:00,0.0,19.04364,uppsala,5f9fe38afd517828962fde29
10849,2020-07-26 01:00:00+00:00,0.0,19.04364,uppsala,5f9fe38afd517828962fde29
10850,2020-07-26 02:00:00+00:00,0.0,19.04364,uppsala,5f9fe38afd517828962fde29
10851,2020-07-26 03:00:00+00:00,147.2,19.04364,uppsala,5f9fe38afd517828962fde29
10852,2020-07-26 04:00:00+00:00,411.6,19.04364,uppsala,5f9fe38afd517828962fde29
10853,2020-07-26 05:00:00+00:00,602.6,19.04364,uppsala,5f9fe38afd517828962fde29
10854,2020-07-26 06:00:00+00:00,709.3,19.04364,uppsala,5f9fe38afd517828962fde29
10855,2020-07-26 07:00:00+00:00,779.7,19.04364,uppsala,5f9fe38afd517828962fde29
10856,2020-07-26 08:00:00+00:00,810.9,19.04364,uppsala,5f9fe38afd517828962fde29
10857,2020-07-26 09:00:00+00:00,10.0,19.04364,uppsala,5f9fe38afd517828962fde29
10858,2020-07-26 10:00:00+00:00,543.8,19.04364,uppsala,5f9fe38afd517828962fde29
10859,2020-07-26 11:00:00+00:00,137.4,19.04364,uppsala,5f9fe38afd517828962fde29
10860,2020-07-26 12:00:00+00:00,339.8,19.04364,uppsala,5f9fe38afd517828962fde29
10861,2020-07-26 13:00:00+00:00,534.5,19.04364,uppsala,5f9fe38afd517828962fde29
10862,2020-07-26 14:00:00+00:00,807.8,19.04364,uppsala,5f9fe38afd517828962fde29
10863,2020-07-26 15:00:00+00:00,731.2,19.04364,uppsala,5f9fe38afd517828962fde29
10864,2020-07-26 16:00:00+00:00,566.8,19.04364,uppsala,5f9fe38afd517828962fde29
10865,2020-07-26 17:00:00+00:00,434.3,19.04364,uppsala,5f9fe38afd517828962fde29
10866,2020-07-26 18:00:00+00:00,4.5,19.04364,uppsala,5f9fe38afd517828962fde29
10867,2020-07-26 19:00:00+00:00,0.0,19.04364,uppsala,5f9fe38afd517828962fde29
10868,2020-07-26 20:00:00+00:00,0.0,19.04364,uppsala,5f9fe38afd517828962fde29
10869,2020-07-26 21:00:00+00:00,0.0,19.04364,uppsala,5f9fe38afd517828962fde29
10870,2020-07-26 22:00:00+00:00,0.0,19.04364,uppsala,5f9fe38afd517828962fde29
10871,2020-07-26 23:00:00+00:00,0.0,19.04364,uppsala,5f9fe38afd517828962fde29
10872,2020-07-27 00:00:00+00:00,0.0,19.04364,uppsala,5f9fe38afd517828962fde29
10873,2020-07-27 01:00:00+00:00,0.0,19.04364,uppsala,5f9fe38afd517828962fde29
10874,2020-07-27 02:00:00+00:00,0.0,19.04364,uppsala,5f9fe38afd517828962fde29
10875,2020-07-27 03:00:00+00:00,0.0,19.04364,uppsala,5f9fe38afd517828962fde29
10876,2020-07-27 04:00:00+00:00,37.6,19.04364,uppsala,5f9fe38afd517828962fde29
10877,2020-07-27 05:00:00+00:00,15.1,19.04364,uppsala,5f9fe38afd517828962fde29
10878,2020-07-27 06:00:00+00:00,22.6,19.04364,uppsala,5f9fe38afd517828962fde29
10879,2020-07-27 07:00:00+00:00,294.0,19.04364,uppsala,5f9fe38afd517828962fde29
10880,2020-07-27 08:00:00+00:00,63.5,19.04364,uppsala,5f9fe38afd517828962fde29
10881,2020-07-27 09:00:00+00:00,473.2,19.04364,uppsala,5f9fe38afd517828962fde29
10882,2020-07-27 10:00:00+00:00,92.0,19.04364,uppsala,5f9fe38afd517828962fde29
10883,2020-07-27 11:00:00+00:00,105.7,19.04364,uppsala,5f9fe38afd517828962fde29
10884,2020-07-27 12:00:00+00:00,330.7,19.04364,uppsala,5f9fe38afd517828962fde29
10885,2020-07-27 13:00:00+00:00,860.2,19.04364,uppsala,5f9fe38afd517828962fde29
10886,2020-07-27 14:00:00+00:00,601.0,19.04364,uppsala,5f9fe38afd517828962fde29
10887,2020-07-27 15:00:00+00:00,702.7,19.04364,uppsala,5f9fe38afd517828962fde29
10888,2020-07-27 16:00:00+00:00,562.8,19.04364,uppsala,5f9fe38afd517828962fde29
10889,2020-07-27 17:00:00+00:00,153.2,19.04364,uppsala,5f9fe38afd517828962fde29
10890,2020-07-27 18:00:00+00:00,320.3,19.04364,uppsala,5f9fe38afd517828962fde29
10891,2020-07-27 19:00:00+00:00,33.6,19.04364,uppsala,5f9fe38afd517828962fde29
10892,2020-07-27 20:00:00+00:00,0.0,19.04364,uppsala,5f9fe38afd517828962fde29
10893,2020-07-27 21:00:00+00:00,0.0,19.04364,uppsala,5f9fe38afd517828962fde29
10894,2020-07-27 22:00:00+00:00,0.0,19.04364,uppsala,5f9fe38afd517828962fde29
10895,2020-07-27 23:00:00+00:00,0.0,19.04364,uppsala,5f9fe38afd517828962fde29
10896,2020-07-28 00:00:00+00:00,0.0,19.04364,uppsala,5f9fe38afd517828962fde29
10897,2020-07-28 01:00:00+00:00,0.0,19.04364,uppsala,5f9fe38afd517828962fde29
10898,2020-07-28 02:00:00+00:00,0.0,19.04364,uppsala,5f9fe38afd517828962fde29
10899,2020-07-28 03:00:00+00:00,0.0,19.04364,uppsala,5f9fe38afd517828962fde29
10900,2020-07-28 04:00:00+00:00,25.8,19.04364,uppsala,5f9fe38afd517828962fde29
10901,2020-07-28 05:00:00+00:00,169.4,19.04364,uppsala,5f9fe38afd517828962fde29
10902,2020-07-28 06:00:00+00:00,2.3,19.04364,uppsala,5f9fe38afd517828962fde29
10903,2020-07-28 07:00:00+00:00,67.8,19.04364,uppsala,5f9fe38afd517828962fde29
10904,2020-07-28 08:00:00+00:00,56.2,19.04364,uppsala,5f9fe38afd517828962fde29
10905,2020-07-28 09:00:00+00:00,7.6,19.04364,uppsala,5f9fe38afd517828962fde29
10906,2020-07-28 10:00:00+00:00,9.3,19.04364,uppsala,5f9fe38afd517828962fde29
10907,2020-07-28 11:00:00+00:00,29.6,19.04364,uppsala,5f9fe38afd517828962fde29
10908,2020-07-28 12:00:00+00:00,7.3,19.04364,uppsala,5f9fe38afd517828962fde29
10909,2020-07-28 13:00:00+00:00,5.9,19.04364,uppsala,5f9fe38afd517828962fde29
10910,2020-07-28 14:00:00+00:00,3.9,19.04364,uppsala,5f9fe38afd517828962fde29
10911,2020-07-28 15:00:00+00:00,3.2,19.04364,uppsala,5f9fe38afd517828962fde29
10912,2020-07-28 16:00:00+00:00,5.9,19.04364,uppsala,5f9fe38afd517828962fde29
10913,2020-07-28 17:00:00+00:00,50.7,19.04364,uppsala,5f9fe38afd517828962fde29
10914,2020-07-28 18:00:00+00:00,12.0,19.04364,uppsala,5f9fe38afd517828962fde29
10915,2020-07-28 19:00:00+00:00,0.0,19.04364,uppsala,5f9fe38afd517828962fde29
10916,2020-07-28 20:00:00+00:00,0.0,19.04364,uppsala,5f9fe38afd517828962fde29
10917,2020-07-28 21:00:00+00:00,0.0,19.04364,uppsala,5f9fe38afd517828962fde29
10918,2020-07-28 22:00:00+00:00,0.0,19.04364,uppsala,5f9fe38afd517828962fde29
10919,2020-07-28 23:00:00+00:00,0.0,19.04364,uppsala,5f9fe38afd517828962fde29
10920,2020-07-29 00:00:00+00:00,0.0,19.04364,uppsala,5f9fe38afd517828962fde29
10921,2020-07-29 01:00:00+00:00,0.0,19.04364,uppsala,5f9fe38afd517828962fde29
10922,2020-07-29 02:00:00+00:00,0.0,19.04364,uppsala,5f9fe38afd517828962fde29
10923,2020-07-29 03:00:00+00:00,160.5,19.04364,uppsala,5f9fe38afd517828962fde29
10924,2020-07-29 04:00:00+00:00,466.9,19.04364,uppsala,5f9fe38afd517828962fde29
10925,2020-07-29 05:00:00+00:00,657.1,19.04364,uppsala,5f9fe38afd517828962fde29
10926,2020-07-29 06:00:00+00:00,775.3,19.04364,uppsala,5f9fe38afd517828962fde29
10927,2020-07-29 07:00:00+00:00,821.0,19.04364,uppsala,5f9fe38afd517828962fde29
10928,2020-07-29 08:00:00+00:00,851.7,19.04364,uppsala,5f9fe38afd517828962fde29
10929,2020-07-29 09:00:00+00:00,348.1,19.04364,uppsala,5f9fe38afd517828962fde29
10930,2020-07-29 10:00:00+00:00,40.5,19.04364,uppsala,5f9fe38afd517828962fde29
10931,2020-07-29 11:00:00+00:00,66.1,19.04364,uppsala,5f9fe38afd517828962fde29
10932,2020-07-29 12:00:00+00:00,11.3,19.04364,uppsala,5f9fe38afd517828962fde29
10933,2020-07-29 13:00:00+00:00,250.4,19.04364,uppsala,5f9fe38afd517828962fde29
10934,2020-07-29 14:00:00+00:00,126.8,19.04364,uppsala,5f9fe38afd517828962fde29
10935,2020-07-29 15:00:00+00:00,8.7,19.04364,uppsala,5f9fe38afd517828962fde29
10936,2020-07-29 16:00:00+00:00,388.8,19.04364,uppsala,5f9fe38afd517828962fde29
10937,2020-07-29 17:00:00+00:00,85.4,19.04364,uppsala,5f9fe38afd517828962fde29
10938,2020-07-29 18:00:00+00:00,0.4,19.04364,uppsala,5f9fe38afd517828962fde29
10939,2020-07-29 19:00:00+00:00,0.0,19.04364,uppsala,5f9fe38afd517828962fde29
10940,2020-07-29 20:00:00+00:00,0.0,19.04364,uppsala,5f9fe38afd517828962fde29
10941,2020-07-29 21:00:00+00:00,0.0,19.04364,uppsala,5f9fe38afd517828962fde29
10942,2020-07-29 22:00:00+00:00,0.0,19.04364,uppsala,5f9fe38afd517828962fde29
10943,2020-07-29 23:00:00+00:00,0.0,19.04364,uppsala,5f9fe38afd517828962fde29
10944,2020-07-30 00:00:00+00:00,0.0,19.04364,uppsala,5f9fe38afd517828962fde29
10945,2020-07-30 01:00:00+00:00,0.0,19.04364,uppsala,5f9fe38afd517828962fde29
10946,2020-07-30 02:00:00+00:00,0.0,19.04364,uppsala,5f9fe38afd517828962fde29
10947,2020-07-30 03:00:00+00:00,0.0,19.04364,uppsala,5f9fe38afd517828962fde29
10948,2020-07-30 04:00:00+00:00,170.0,19.04364,uppsala,5f9fe38afd517828962fde29
10949,2020-07-30 05:00:00+00:00,331.2,19.04364,uppsala,5f9fe38afd517828962fde29
10950,2020-07-30 06:00:00+00:00,732.8,19.04364,uppsala,5f9fe38afd517828962fde29
10951,2020-07-30 07:00:00+00:00,791.2,19.04364,uppsala,5f9fe38afd517828962fde29
10952,2020-07-30 08:00:00+00:00,113.8,19.04364,uppsala,5f9fe38afd517828962fde29
10953,2020-07-30 09:00:00+00:00,47.7,19.04364,uppsala,5f9fe38afd517828962fde29
10954,2020-07-30 10:00:00+00:00,14.3,19.04364,uppsala,5f9fe38afd517828962fde29
10955,2020-07-30 11:00:00+00:00,79.9,19.04364,uppsala,5f9fe38afd517828962fde29
10956,2020-07-30 12:00:00+00:00,45.5,19.04364,uppsala,5f9fe38afd517828962fde29
10957,2020-07-30 13:00:00+00:00,98.2,19.04364,uppsala,5f9fe38afd517828962fde29
10958,2020-07-30 14:00:00+00:00,6.2,19.04364,uppsala,5f9fe38afd517828962fde29
10959,2020-07-30 15:00:00+00:00,3.3,19.04364,uppsala,5f9fe38afd517828962fde29
10960,2020-07-30 16:00:00+00:00,22.4,19.04364,uppsala,5f9fe38afd517828962fde29
10961,2020-07-30 17:00:00+00:00,0.0,19.04364,uppsala,5f9fe38afd517828962fde29
10962,2020-07-30 18:00:00+00:00,0.0,19.04364,uppsala,5f9fe38afd517828962fde29
10963,2020-07-30 19:00:00+00:00,0.0,19.04364,uppsala,5f9fe38afd517828962fde29
10964,2020-07-30 20:00:00+00:00,0.0,19.04364,uppsala,5f9fe38afd517828962fde29
10965,2020-07-30 21:00:00+00:00,0.0,19.04364,uppsala,5f9fe38afd517828962fde29
10966,2020-07-30 22:00:00+00:00,0.0,19.04364,uppsala,5f9fe38afd517828962fde29
10967,2020-07-30 23:00:00+00:00,0.0,19.04364,uppsala,5f9fe38afd517828962fde29
10968,2020-07-31 00:00:00+00:00,0.0,19.04364,uppsala,5f9fe38afd517828962fde29
10969,2020-07-31 01:00:00+00:00,0.0,19.04364,uppsala,5f9fe38afd517828962fde29
10970,2020-07-31 02:00:00+00:00,0.0,19.04364,uppsala,5f9fe38afd517828962fde29
10971,2020-07-31 03:00:00+00:00,31.9,19.04364,uppsala,5f9fe38afd517828962fde29
10972,2020-07-31 04:00:00+00:00,19.6,19.04364,uppsala,5f9fe38afd517828962fde29
10973,2020-07-31 05:00:00+00:00,28.5,19.04364,uppsala,5f9fe38afd517828962fde29
10974,2020-07-31 06:00:00+00:00,21.2,19.04364,uppsala,5f9fe38afd517828962fde29
10975,2020-07-31 07:00:00+00:00,123.1,19.04364,uppsala,5f9fe38afd517828962fde29
10976,2020-07-31 08:00:00+00:00,363.2,19.04364,uppsala,5f9fe38afd517828962fde29
10977,2020-07-31 09:00:00+00:00,28.2,19.04364,uppsala,5f9fe38afd517828962fde29
10978,2020-07-31 10:00:00+00:00,31.7,19.04364,uppsala,5f9fe38afd517828962fde29
10979,2020-07-31 11:00:00+00:00,16.0,19.04364,uppsala,5f9fe38afd517828962fde29
10980,2020-07-31 12:00:00+00:00,9.0,19.04364,uppsala,5f9fe38afd517828962fde29
10981,2020-07-31 13:00:00+00:00,196.2,19.04364,uppsala,5f9fe38afd517828962fde29
10982,2020-07-31 14:00:00+00:00,156.6,19.04364,uppsala,5f9fe38afd517828962fde29
10983,2020-07-31 15:00:00+00:00,676.1,19.04364,uppsala,5f9fe38afd517828962fde29
10984,2020-07-31 16:00:00+00:00,614.1,19.04364,uppsala,5f9fe38afd517828962fde29
10985,2020-07-31 17:00:00+00:00,513.7,19.04364,uppsala,5f9fe38afd517828962fde29
10986,2020-07-31 18:00:00+00:00,346.1,19.04364,uppsala,5f9fe38afd517828962fde29
10987,2020-07-31 19:00:00+00:00,43.1,19.04364,uppsala,5f9fe38afd517828962fde29
10988,2020-07-31 20:00:00+00:00,0.0,19.04364,uppsala,5f9fe38afd517828962fde29
10989,2020-07-31 21:00:00+00:00,0.0,19.04364,uppsala,5f9fe38afd517828962fde29
10990,2020-07-31 22:00:00+00:00,0.0,19.04364,uppsala,5f9fe38afd517828962fde29
10991,2020-07-31 23:00:00+00:00,0.0,19.04364,uppsala,5f9fe38afd517828962fde29
10992,2020-08-01 00:00:00+00:00,0.0,19.04364,uppsala,5f9fe38afd517828962fde29
10993,2020-08-01 01:00:00+00:00,0.0,19.04364,uppsala,5f9fe38afd517828962fde29
10994,2020-08-01 02:00:00+00:00,0.0,19.04364,uppsala,5f9fe38afd517828962fde29
10995,2020-08-01 03:00:00+00:00,33.2,19.04364,uppsala,5f9fe38afd517828962fde29
10996,2020-08-01 04:00:00+00:00,272.1,19.04364,uppsala,5f9fe38afd517828962fde29
10997,2020-08-01 05:00:00+00:00,459.7,19.04364,uppsala,5f9fe38afd517828962fde29
10998,2020-08-01 06:00:00+00:00,588.2,19.04364,uppsala,5f9fe38afd517828962fde29
10999,2020-08-01 07:00:00+00:00,672.1,19.04364,uppsala,5f9fe38afd517828962fde29
11000,2020-08-01 08:00:00+00:00,726.6,19.04364,uppsala,5f9fe38afd517828962fde29
11001,2020-08-01 09:00:00+00:00,754.3,19.04364,uppsala,5f9fe38afd517828962fde29
11002,2020-08-01 10:00:00+00:00,766.3,19.04364,uppsala,5f9fe38afd517828962fde29
11003,2020-08-01 11:00:00+00:00,761.3,19.04364,uppsala,5f9fe38afd517828962fde29
11004,2020-08-01 12:00:00+00:00,753.0,19.04364,uppsala,5f9fe38afd517828962fde29
11005,2020-08-01 13:00:00+00:00,729.3,19.04364,uppsala,5f9fe38afd517828962fde29
11006,2020-08-01 14:00:00+00:00,678.4,19.04364,uppsala,5f9fe38afd517828962fde29
11007,2020-08-01 15:00:00+00:00,742.2,19.04364,uppsala,5f9fe38afd517828962fde29
11008,2020-08-01 16:00:00+00:00,152.9,19.04364,uppsala,5f9fe38afd517828962fde29
11009,2020-08-01 17:00:00+00:00,215.1,19.04364,uppsala,5f9fe38afd517828962fde29
11010,2020-08-01 18:00:00+00:00,0.0,19.04364,uppsala,5f9fe38afd517828962fde29
11011,2020-08-01 19:00:00+00:00,0.0,19.04364,uppsala,5f9fe38afd517828962fde29
11012,2020-08-01 20:00:00+00:00,0.0,19.04364,uppsala,5f9fe38afd517828962fde29
11013,2020-08-01 21:00:00+00:00,0.0,19.04364,uppsala,5f9fe38afd517828962fde29
11014,2020-08-01 22:00:00+00:00,0.0,19.04364,uppsala,5f9fe38afd517828962fde29
11015,2020-08-01 23:00:00+00:00,0.0,19.04364,uppsala,5f9fe38afd517828962fde29
11016,2020-08-02 00:00:00+00:00,0.0,19.04364,uppsala,5f9fe38afd517828962fde29
11017,2020-08-02 01:00:00+00:00,0.0,19.04364,uppsala,5f9fe38afd517828962fde29
11018,2020-08-02 02:00:00+00:00,0.0,19.04364,uppsala,5f9fe38afd517828962fde29
11019,2020-08-02 03:00:00+00:00,0.0,19.04364,uppsala,5f9fe38afd517828962fde29
11020,2020-08-02 04:00:00+00:00,5.2,19.04364,uppsala,5f9fe38afd517828962fde29
11021,2020-08-02 05:00:00+00:00,7.6,19.04364,uppsala,5f9fe38afd517828962fde29
11022,2020-08-02 06:00:00+00:00,20.5,19.04364,uppsala,5f9fe38afd517828962fde29
11023,2020-08-02 07:00:00+00:00,182.9,19.04364,uppsala,5f9fe38afd517828962fde29
11024,2020-08-02 08:00:00+00:00,6.9,19.04364,uppsala,5f9fe38afd517828962fde29
11025,2020-08-02 09:00:00+00:00,510.6,19.04364,uppsala,5f9fe38afd517828962fde29
11026,2020-08-02 10:00:00+00:00,690.3,19.04364,uppsala,5f9fe38afd517828962fde29
11027,2020-08-02 11:00:00+00:00,9.9,19.04364,uppsala,5f9fe38afd517828962fde29
11028,2020-08-02 12:00:00+00:00,32.7,19.04364,uppsala,5f9fe38afd517828962fde29
11029,2020-08-02 13:00:00+00:00,110.5,19.04364,uppsala,5f9fe38afd517828962fde29
11030,2020-08-02 14:00:00+00:00,6.9,19.04364,uppsala,5f9fe38afd517828962fde29
11031,2020-08-02 15:00:00+00:00,246.4,19.04364,uppsala,5f9fe38afd517828962fde29
11032,2020-08-02 16:00:00+00:00,128.0,19.04364,uppsala,5f9fe38afd517828962fde29
11033,2020-08-02 17:00:00+00:00,0.30000000000000004,19.04364,uppsala,5f9fe38afd517828962fde29
11034,2020-08-02 18:00:00+00:00,0.0,19.04364,uppsala,5f9fe38afd517828962fde29
11035,2020-08-02 19:00:00+00:00,0.0,19.04364,uppsala,5f9fe38afd517828962fde29
11036,2020-08-02 20:00:00+00:00,0.0,19.04364,uppsala,5f9fe38afd517828962fde29
11037,2020-08-02 21:00:00+00:00,0.0,19.04364,uppsala,5f9fe38afd517828962fde29
11038,2020-08-02 22:00:00+00:00,0.0,19.04364,uppsala,5f9fe38afd517828962fde29
11039,2020-08-02 23:00:00+00:00,0.0,19.04364,uppsala,5f9fe38afd517828962fde29
11040,2020-08-03 00:00:00+00:00,0.0,19.04364,uppsala,5f9fe38afd517828962fde29
11041,2020-08-03 01:00:00+00:00,0.0,19.04364,uppsala,5f9fe38afd517828962fde29
11042,2020-08-03 02:00:00+00:00,0.0,19.04364,uppsala,5f9fe38afd517828962fde29
11043,2020-08-03 03:00:00+00:00,67.1,19.04364,uppsala,5f9fe38afd517828962fde29
11044,2020-08-03 04:00:00+00:00,172.1,19.04364,uppsala,5f9fe38afd517828962fde29
11045,2020-08-03 05:00:00+00:00,560.8,19.04364,uppsala,5f9fe38afd517828962fde29
11046,2020-08-03 06:00:00+00:00,417.2,19.04364,uppsala,5f9fe38afd517828962fde29
11047,2020-08-03 07:00:00+00:00,376.1,19.04364,uppsala,5f9fe38afd517828962fde29
11048,2020-08-03 08:00:00+00:00,586.1,19.04364,uppsala,5f9fe38afd517828962fde29
11049,2020-08-03 09:00:00+00:00,460.6,19.04364,uppsala,5f9fe38afd517828962fde29
11050,2020-08-03 10:00:00+00:00,25.3,19.04364,uppsala,5f9fe38afd517828962fde29
11051,2020-08-03 11:00:00+00:00,126.4,19.04364,uppsala,5f9fe38afd517828962fde29
11052,2020-08-03 12:00:00+00:00,10.4,19.04364,uppsala,5f9fe38afd517828962fde29
11053,2020-08-03 13:00:00+00:00,152.5,19.04364,uppsala,5f9fe38afd517828962fde29
11054,2020-08-03 14:00:00+00:00,149.9,19.04364,uppsala,5f9fe38afd517828962fde29
11055,2020-08-03 15:00:00+00:00,834.8,19.04364,uppsala,5f9fe38afd517828962fde29
11056,2020-08-03 16:00:00+00:00,305.6,19.04364,uppsala,5f9fe38afd517828962fde29
11057,2020-08-03 17:00:00+00:00,664.1,19.04364,uppsala,5f9fe38afd517828962fde29
11058,2020-08-03 18:00:00+00:00,471.2,19.04364,uppsala,5f9fe38afd517828962fde29
11059,2020-08-03 19:00:00+00:00,31.3,19.04364,uppsala,5f9fe38afd517828962fde29
11060,2020-08-03 20:00:00+00:00,0.0,19.04364,uppsala,5f9fe38afd517828962fde29
11061,2020-08-03 21:00:00+00:00,0.0,19.04364,uppsala,5f9fe38afd517828962fde29
11062,2020-08-03 22:00:00+00:00,0.0,19.04364,uppsala,5f9fe38afd517828962fde29
11063,2020-08-03 23:00:00+00:00,0.0,19.04364,uppsala,5f9fe38afd517828962fde29
11064,2020-08-04 00:00:00+00:00,0.0,19.04364,uppsala,5f9fe38afd517828962fde29
11065,2020-08-04 01:00:00+00:00,0.0,19.04364,uppsala,5f9fe38afd517828962fde29
11066,2020-08-04 02:00:00+00:00,0.0,19.04364,uppsala,5f9fe38afd517828962fde29
11067,2020-08-04 03:00:00+00:00,90.2,19.04364,uppsala,5f9fe38afd517828962fde29
11068,2020-08-04 04:00:00+00:00,0.0,19.04364,uppsala,5f9fe38afd517828962fde29
11069,2020-08-04 05:00:00+00:00,498.0,19.04364,uppsala,5f9fe38afd517828962fde29
11070,2020-08-04 06:00:00+00:00,646.7,19.04364,uppsala,5f9fe38afd517828962fde29
11071,2020-08-04 07:00:00+00:00,21.0,19.04364,uppsala,5f9fe38afd517828962fde29
11072,2020-08-04 08:00:00+00:00,8.7,19.04364,uppsala,5f9fe38afd517828962fde29
11073,2020-08-04 09:00:00+00:00,69.1,19.04364,uppsala,5f9fe38afd517828962fde29
11074,2020-08-04 10:00:00+00:00,121.5,19.04364,uppsala,5f9fe38afd517828962fde29
11075,2020-08-04 11:00:00+00:00,736.7,19.04364,uppsala,5f9fe38afd517828962fde29
11076,2020-08-04 12:00:00+00:00,891.5,19.04364,uppsala,5f9fe38afd517828962fde29
11077,2020-08-04 13:00:00+00:00,877.6,19.04364,uppsala,5f9fe38afd517828962fde29
11078,2020-08-04 14:00:00+00:00,846.1,19.04364,uppsala,5f9fe38afd517828962fde29
11079,2020-08-04 15:00:00+00:00,686.7,19.04364,uppsala,5f9fe38afd517828962fde29
11080,2020-08-04 16:00:00+00:00,703.5,19.04364,uppsala,5f9fe38afd517828962fde29
11081,2020-08-04 17:00:00+00:00,587.0,19.04364,uppsala,5f9fe38afd517828962fde29
11082,2020-08-04 18:00:00+00:00,256.3,19.04364,uppsala,5f9fe38afd517828962fde29
11083,2020-08-04 19:00:00+00:00,4.7,19.04364,uppsala,5f9fe38afd517828962fde29
11084,2020-08-04 20:00:00+00:00,0.0,19.04364,uppsala,5f9fe38afd517828962fde29
11085,2020-08-04 21:00:00+00:00,0.0,19.04364,uppsala,5f9fe38afd517828962fde29
11086,2020-08-04 22:00:00+00:00,0.0,19.04364,uppsala,5f9fe38afd517828962fde29
11087,2020-08-04 23:00:00+00:00,0.0,19.04364,uppsala,5f9fe38afd517828962fde29
11088,2020-08-05 00:00:00+00:00,0.0,19.04364,uppsala,5f9fe38afd517828962fde29
11089,2020-08-05 01:00:00+00:00,0.0,19.04364,uppsala,5f9fe38afd517828962fde29
11090,2020-08-05 02:00:00+00:00,0.0,19.04364,uppsala,5f9fe38afd517828962fde29
11091,2020-08-05 03:00:00+00:00,42.1,19.04364,uppsala,5f9fe38afd517828962fde29
11092,2020-08-05 04:00:00+00:00,392.1,19.04364,uppsala,5f9fe38afd517828962fde29
11093,2020-08-05 05:00:00+00:00,449.7,19.04364,uppsala,5f9fe38afd517828962fde29
11094,2020-08-05 06:00:00+00:00,731.6,19.04364,uppsala,5f9fe38afd517828962fde29
11095,2020-08-05 07:00:00+00:00,297.2,19.04364,uppsala,5f9fe38afd517828962fde29
11096,2020-08-05 08:00:00+00:00,133.7,19.04364,uppsala,5f9fe38afd517828962fde29
11097,2020-08-05 09:00:00+00:00,152.5,19.04364,uppsala,5f9fe38afd517828962fde29
11098,2020-08-05 10:00:00+00:00,58.6,19.04364,uppsala,5f9fe38afd517828962fde29
11099,2020-08-05 11:00:00+00:00,121.6,19.04364,uppsala,5f9fe38afd517828962fde29
11100,2020-08-05 12:00:00+00:00,251.5,19.04364,uppsala,5f9fe38afd517828962fde29
11101,2020-08-05 13:00:00+00:00,698.4,19.04364,uppsala,5f9fe38afd517828962fde29
11102,2020-08-05 14:00:00+00:00,729.6,19.04364,uppsala,5f9fe38afd517828962fde29
11103,2020-08-05 15:00:00+00:00,6.4,19.04364,uppsala,5f9fe38afd517828962fde29
11104,2020-08-05 16:00:00+00:00,1.9,19.04364,uppsala,5f9fe38afd517828962fde29
11105,2020-08-05 17:00:00+00:00,0.0,19.04364,uppsala,5f9fe38afd517828962fde29
11106,2020-08-05 18:00:00+00:00,0.0,19.04364,uppsala,5f9fe38afd517828962fde29
11107,2020-08-05 19:00:00+00:00,0.0,19.04364,uppsala,5f9fe38afd517828962fde29
11108,2020-08-05 20:00:00+00:00,0.0,19.04364,uppsala,5f9fe38afd517828962fde29
11109,2020-08-05 21:00:00+00:00,0.0,19.04364,uppsala,5f9fe38afd517828962fde29
11110,2020-08-05 22:00:00+00:00,0.0,19.04364,uppsala,5f9fe38afd517828962fde29
11111,2020-08-05 23:00:00+00:00,0.0,19.04364,uppsala,5f9fe38afd517828962fde29
11112,2020-08-06 00:00:00+00:00,0.0,19.04364,uppsala,5f9fe38afd517828962fde29
11113,2020-08-06 01:00:00+00:00,0.0,19.04364,uppsala,5f9fe38afd517828962fde29
11114,2020-08-06 02:00:00+00:00,0.0,19.04364,uppsala,5f9fe38afd517828962fde29
11115,2020-08-06 03:00:00+00:00,0.0,19.04364,uppsala,5f9fe38afd517828962fde29
11116,2020-08-06 04:00:00+00:00,0.0,19.04364,uppsala,5f9fe38afd517828962fde29
11117,2020-08-06 05:00:00+00:00,0.0,19.04364,uppsala,5f9fe38afd517828962fde29
11118,2020-08-06 06:00:00+00:00,6.1,19.04364,uppsala,5f9fe38afd517828962fde29
11119,2020-08-06 07:00:00+00:00,5.9,19.04364,uppsala,5f9fe38afd517828962fde29
11120,2020-08-06 08:00:00+00:00,7.4,19.04364,uppsala,5f9fe38afd517828962fde29
11121,2020-08-06 09:00:00+00:00,7.7,19.04364,uppsala,5f9fe38afd517828962fde29
11122,2020-08-06 10:00:00+00:00,17.5,19.04364,uppsala,5f9fe38afd517828962fde29
11123,2020-08-06 11:00:00+00:00,15.6,19.04364,uppsala,5f9fe38afd517828962fde29
11124,2020-08-06 12:00:00+00:00,9.2,19.04364,uppsala,5f9fe38afd517828962fde29
11125,2020-08-06 13:00:00+00:00,264.2,19.04364,uppsala,5f9fe38afd517828962fde29
11126,2020-08-06 14:00:00+00:00,6.4,19.04364,uppsala,5f9fe38afd517828962fde29
11127,2020-08-06 15:00:00+00:00,2.8,19.04364,uppsala,5f9fe38afd517828962fde29
11128,2020-08-06 16:00:00+00:00,0.30000000000000004,19.04364,uppsala,5f9fe38afd517828962fde29
11129,2020-08-06 17:00:00+00:00,411.5,19.04364,uppsala,5f9fe38afd517828962fde29
11130,2020-08-06 18:00:00+00:00,218.9,19.04364,uppsala,5f9fe38afd517828962fde29
11131,2020-08-06 19:00:00+00:00,0.0,19.04364,uppsala,5f9fe38afd517828962fde29
11132,2020-08-06 20:00:00+00:00,0.0,19.04364,uppsala,5f9fe38afd517828962fde29
11133,2020-08-06 21:00:00+00:00,0.0,19.04364,uppsala,5f9fe38afd517828962fde29
11134,2020-08-06 22:00:00+00:00,0.0,19.04364,uppsala,5f9fe38afd517828962fde29
11135,2020-08-06 23:00:00+00:00,0.0,19.04364,uppsala,5f9fe38afd517828962fde29
11136,2020-08-07 00:00:00+00:00,0.0,19.04364,uppsala,5f9fe38afd517828962fde29
11137,2020-08-07 01:00:00+00:00,0.0,19.04364,uppsala,5f9fe38afd517828962fde29
11138,2020-08-07 02:00:00+00:00,0.0,19.04364,uppsala,5f9fe38afd517828962fde29
11139,2020-08-07 03:00:00+00:00,1.6,19.04364,uppsala,5f9fe38afd517828962fde29
11140,2020-08-07 04:00:00+00:00,282.1,19.04364,uppsala,5f9fe38afd517828962fde29
11141,2020-08-07 05:00:00+00:00,495.3,19.04364,uppsala,5f9fe38afd517828962fde29
11142,2020-08-07 06:00:00+00:00,635.7,19.04364,uppsala,5f9fe38afd517828962fde29
11143,2020-08-07 07:00:00+00:00,728.8,19.04364,uppsala,5f9fe38afd517828962fde29
11144,2020-08-07 08:00:00+00:00,754.5,19.04364,uppsala,5f9fe38afd517828962fde29
11145,2020-08-07 09:00:00+00:00,742.8,19.04364,uppsala,5f9fe38afd517828962fde29
11146,2020-08-07 10:00:00+00:00,279.8,19.04364,uppsala,5f9fe38afd517828962fde29
11147,2020-08-07 11:00:00+00:00,781.4,19.04364,uppsala,5f9fe38afd517828962fde29
11148,2020-08-07 12:00:00+00:00,836.8,19.04364,uppsala,5f9fe38afd517828962fde29
11149,2020-08-07 13:00:00+00:00,829.0,19.04364,uppsala,5f9fe38afd517828962fde29
11150,2020-08-07 14:00:00+00:00,802.2,19.04364,uppsala,5f9fe38afd517828962fde29
11151,2020-08-07 15:00:00+00:00,756.4,19.04364,uppsala,5f9fe38afd517828962fde29
11152,2020-08-07 16:00:00+00:00,668.6,19.04364,uppsala,5f9fe38afd517828962fde29
11153,2020-08-07 17:00:00+00:00,248.3,19.04364,uppsala,5f9fe38afd517828962fde29
11154,2020-08-07 18:00:00+00:00,239.8,19.04364,uppsala,5f9fe38afd517828962fde29
11155,2020-08-07 19:00:00+00:00,0.0,19.04364,uppsala,5f9fe38afd517828962fde29
11156,2020-08-07 20:00:00+00:00,0.0,19.04364,uppsala,5f9fe38afd517828962fde29
11157,2020-08-07 21:00:00+00:00,0.0,19.04364,uppsala,5f9fe38afd517828962fde29
11158,2020-08-07 22:00:00+00:00,0.0,19.04364,uppsala,5f9fe38afd517828962fde29
11159,2020-08-07 23:00:00+00:00,0.0,19.04364,uppsala,5f9fe38afd517828962fde29
11160,2020-08-08 00:00:00+00:00,0.0,19.04364,uppsala,5f9fe38afd517828962fde29
11161,2020-08-08 01:00:00+00:00,0.0,19.04364,uppsala,5f9fe38afd517828962fde29
11162,2020-08-08 02:00:00+00:00,0.0,19.04364,uppsala,5f9fe38afd517828962fde29
11163,2020-08-08 03:00:00+00:00,8.2,19.04364,uppsala,5f9fe38afd517828962fde29
11164,2020-08-08 04:00:00+00:00,403.1,19.04364,uppsala,5f9fe38afd517828962fde29
11165,2020-08-08 05:00:00+00:00,530.6,19.04364,uppsala,5f9fe38afd517828962fde29
11166,2020-08-08 06:00:00+00:00,739.2,19.04364,uppsala,5f9fe38afd517828962fde29
11167,2020-08-08 07:00:00+00:00,810.9,19.04364,uppsala,5f9fe38afd517828962fde29
11168,2020-08-08 08:00:00+00:00,852.4,19.04364,uppsala,5f9fe38afd517828962fde29
11169,2020-08-08 09:00:00+00:00,878.3,19.04364,uppsala,5f9fe38afd517828962fde29
11170,2020-08-08 10:00:00+00:00,886.7,19.04364,uppsala,5f9fe38afd517828962fde29
11171,2020-08-08 11:00:00+00:00,896.5,19.04364,uppsala,5f9fe38afd517828962fde29
11172,2020-08-08 12:00:00+00:00,881.4,19.04364,uppsala,5f9fe38afd517828962fde29
11173,2020-08-08 13:00:00+00:00,863.5,19.04364,uppsala,5f9fe38afd517828962fde29
11174,2020-08-08 14:00:00+00:00,816.8,19.04364,uppsala,5f9fe38afd517828962fde29
11175,2020-08-08 15:00:00+00:00,174.6,19.04364,uppsala,5f9fe38afd517828962fde29
11176,2020-08-08 16:00:00+00:00,517.3,19.04364,uppsala,5f9fe38afd517828962fde29
11177,2020-08-08 17:00:00+00:00,484.9,19.04364,uppsala,5f9fe38afd517828962fde29
11178,2020-08-08 18:00:00+00:00,0.0,19.04364,uppsala,5f9fe38afd517828962fde29
11179,2020-08-08 19:00:00+00:00,0.0,19.04364,uppsala,5f9fe38afd517828962fde29
11180,2020-08-08 20:00:00+00:00,0.0,19.04364,uppsala,5f9fe38afd517828962fde29
11181,2020-08-08 21:00:00+00:00,0.0,19.04364,uppsala,5f9fe38afd517828962fde29
11182,2020-08-08 22:00:00+00:00,0.0,19.04364,uppsala,5f9fe38afd517828962fde29
11183,2020-08-08 23:00:00+00:00,0.0,19.04364,uppsala,5f9fe38afd517828962fde29
11184,2020-08-09 00:00:00+00:00,0.0,19.04364,uppsala,5f9fe38afd517828962fde29
11185,2020-08-09 01:00:00+00:00,0.0,19.04364,uppsala,5f9fe38afd517828962fde29
11186,2020-08-09 02:00:00+00:00,0.0,19.04364,uppsala,5f9fe38afd517828962fde29
11187,2020-08-09 03:00:00+00:00,0.1,19.04364,uppsala,5f9fe38afd517828962fde29
11188,2020-08-09 04:00:00+00:00,254.7,19.04364,uppsala,5f9fe38afd517828962fde29
11189,2020-08-09 05:00:00+00:00,476.8,19.04364,uppsala,5f9fe38afd517828962fde29
11190,2020-08-09 06:00:00+00:00,597.9,19.04364,uppsala,5f9fe38afd517828962fde29
11191,2020-08-09 07:00:00+00:00,684.2,19.04364,uppsala,5f9fe38afd517828962fde29
11192,2020-08-09 08:00:00+00:00,93.0,19.04364,uppsala,5f9fe38afd517828962fde29
11193,2020-08-09 09:00:00+00:00,767.6,19.04364,uppsala,5f9fe38afd517828962fde29
11194,2020-08-09 10:00:00+00:00,791.0,19.04364,uppsala,5f9fe38afd517828962fde29
11195,2020-08-09 11:00:00+00:00,806.6,19.04364,uppsala,5f9fe38afd517828962fde29
11196,2020-08-09 12:00:00+00:00,797.5,19.04364,uppsala,5f9fe38afd517828962fde29
11197,2020-08-09 13:00:00+00:00,775.6,19.04364,uppsala,5f9fe38afd517828962fde29
11198,2020-08-09 14:00:00+00:00,418.7,19.04364,uppsala,5f9fe38afd517828962fde29
11199,2020-08-09 15:00:00+00:00,602.7,19.04364,uppsala,5f9fe38afd517828962fde29
11200,2020-08-09 16:00:00+00:00,329.5,19.04364,uppsala,5f9fe38afd517828962fde29
11201,2020-08-09 17:00:00+00:00,396.9,19.04364,uppsala,5f9fe38afd517828962fde29
11202,2020-08-09 18:00:00+00:00,87.4,19.04364,uppsala,5f9fe38afd517828962fde29
11203,2020-08-09 19:00:00+00:00,0.0,19.04364,uppsala,5f9fe38afd517828962fde29
11204,2020-08-09 20:00:00+00:00,0.0,19.04364,uppsala,5f9fe38afd517828962fde29
11205,2020-08-09 21:00:00+00:00,0.0,19.04364,uppsala,5f9fe38afd517828962fde29
11206,2020-08-09 22:00:00+00:00,0.0,19.04364,uppsala,5f9fe38afd517828962fde29
11207,2020-08-09 23:00:00+00:00,0.0,19.04364,uppsala,5f9fe38afd517828962fde29
11208,2020-08-10 00:00:00+00:00,0.0,19.04364,uppsala,5f9fe38afd517828962fde29
11209,2020-08-10 01:00:00+00:00,0.0,19.04364,uppsala,5f9fe38afd517828962fde29
11210,2020-08-10 02:00:00+00:00,0.0,19.04364,uppsala,5f9fe38afd517828962fde29
11211,2020-08-10 03:00:00+00:00,0.0,19.04364,uppsala,5f9fe38afd517828962fde29
11212,2020-08-10 04:00:00+00:00,262.6,19.04364,uppsala,5f9fe38afd517828962fde29
11213,2020-08-10 05:00:00+00:00,524.7,19.04364,uppsala,5f9fe38afd517828962fde29
11214,2020-08-10 06:00:00+00:00,674.9,19.04364,uppsala,5f9fe38afd517828962fde29
11215,2020-08-10 07:00:00+00:00,774.8,19.04364,uppsala,5f9fe38afd517828962fde29
11216,2020-08-10 08:00:00+00:00,829.1,19.04364,uppsala,5f9fe38afd517828962fde29
11217,2020-08-10 09:00:00+00:00,857.4,19.04364,uppsala,5f9fe38afd517828962fde29
11218,2020-08-10 10:00:00+00:00,875.2,19.04364,uppsala,5f9fe38afd517828962fde29
11219,2020-08-10 11:00:00+00:00,886.7,19.04364,uppsala,5f9fe38afd517828962fde29
11220,2020-08-10 12:00:00+00:00,878.7,19.04364,uppsala,5f9fe38afd517828962fde29
11221,2020-08-10 13:00:00+00:00,861.5,19.04364,uppsala,5f9fe38afd517828962fde29
11222,2020-08-10 14:00:00+00:00,840.0,19.04364,uppsala,5f9fe38afd517828962fde29
11223,2020-08-10 15:00:00+00:00,725.1,19.04364,uppsala,5f9fe38afd517828962fde29
11224,2020-08-10 16:00:00+00:00,641.6,19.04364,uppsala,5f9fe38afd517828962fde29
11225,2020-08-10 17:00:00+00:00,488.9,19.04364,uppsala,5f9fe38afd517828962fde29
11226,2020-08-10 18:00:00+00:00,233.4,19.04364,uppsala,5f9fe38afd517828962fde29
11227,2020-08-10 19:00:00+00:00,0.0,19.04364,uppsala,5f9fe38afd517828962fde29
11228,2020-08-10 20:00:00+00:00,0.0,19.04364,uppsala,5f9fe38afd517828962fde29
11229,2020-08-10 21:00:00+00:00,0.0,19.04364,uppsala,5f9fe38afd517828962fde29
11230,2020-08-10 22:00:00+00:00,0.0,19.04364,uppsala,5f9fe38afd517828962fde29
11231,2020-08-10 23:00:00+00:00,0.0,19.04364,uppsala,5f9fe38afd517828962fde29
11232,2020-08-11 00:00:00+00:00,0.0,19.04364,uppsala,5f9fe38afd517828962fde29
11233,2020-08-11 01:00:00+00:00,0.0,19.04364,uppsala,5f9fe38afd517828962fde29
11234,2020-08-11 02:00:00+00:00,0.0,19.04364,uppsala,5f9fe38afd517828962fde29
11235,2020-08-11 03:00:00+00:00,0.0,19.04364,uppsala,5f9fe38afd517828962fde29
11236,2020-08-11 04:00:00+00:00,349.0,19.04364,uppsala,5f9fe38afd517828962fde29
11237,2020-08-11 05:00:00+00:00,566.2,19.04364,uppsala,5f9fe38afd517828962fde29
11238,2020-08-11 06:00:00+00:00,684.9,19.04364,uppsala,5f9fe38afd517828962fde29
11239,2020-08-11 07:00:00+00:00,764.2,19.04364,uppsala,5f9fe38afd517828962fde29
11240,2020-08-11 08:00:00+00:00,812.3,19.04364,uppsala,5f9fe38afd517828962fde29
11241,2020-08-11 09:00:00+00:00,853.5,19.04364,uppsala,5f9fe38afd517828962fde29
11242,2020-08-11 10:00:00+00:00,767.9,19.04364,uppsala,5f9fe38afd517828962fde29
11243,2020-08-11 11:00:00+00:00,873.2,19.04364,uppsala,5f9fe38afd517828962fde29
11244,2020-08-11 12:00:00+00:00,867.4,19.04364,uppsala,5f9fe38afd517828962fde29
11245,2020-08-11 13:00:00+00:00,847.1,19.04364,uppsala,5f9fe38afd517828962fde29
11246,2020-08-11 14:00:00+00:00,811.6,19.04364,uppsala,5f9fe38afd517828962fde29
11247,2020-08-11 15:00:00+00:00,733.2,19.04364,uppsala,5f9fe38afd517828962fde29
11248,2020-08-11 16:00:00+00:00,644.4,19.04364,uppsala,5f9fe38afd517828962fde29
11249,2020-08-11 17:00:00+00:00,492.9,19.04364,uppsala,5f9fe38afd517828962fde29
11250,2020-08-11 18:00:00+00:00,217.3,19.04364,uppsala,5f9fe38afd517828962fde29
11251,2020-08-11 19:00:00+00:00,0.0,19.04364,uppsala,5f9fe38afd517828962fde29
11252,2020-08-11 20:00:00+00:00,0.0,19.04364,uppsala,5f9fe38afd517828962fde29
11253,2020-08-11 21:00:00+00:00,0.0,19.04364,uppsala,5f9fe38afd517828962fde29
11254,2020-08-11 22:00:00+00:00,0.0,19.04364,uppsala,5f9fe38afd517828962fde29
11255,2020-08-11 23:00:00+00:00,0.0,19.04364,uppsala,5f9fe38afd517828962fde29
11256,2020-08-12 00:00:00+00:00,0.0,19.04364,uppsala,5f9fe38afd517828962fde29
11257,2020-08-12 01:00:00+00:00,0.0,19.04364,uppsala,5f9fe38afd517828962fde29
11258,2020-08-12 02:00:00+00:00,0.0,19.04364,uppsala,5f9fe38afd517828962fde29
11259,2020-08-12 03:00:00+00:00,0.0,19.04364,uppsala,5f9fe38afd517828962fde29
11260,2020-08-12 04:00:00+00:00,58.5,19.04364,uppsala,5f9fe38afd517828962fde29
11261,2020-08-12 05:00:00+00:00,69.6,19.04364,uppsala,5f9fe38afd517828962fde29
11262,2020-08-12 06:00:00+00:00,59.8,19.04364,uppsala,5f9fe38afd517828962fde29
11263,2020-08-12 07:00:00+00:00,491.6,19.04364,uppsala,5f9fe38afd517828962fde29
11264,2020-08-12 08:00:00+00:00,643.7,19.04364,uppsala,5f9fe38afd517828962fde29
11265,2020-08-12 09:00:00+00:00,606.9,19.04364,uppsala,5f9fe38afd517828962fde29
11266,2020-08-12 10:00:00+00:00,722.4,19.04364,uppsala,5f9fe38afd517828962fde29
11267,2020-08-12 11:00:00+00:00,654.3,19.04364,uppsala,5f9fe38afd517828962fde29
11268,2020-08-12 12:00:00+00:00,792.9,19.04364,uppsala,5f9fe38afd517828962fde29
11269,2020-08-12 13:00:00+00:00,776.8,19.04364,uppsala,5f9fe38afd517828962fde29
11270,2020-08-12 14:00:00+00:00,739.8,19.04364,uppsala,5f9fe38afd517828962fde29
11271,2020-08-12 15:00:00+00:00,660.2,19.04364,uppsala,5f9fe38afd517828962fde29
11272,2020-08-12 16:00:00+00:00,560.2,19.04364,uppsala,5f9fe38afd517828962fde29
11273,2020-08-12 17:00:00+00:00,128.2,19.04364,uppsala,5f9fe38afd517828962fde29
11274,2020-08-12 18:00:00+00:00,0.0,19.04364,uppsala,5f9fe38afd517828962fde29
11275,2020-08-12 19:00:00+00:00,0.0,19.04364,uppsala,5f9fe38afd517828962fde29
11276,2020-08-12 20:00:00+00:00,0.0,19.04364,uppsala,5f9fe38afd517828962fde29
11277,2020-08-12 21:00:00+00:00,0.0,19.04364,uppsala,5f9fe38afd517828962fde29
11278,2020-08-12 22:00:00+00:00,0.0,19.04364,uppsala,5f9fe38afd517828962fde29
11279,2020-08-12 23:00:00+00:00,0.0,19.04364,uppsala,5f9fe38afd517828962fde29
11280,2020-08-13 00:00:00+00:00,0.0,19.04364,uppsala,5f9fe38afd517828962fde29
11281,2020-08-13 01:00:00+00:00,0.0,19.04364,uppsala,5f9fe38afd517828962fde29
11282,2020-08-13 02:00:00+00:00,0.0,19.04364,uppsala,5f9fe38afd517828962fde29
11283,2020-08-13 03:00:00+00:00,0.0,19.04364,uppsala,5f9fe38afd517828962fde29
11284,2020-08-13 04:00:00+00:00,181.2,19.04364,uppsala,5f9fe38afd517828962fde29
11285,2020-08-13 05:00:00+00:00,380.5,19.04364,uppsala,5f9fe38afd517828962fde29
11286,2020-08-13 06:00:00+00:00,33.7,19.04364,uppsala,5f9fe38afd517828962fde29
11287,2020-08-13 07:00:00+00:00,76.9,19.04364,uppsala,5f9fe38afd517828962fde29
11288,2020-08-13 08:00:00+00:00,680.9,19.04364,uppsala,5f9fe38afd517828962fde29
11289,2020-08-13 09:00:00+00:00,802.5,19.04364,uppsala,5f9fe38afd517828962fde29
11290,2020-08-13 10:00:00+00:00,818.9,19.04364,uppsala,5f9fe38afd517828962fde29
11291,2020-08-13 11:00:00+00:00,725.7,19.04364,uppsala,5f9fe38afd517828962fde29
11292,2020-08-13 12:00:00+00:00,806.5,19.04364,uppsala,5f9fe38afd517828962fde29
11293,2020-08-13 13:00:00+00:00,211.8,19.04364,uppsala,5f9fe38afd517828962fde29
11294,2020-08-13 14:00:00+00:00,726.0,19.04364,uppsala,5f9fe38afd517828962fde29
11295,2020-08-13 15:00:00+00:00,610.3,19.04364,uppsala,5f9fe38afd517828962fde29
11296,2020-08-13 16:00:00+00:00,503.5,19.04364,uppsala,5f9fe38afd517828962fde29
11297,2020-08-13 17:00:00+00:00,293.5,19.04364,uppsala,5f9fe38afd517828962fde29
11298,2020-08-13 18:00:00+00:00,0.0,19.04364,uppsala,5f9fe38afd517828962fde29
11299,2020-08-13 19:00:00+00:00,0.0,19.04364,uppsala,5f9fe38afd517828962fde29
11300,2020-08-13 20:00:00+00:00,0.0,19.04364,uppsala,5f9fe38afd517828962fde29
11301,2020-08-13 21:00:00+00:00,0.0,19.04364,uppsala,5f9fe38afd517828962fde29
11302,2020-08-13 22:00:00+00:00,0.0,19.04364,uppsala,5f9fe38afd517828962fde29
11303,2020-08-13 23:00:00+00:00,0.0,19.04364,uppsala,5f9fe38afd517828962fde29
11304,2020-08-14 00:00:00+00:00,0.0,19.04364,uppsala,5f9fe38afd517828962fde29
11305,2020-08-14 01:00:00+00:00,0.0,19.04364,uppsala,5f9fe38afd517828962fde29
11306,2020-08-14 02:00:00+00:00,0.0,19.04364,uppsala,5f9fe38afd517828962fde29
11307,2020-08-14 03:00:00+00:00,0.0,19.04364,uppsala,5f9fe38afd517828962fde29
11308,2020-08-14 04:00:00+00:00,1.0,19.04364,uppsala,5f9fe38afd517828962fde29
11309,2020-08-14 05:00:00+00:00,199.9,19.04364,uppsala,5f9fe38afd517828962fde29
11310,2020-08-14 06:00:00+00:00,12.3,19.04364,uppsala,5f9fe38afd517828962fde29
11311,2020-08-14 07:00:00+00:00,124.8,19.04364,uppsala,5f9fe38afd517828962fde29
11312,2020-08-14 08:00:00+00:00,138.0,19.04364,uppsala,5f9fe38afd517828962fde29
11313,2020-08-14 09:00:00+00:00,686.6,19.04364,uppsala,5f9fe38afd517828962fde29
11314,2020-08-14 10:00:00+00:00,708.6,19.04364,uppsala,5f9fe38afd517828962fde29
11315,2020-08-14 11:00:00+00:00,720.6,19.04364,uppsala,5f9fe38afd517828962fde29
11316,2020-08-14 12:00:00+00:00,719.3,19.04364,uppsala,5f9fe38afd517828962fde29
11317,2020-08-14 13:00:00+00:00,696.6,19.04364,uppsala,5f9fe38afd517828962fde29
11318,2020-08-14 14:00:00+00:00,661.5,19.04364,uppsala,5f9fe38afd517828962fde29
11319,2020-08-14 15:00:00+00:00,663.6,19.04364,uppsala,5f9fe38afd517828962fde29
11320,2020-08-14 16:00:00+00:00,547.8,19.04364,uppsala,5f9fe38afd517828962fde29
11321,2020-08-14 17:00:00+00:00,380.2,19.04364,uppsala,5f9fe38afd517828962fde29
11322,2020-08-14 18:00:00+00:00,111.5,19.04364,uppsala,5f9fe38afd517828962fde29
11323,2020-08-14 19:00:00+00:00,0.0,19.04364,uppsala,5f9fe38afd517828962fde29
11324,2020-08-14 20:00:00+00:00,0.0,19.04364,uppsala,5f9fe38afd517828962fde29
11325,2020-08-14 21:00:00+00:00,0.0,19.04364,uppsala,5f9fe38afd517828962fde29
11326,2020-08-14 22:00:00+00:00,0.0,19.04364,uppsala,5f9fe38afd517828962fde29
11327,2020-08-14 23:00:00+00:00,0.0,19.04364,uppsala,5f9fe38afd517828962fde29
11328,2020-08-15 00:00:00+00:00,0.0,19.04364,uppsala,5f9fe38afd517828962fde29
11329,2020-08-15 01:00:00+00:00,0.0,19.04364,uppsala,5f9fe38afd517828962fde29
11330,2020-08-15 02:00:00+00:00,0.0,19.04364,uppsala,5f9fe38afd517828962fde29
11331,2020-08-15 03:00:00+00:00,0.0,19.04364,uppsala,5f9fe38afd517828962fde29
11332,2020-08-15 04:00:00+00:00,153.0,19.04364,uppsala,5f9fe38afd517828962fde29
11333,2020-08-15 05:00:00+00:00,371.8,19.04364,uppsala,5f9fe38afd517828962fde29
11334,2020-08-15 06:00:00+00:00,528.0,19.04364,uppsala,5f9fe38afd517828962fde29
11335,2020-08-15 07:00:00+00:00,610.6,19.04364,uppsala,5f9fe38afd517828962fde29
11336,2020-08-15 08:00:00+00:00,669.9,19.04364,uppsala,5f9fe38afd517828962fde29
11337,2020-08-15 09:00:00+00:00,709.5,19.04364,uppsala,5f9fe38afd517828962fde29
11338,2020-08-15 10:00:00+00:00,727.4,19.04364,uppsala,5f9fe38afd517828962fde29
11339,2020-08-15 11:00:00+00:00,717.2,19.04364,uppsala,5f9fe38afd517828962fde29
11340,2020-08-15 12:00:00+00:00,716.8,19.04364,uppsala,5f9fe38afd517828962fde29
11341,2020-08-15 13:00:00+00:00,691.1,19.04364,uppsala,5f9fe38afd517828962fde29
11342,2020-08-15 14:00:00+00:00,650.7,19.04364,uppsala,5f9fe38afd517828962fde29
11343,2020-08-15 15:00:00+00:00,159.4,19.04364,uppsala,5f9fe38afd517828962fde29
11344,2020-08-15 16:00:00+00:00,462.8,19.04364,uppsala,5f9fe38afd517828962fde29
11345,2020-08-15 17:00:00+00:00,343.5,19.04364,uppsala,5f9fe38afd517828962fde29
11346,2020-08-15 18:00:00+00:00,136.5,19.04364,uppsala,5f9fe38afd517828962fde29
11347,2020-08-15 19:00:00+00:00,0.0,19.04364,uppsala,5f9fe38afd517828962fde29
11348,2020-08-15 20:00:00+00:00,0.0,19.04364,uppsala,5f9fe38afd517828962fde29
11349,2020-08-15 21:00:00+00:00,0.0,19.04364,uppsala,5f9fe38afd517828962fde29
11350,2020-08-15 22:00:00+00:00,0.0,19.04364,uppsala,5f9fe38afd517828962fde29
11351,2020-08-15 23:00:00+00:00,0.0,19.04364,uppsala,5f9fe38afd517828962fde29
11352,2020-08-16 00:00:00+00:00,0.0,19.04364,uppsala,5f9fe38afd517828962fde29
11353,2020-08-16 01:00:00+00:00,0.0,19.04364,uppsala,5f9fe38afd517828962fde29
11354,2020-08-16 02:00:00+00:00,0.0,19.04364,uppsala,5f9fe38afd517828962fde29
11355,2020-08-16 03:00:00+00:00,0.0,19.04364,uppsala,5f9fe38afd517828962fde29
11356,2020-08-16 04:00:00+00:00,159.8,19.04364,uppsala,5f9fe38afd517828962fde29
11357,2020-08-16 05:00:00+00:00,402.3,19.04364,uppsala,5f9fe38afd517828962fde29
11358,2020-08-16 06:00:00+00:00,571.0,19.04364,uppsala,5f9fe38afd517828962fde29
11359,2020-08-16 07:00:00+00:00,665.0,19.04364,uppsala,5f9fe38afd517828962fde29
11360,2020-08-16 08:00:00+00:00,733.7,19.04364,uppsala,5f9fe38afd517828962fde29
11361,2020-08-16 09:00:00+00:00,776.5,19.04364,uppsala,5f9fe38afd517828962fde29
11362,2020-08-16 10:00:00+00:00,789.2,19.04364,uppsala,5f9fe38afd517828962fde29
11363,2020-08-16 11:00:00+00:00,546.3,19.04364,uppsala,5f9fe38afd517828962fde29
11364,2020-08-16 12:00:00+00:00,160.9,19.04364,uppsala,5f9fe38afd517828962fde29
11365,2020-08-16 13:00:00+00:00,617.9,19.04364,uppsala,5f9fe38afd517828962fde29
11366,2020-08-16 14:00:00+00:00,608.1,19.04364,uppsala,5f9fe38afd517828962fde29
11367,2020-08-16 15:00:00+00:00,758.9,19.04364,uppsala,5f9fe38afd517828962fde29
11368,2020-08-16 16:00:00+00:00,660.3,19.04364,uppsala,5f9fe38afd517828962fde29
11369,2020-08-16 17:00:00+00:00,504.0,19.04364,uppsala,5f9fe38afd517828962fde29
11370,2020-08-16 18:00:00+00:00,188.8,19.04364,uppsala,5f9fe38afd517828962fde29
11371,2020-08-16 19:00:00+00:00,0.0,19.04364,uppsala,5f9fe38afd517828962fde29
11372,2020-08-16 20:00:00+00:00,0.0,19.04364,uppsala,5f9fe38afd517828962fde29
11373,2020-08-16 21:00:00+00:00,0.0,19.04364,uppsala,5f9fe38afd517828962fde29
11374,2020-08-16 22:00:00+00:00,0.0,19.04364,uppsala,5f9fe38afd517828962fde29
11375,2020-08-16 23:00:00+00:00,0.0,19.04364,uppsala,5f9fe38afd517828962fde29
11376,2020-08-17 00:00:00+00:00,0.0,19.04364,uppsala,5f9fe38afd517828962fde29
11377,2020-08-17 01:00:00+00:00,0.0,19.04364,uppsala,5f9fe38afd517828962fde29
11378,2020-08-17 02:00:00+00:00,0.0,19.04364,uppsala,5f9fe38afd517828962fde29
11379,2020-08-17 03:00:00+00:00,0.0,19.04364,uppsala,5f9fe38afd517828962fde29
11380,2020-08-17 04:00:00+00:00,144.1,19.04364,uppsala,5f9fe38afd517828962fde29
11381,2020-08-17 05:00:00+00:00,404.0,19.04364,uppsala,5f9fe38afd517828962fde29
11382,2020-08-17 06:00:00+00:00,562.2,19.04364,uppsala,5f9fe38afd517828962fde29
11383,2020-08-17 07:00:00+00:00,604.3,19.04364,uppsala,5f9fe38afd517828962fde29
11384,2020-08-17 08:00:00+00:00,441.4,19.04364,uppsala,5f9fe38afd517828962fde29
11385,2020-08-17 09:00:00+00:00,543.7,19.04364,uppsala,5f9fe38afd517828962fde29
11386,2020-08-17 10:00:00+00:00,364.6,19.04364,uppsala,5f9fe38afd517828962fde29
11387,2020-08-17 11:00:00+00:00,51.0,19.04364,uppsala,5f9fe38afd517828962fde29
11388,2020-08-17 12:00:00+00:00,253.3,19.04364,uppsala,5f9fe38afd517828962fde29
11389,2020-08-17 13:00:00+00:00,108.2,19.04364,uppsala,5f9fe38afd517828962fde29
11390,2020-08-17 14:00:00+00:00,715.5,19.04364,uppsala,5f9fe38afd517828962fde29
11391,2020-08-17 15:00:00+00:00,565.9,19.04364,uppsala,5f9fe38afd517828962fde29
11392,2020-08-17 16:00:00+00:00,96.7,19.04364,uppsala,5f9fe38afd517828962fde29
11393,2020-08-17 17:00:00+00:00,38.0,19.04364,uppsala,5f9fe38afd517828962fde29
11394,2020-08-17 18:00:00+00:00,37.0,19.04364,uppsala,5f9fe38afd517828962fde29
11395,2020-08-17 19:00:00+00:00,0.0,19.04364,uppsala,5f9fe38afd517828962fde29
11396,2020-08-17 20:00:00+00:00,0.0,19.04364,uppsala,5f9fe38afd517828962fde29
11397,2020-08-17 21:00:00+00:00,0.0,19.04364,uppsala,5f9fe38afd517828962fde29
11398,2020-08-17 22:00:00+00:00,0.0,19.04364,uppsala,5f9fe38afd517828962fde29
11399,2020-08-17 23:00:00+00:00,0.0,19.04364,uppsala,5f9fe38afd517828962fde29
11400,2020-08-18 00:00:00+00:00,0.0,19.04364,uppsala,5f9fe38afd517828962fde29
11401,2020-08-18 01:00:00+00:00,0.0,19.04364,uppsala,5f9fe38afd517828962fde29
11402,2020-08-18 02:00:00+00:00,0.0,19.04364,uppsala,5f9fe38afd517828962fde29
11403,2020-08-18 03:00:00+00:00,0.0,19.04364,uppsala,5f9fe38afd517828962fde29
11404,2020-08-18 04:00:00+00:00,109.8,19.04364,uppsala,5f9fe38afd517828962fde29
11405,2020-08-18 05:00:00+00:00,309.4,19.04364,uppsala,5f9fe38afd517828962fde29
11406,2020-08-18 06:00:00+00:00,64.2,19.04364,uppsala,5f9fe38afd517828962fde29
11407,2020-08-18 07:00:00+00:00,79.5,19.04364,uppsala,5f9fe38afd517828962fde29
11408,2020-08-18 08:00:00+00:00,497.7,19.04364,uppsala,5f9fe38afd517828962fde29
11409,2020-08-18 09:00:00+00:00,699.3,19.04364,uppsala,5f9fe38afd517828962fde29
11410,2020-08-18 10:00:00+00:00,342.2,19.04364,uppsala,5f9fe38afd517828962fde29
11411,2020-08-18 11:00:00+00:00,459.8,19.04364,uppsala,5f9fe38afd517828962fde29
11412,2020-08-18 12:00:00+00:00,396.6,19.04364,uppsala,5f9fe38afd517828962fde29
11413,2020-08-18 13:00:00+00:00,467.3,19.04364,uppsala,5f9fe38afd517828962fde29
11414,2020-08-18 14:00:00+00:00,661.8,19.04364,uppsala,5f9fe38afd517828962fde29
11415,2020-08-18 15:00:00+00:00,576.2,19.04364,uppsala,5f9fe38afd517828962fde29
11416,2020-08-18 16:00:00+00:00,21.7,19.04364,uppsala,5f9fe38afd517828962fde29
11417,2020-08-18 17:00:00+00:00,198.7,19.04364,uppsala,5f9fe38afd517828962fde29
11418,2020-08-18 18:00:00+00:00,45.3,19.04364,uppsala,5f9fe38afd517828962fde29
11419,2020-08-18 19:00:00+00:00,0.0,19.04364,uppsala,5f9fe38afd517828962fde29
11420,2020-08-18 20:00:00+00:00,0.0,19.04364,uppsala,5f9fe38afd517828962fde29
11421,2020-08-18 21:00:00+00:00,0.0,19.04364,uppsala,5f9fe38afd517828962fde29
11422,2020-08-18 22:00:00+00:00,0.0,19.04364,uppsala,5f9fe38afd517828962fde29
11423,2020-08-18 23:00:00+00:00,0.0,19.04364,uppsala,5f9fe38afd517828962fde29
11424,2020-08-19 00:00:00+00:00,0.0,19.04364,uppsala,5f9fe38afd517828962fde29
11425,2020-08-19 01:00:00+00:00,0.0,19.04364,uppsala,5f9fe38afd517828962fde29
11426,2020-08-19 02:00:00+00:00,0.0,19.04364,uppsala,5f9fe38afd517828962fde29
11427,2020-08-19 03:00:00+00:00,0.0,19.04364,uppsala,5f9fe38afd517828962fde29
11428,2020-08-19 04:00:00+00:00,11.2,19.04364,uppsala,5f9fe38afd517828962fde29
11429,2020-08-19 05:00:00+00:00,147.0,19.04364,uppsala,5f9fe38afd517828962fde29
11430,2020-08-19 06:00:00+00:00,480.3,19.04364,uppsala,5f9fe38afd517828962fde29
11431,2020-08-19 07:00:00+00:00,638.9,19.04364,uppsala,5f9fe38afd517828962fde29
11432,2020-08-19 08:00:00+00:00,711.5,19.04364,uppsala,5f9fe38afd517828962fde29
11433,2020-08-19 09:00:00+00:00,747.5,19.04364,uppsala,5f9fe38afd517828962fde29
11434,2020-08-19 10:00:00+00:00,766.1,19.04364,uppsala,5f9fe38afd517828962fde29
11435,2020-08-19 11:00:00+00:00,778.3,19.04364,uppsala,5f9fe38afd517828962fde29
11436,2020-08-19 12:00:00+00:00,769.5,19.04364,uppsala,5f9fe38afd517828962fde29
11437,2020-08-19 13:00:00+00:00,743.9,19.04364,uppsala,5f9fe38afd517828962fde29
11438,2020-08-19 14:00:00+00:00,708.9,19.04364,uppsala,5f9fe38afd517828962fde29
11439,2020-08-19 15:00:00+00:00,655.0,19.04364,uppsala,5f9fe38afd517828962fde29
11440,2020-08-19 16:00:00+00:00,184.2,19.04364,uppsala,5f9fe38afd517828962fde29
11441,2020-08-19 17:00:00+00:00,97.6,19.04364,uppsala,5f9fe38afd517828962fde29
11442,2020-08-19 18:00:00+00:00,60.3,19.04364,uppsala,5f9fe38afd517828962fde29
11443,2020-08-19 19:00:00+00:00,0.0,19.04364,uppsala,5f9fe38afd517828962fde29
11444,2020-08-19 20:00:00+00:00,0.0,19.04364,uppsala,5f9fe38afd517828962fde29
11445,2020-08-19 21:00:00+00:00,0.0,19.04364,uppsala,5f9fe38afd517828962fde29
11446,2020-08-19 22:00:00+00:00,0.0,19.04364,uppsala,5f9fe38afd517828962fde29
11447,2020-08-19 23:00:00+00:00,0.0,19.04364,uppsala,5f9fe38afd517828962fde29
11448,2020-08-20 00:00:00+00:00,0.0,19.04364,uppsala,5f9fe38afd517828962fde29
11449,2020-08-20 01:00:00+00:00,0.0,19.04364,uppsala,5f9fe38afd517828962fde29
11450,2020-08-20 02:00:00+00:00,0.0,19.04364,uppsala,5f9fe38afd517828962fde29
11451,2020-08-20 03:00:00+00:00,0.0,19.04364,uppsala,5f9fe38afd517828962fde29
11452,2020-08-20 04:00:00+00:00,8.0,19.04364,uppsala,5f9fe38afd517828962fde29
11453,2020-08-20 05:00:00+00:00,149.1,19.04364,uppsala,5f9fe38afd517828962fde29
11454,2020-08-20 06:00:00+00:00,51.5,19.04364,uppsala,5f9fe38afd517828962fde29
11455,2020-08-20 07:00:00+00:00,442.8,19.04364,uppsala,5f9fe38afd517828962fde29
11456,2020-08-20 08:00:00+00:00,161.3,19.04364,uppsala,5f9fe38afd517828962fde29
11457,2020-08-20 09:00:00+00:00,7.1,19.04364,uppsala,5f9fe38afd517828962fde29
11458,2020-08-20 10:00:00+00:00,187.8,19.04364,uppsala,5f9fe38afd517828962fde29
11459,2020-08-20 11:00:00+00:00,28.8,19.04364,uppsala,5f9fe38afd517828962fde29
11460,2020-08-20 12:00:00+00:00,16.0,19.04364,uppsala,5f9fe38afd517828962fde29
11461,2020-08-20 13:00:00+00:00,49.5,19.04364,uppsala,5f9fe38afd517828962fde29
11462,2020-08-20 14:00:00+00:00,155.3,19.04364,uppsala,5f9fe38afd517828962fde29
11463,2020-08-20 15:00:00+00:00,594.4,19.04364,uppsala,5f9fe38afd517828962fde29
11464,2020-08-20 16:00:00+00:00,474.6,19.04364,uppsala,5f9fe38afd517828962fde29
11465,2020-08-20 17:00:00+00:00,309.9,19.04364,uppsala,5f9fe38afd517828962fde29
11466,2020-08-20 18:00:00+00:00,50.4,19.04364,uppsala,5f9fe38afd517828962fde29
11467,2020-08-20 19:00:00+00:00,0.0,19.04364,uppsala,5f9fe38afd517828962fde29
11468,2020-08-20 20:00:00+00:00,0.0,19.04364,uppsala,5f9fe38afd517828962fde29
11469,2020-08-20 21:00:00+00:00,0.0,19.04364,uppsala,5f9fe38afd517828962fde29
11470,2020-08-20 22:00:00+00:00,0.0,19.04364,uppsala,5f9fe38afd517828962fde29
11471,2020-08-20 23:00:00+00:00,0.0,19.04364,uppsala,5f9fe38afd517828962fde29
11472,2020-08-21 00:00:00+00:00,0.0,19.04364,uppsala,5f9fe38afd517828962fde29
11473,2020-08-21 01:00:00+00:00,0.0,19.04364,uppsala,5f9fe38afd517828962fde29
11474,2020-08-21 02:00:00+00:00,0.0,19.04364,uppsala,5f9fe38afd517828962fde29
11475,2020-08-21 03:00:00+00:00,0.0,19.04364,uppsala,5f9fe38afd517828962fde29
11476,2020-08-21 04:00:00+00:00,114.6,19.04364,uppsala,5f9fe38afd517828962fde29
11477,2020-08-21 05:00:00+00:00,168.3,19.04364,uppsala,5f9fe38afd517828962fde29
11478,2020-08-21 06:00:00+00:00,56.2,19.04364,uppsala,5f9fe38afd517828962fde29
11479,2020-08-21 07:00:00+00:00,13.3,19.04364,uppsala,5f9fe38afd517828962fde29
11480,2020-08-21 08:00:00+00:00,665.2,19.04364,uppsala,5f9fe38afd517828962fde29
11481,2020-08-21 09:00:00+00:00,749.9,19.04364,uppsala,5f9fe38afd517828962fde29
11482,2020-08-21 10:00:00+00:00,354.9,19.04364,uppsala,5f9fe38afd517828962fde29
11483,2020-08-21 11:00:00+00:00,140.6,19.04364,uppsala,5f9fe38afd517828962fde29
11484,2020-08-21 12:00:00+00:00,209.5,19.04364,uppsala,5f9fe38afd517828962fde29
11485,2020-08-21 13:00:00+00:00,14.6,19.04364,uppsala,5f9fe38afd517828962fde29
11486,2020-08-21 14:00:00+00:00,27.5,19.04364,uppsala,5f9fe38afd517828962fde29
11487,2020-08-21 15:00:00+00:00,2.3,19.04364,uppsala,5f9fe38afd517828962fde29
11488,2020-08-21 16:00:00+00:00,54.3,19.04364,uppsala,5f9fe38afd517828962fde29
11489,2020-08-21 17:00:00+00:00,10.7,19.04364,uppsala,5f9fe38afd517828962fde29
11490,2020-08-21 18:00:00+00:00,0.0,19.04364,uppsala,5f9fe38afd517828962fde29
11491,2020-08-21 19:00:00+00:00,0.0,19.04364,uppsala,5f9fe38afd517828962fde29
11492,2020-08-21 20:00:00+00:00,0.0,19.04364,uppsala,5f9fe38afd517828962fde29
11493,2020-08-21 21:00:00+00:00,0.0,19.04364,uppsala,5f9fe38afd517828962fde29
11494,2020-08-21 22:00:00+00:00,0.0,19.04364,uppsala,5f9fe38afd517828962fde29
11495,2020-08-21 23:00:00+00:00,0.0,19.04364,uppsala,5f9fe38afd517828962fde29
11496,2020-08-22 00:00:00+00:00,0.0,19.04364,uppsala,5f9fe38afd517828962fde29
11497,2020-08-22 01:00:00+00:00,0.0,19.04364,uppsala,5f9fe38afd517828962fde29
11498,2020-08-22 02:00:00+00:00,0.0,19.04364,uppsala,5f9fe38afd517828962fde29
11499,2020-08-22 03:00:00+00:00,0.0,19.04364,uppsala,5f9fe38afd517828962fde29
11500,2020-08-22 04:00:00+00:00,1.1,19.04364,uppsala,5f9fe38afd517828962fde29
11501,2020-08-22 05:00:00+00:00,100.9,19.04364,uppsala,5f9fe38afd517828962fde29
11502,2020-08-22 06:00:00+00:00,451.4,19.04364,uppsala,5f9fe38afd517828962fde29
11503,2020-08-22 07:00:00+00:00,734.0,19.04364,uppsala,5f9fe38afd517828962fde29
11504,2020-08-22 08:00:00+00:00,25.9,19.04364,uppsala,5f9fe38afd517828962fde29
11505,2020-08-22 09:00:00+00:00,8.3,19.04364,uppsala,5f9fe38afd517828962fde29
11506,2020-08-22 10:00:00+00:00,17.4,19.04364,uppsala,5f9fe38afd517828962fde29
11507,2020-08-22 11:00:00+00:00,162.9,19.04364,uppsala,5f9fe38afd517828962fde29
11508,2020-08-22 12:00:00+00:00,214.5,19.04364,uppsala,5f9fe38afd517828962fde29
11509,2020-08-22 13:00:00+00:00,9.2,19.04364,uppsala,5f9fe38afd517828962fde29
11510,2020-08-22 14:00:00+00:00,199.1,19.04364,uppsala,5f9fe38afd517828962fde29
11511,2020-08-22 15:00:00+00:00,702.9,19.04364,uppsala,5f9fe38afd517828962fde29
11512,2020-08-22 16:00:00+00:00,17.8,19.04364,uppsala,5f9fe38afd517828962fde29
11513,2020-08-22 17:00:00+00:00,0.5,19.04364,uppsala,5f9fe38afd517828962fde29
11514,2020-08-22 18:00:00+00:00,0.0,19.04364,uppsala,5f9fe38afd517828962fde29
11515,2020-08-22 19:00:00+00:00,0.0,19.04364,uppsala,5f9fe38afd517828962fde29
11516,2020-08-22 20:00:00+00:00,0.0,19.04364,uppsala,5f9fe38afd517828962fde29
11517,2020-08-22 21:00:00+00:00,0.0,19.04364,uppsala,5f9fe38afd517828962fde29
11518,2020-08-22 22:00:00+00:00,0.0,19.04364,uppsala,5f9fe38afd517828962fde29
11519,2020-08-22 23:00:00+00:00,0.0,19.04364,uppsala,5f9fe38afd517828962fde29
11520,2020-08-23 00:00:00+00:00,0.0,19.04364,uppsala,5f9fe38afd517828962fde29
11521,2020-08-23 01:00:00+00:00,0.0,19.04364,uppsala,5f9fe38afd517828962fde29
11522,2020-08-23 02:00:00+00:00,0.0,19.04364,uppsala,5f9fe38afd517828962fde29
11523,2020-08-23 03:00:00+00:00,0.0,19.04364,uppsala,5f9fe38afd517828962fde29
11524,2020-08-23 04:00:00+00:00,213.6,19.04364,uppsala,5f9fe38afd517828962fde29
11525,2020-08-23 05:00:00+00:00,492.5,19.04364,uppsala,5f9fe38afd517828962fde29
11526,2020-08-23 06:00:00+00:00,117.5,19.04364,uppsala,5f9fe38afd517828962fde29
11527,2020-08-23 07:00:00+00:00,224.6,19.04364,uppsala,5f9fe38afd517828962fde29
11528,2020-08-23 08:00:00+00:00,668.1,19.04364,uppsala,5f9fe38afd517828962fde29
11529,2020-08-23 09:00:00+00:00,248.0,19.04364,uppsala,5f9fe38afd517828962fde29
11530,2020-08-23 10:00:00+00:00,17.6,19.04364,uppsala,5f9fe38afd517828962fde29
11531,2020-08-23 11:00:00+00:00,167.8,19.04364,uppsala,5f9fe38afd517828962fde29
11532,2020-08-23 12:00:00+00:00,22.8,19.04364,uppsala,5f9fe38afd517828962fde29
11533,2020-08-23 13:00:00+00:00,160.3,19.04364,uppsala,5f9fe38afd517828962fde29
11534,2020-08-23 14:00:00+00:00,56.0,19.04364,uppsala,5f9fe38afd517828962fde29
11535,2020-08-23 15:00:00+00:00,201.3,19.04364,uppsala,5f9fe38afd517828962fde29
11536,2020-08-23 16:00:00+00:00,227.0,19.04364,uppsala,5f9fe38afd517828962fde29
11537,2020-08-23 17:00:00+00:00,351.1,19.04364,uppsala,5f9fe38afd517828962fde29
11538,2020-08-23 18:00:00+00:00,0.0,19.04364,uppsala,5f9fe38afd517828962fde29
11539,2020-08-23 19:00:00+00:00,0.0,19.04364,uppsala,5f9fe38afd517828962fde29
11540,2020-08-23 20:00:00+00:00,0.0,19.04364,uppsala,5f9fe38afd517828962fde29
11541,2020-08-23 21:00:00+00:00,0.0,19.04364,uppsala,5f9fe38afd517828962fde29
11542,2020-08-23 22:00:00+00:00,0.0,19.04364,uppsala,5f9fe38afd517828962fde29
11543,2020-08-23 23:00:00+00:00,0.0,19.04364,uppsala,5f9fe38afd517828962fde29
11544,2020-08-24 00:00:00+00:00,0.0,19.04364,uppsala,5f9fe38afd517828962fde29
11545,2020-08-24 01:00:00+00:00,0.0,19.04364,uppsala,5f9fe38afd517828962fde29
11546,2020-08-24 02:00:00+00:00,0.0,19.04364,uppsala,5f9fe38afd517828962fde29
11547,2020-08-24 03:00:00+00:00,0.0,19.04364,uppsala,5f9fe38afd517828962fde29
11548,2020-08-24 04:00:00+00:00,3.1,19.04364,uppsala,5f9fe38afd517828962fde29
11549,2020-08-24 05:00:00+00:00,0.0,19.04364,uppsala,5f9fe38afd517828962fde29
11550,2020-08-24 06:00:00+00:00,2.3,19.04364,uppsala,5f9fe38afd517828962fde29
11551,2020-08-24 07:00:00+00:00,5.7,19.04364,uppsala,5f9fe38afd517828962fde29
11552,2020-08-24 08:00:00+00:00,21.3,19.04364,uppsala,5f9fe38afd517828962fde29
11553,2020-08-24 09:00:00+00:00,31.2,19.04364,uppsala,5f9fe38afd517828962fde29
11554,2020-08-24 10:00:00+00:00,151.7,19.04364,uppsala,5f9fe38afd517828962fde29
11555,2020-08-24 11:00:00+00:00,839.8,19.04364,uppsala,5f9fe38afd517828962fde29
11556,2020-08-24 12:00:00+00:00,59.4,19.04364,uppsala,5f9fe38afd517828962fde29
11557,2020-08-24 13:00:00+00:00,434.1,19.04364,uppsala,5f9fe38afd517828962fde29
11558,2020-08-24 14:00:00+00:00,510.8,19.04364,uppsala,5f9fe38afd517828962fde29
11559,2020-08-24 15:00:00+00:00,184.7,19.04364,uppsala,5f9fe38afd517828962fde29
11560,2020-08-24 16:00:00+00:00,15.3,19.04364,uppsala,5f9fe38afd517828962fde29
11561,2020-08-24 17:00:00+00:00,5.8,19.04364,uppsala,5f9fe38afd517828962fde29
11562,2020-08-24 18:00:00+00:00,0.0,19.04364,uppsala,5f9fe38afd517828962fde29
11563,2020-08-24 19:00:00+00:00,0.0,19.04364,uppsala,5f9fe38afd517828962fde29
11564,2020-08-24 20:00:00+00:00,0.0,19.04364,uppsala,5f9fe38afd517828962fde29
11565,2020-08-24 21:00:00+00:00,0.0,19.04364,uppsala,5f9fe38afd517828962fde29
11566,2020-08-24 22:00:00+00:00,0.0,19.04364,uppsala,5f9fe38afd517828962fde29
11567,2020-08-24 23:00:00+00:00,0.0,19.04364,uppsala,5f9fe38afd517828962fde29
11568,2020-08-25 00:00:00+00:00,0.0,19.04364,uppsala,5f9fe38afd517828962fde29
11569,2020-08-25 01:00:00+00:00,0.0,19.04364,uppsala,5f9fe38afd517828962fde29
11570,2020-08-25 02:00:00+00:00,0.0,19.04364,uppsala,5f9fe38afd517828962fde29
11571,2020-08-25 03:00:00+00:00,0.0,19.04364,uppsala,5f9fe38afd517828962fde29
11572,2020-08-25 04:00:00+00:00,14.2,19.04364,uppsala,5f9fe38afd517828962fde29
11573,2020-08-25 05:00:00+00:00,417.6,19.04364,uppsala,5f9fe38afd517828962fde29
11574,2020-08-25 06:00:00+00:00,544.8,19.04364,uppsala,5f9fe38afd517828962fde29
11575,2020-08-25 07:00:00+00:00,758.3,19.04364,uppsala,5f9fe38afd517828962fde29
11576,2020-08-25 08:00:00+00:00,838.5,19.04364,uppsala,5f9fe38afd517828962fde29
11577,2020-08-25 09:00:00+00:00,880.0,19.04364,uppsala,5f9fe38afd517828962fde29
11578,2020-08-25 10:00:00+00:00,814.7,19.04364,uppsala,5f9fe38afd517828962fde29
11579,2020-08-25 11:00:00+00:00,453.5,19.04364,uppsala,5f9fe38afd517828962fde29
11580,2020-08-25 12:00:00+00:00,416.4,19.04364,uppsala,5f9fe38afd517828962fde29
11581,2020-08-25 13:00:00+00:00,230.1,19.04364,uppsala,5f9fe38afd517828962fde29
11582,2020-08-25 14:00:00+00:00,103.9,19.04364,uppsala,5f9fe38afd517828962fde29
11583,2020-08-25 15:00:00+00:00,536.2,19.04364,uppsala,5f9fe38afd517828962fde29
11584,2020-08-25 16:00:00+00:00,671.4,19.04364,uppsala,5f9fe38afd517828962fde29
11585,2020-08-25 17:00:00+00:00,494.5,19.04364,uppsala,5f9fe38afd517828962fde29
11586,2020-08-25 18:00:00+00:00,82.8,19.04364,uppsala,5f9fe38afd517828962fde29
11587,2020-08-25 19:00:00+00:00,0.0,19.04364,uppsala,5f9fe38afd517828962fde29
11588,2020-08-25 20:00:00+00:00,0.0,19.04364,uppsala,5f9fe38afd517828962fde29
11589,2020-08-25 21:00:00+00:00,0.0,19.04364,uppsala,5f9fe38afd517828962fde29
11590,2020-08-25 22:00:00+00:00,0.0,19.04364,uppsala,5f9fe38afd517828962fde29
11591,2020-08-25 23:00:00+00:00,0.0,19.04364,uppsala,5f9fe38afd517828962fde29
11592,2020-08-26 00:00:00+00:00,0.0,19.04364,uppsala,5f9fe38afd517828962fde29
11593,2020-08-26 01:00:00+00:00,0.0,19.04364,uppsala,5f9fe38afd517828962fde29
11594,2020-08-26 02:00:00+00:00,0.0,19.04364,uppsala,5f9fe38afd517828962fde29
11595,2020-08-26 03:00:00+00:00,0.0,19.04364,uppsala,5f9fe38afd517828962fde29
11596,2020-08-26 04:00:00+00:00,225.5,19.04364,uppsala,5f9fe38afd517828962fde29
11597,2020-08-26 05:00:00+00:00,546.6,19.04364,uppsala,5f9fe38afd517828962fde29
11598,2020-08-26 06:00:00+00:00,683.9,19.04364,uppsala,5f9fe38afd517828962fde29
11599,2020-08-26 07:00:00+00:00,803.6,19.04364,uppsala,5f9fe38afd517828962fde29
11600,2020-08-26 08:00:00+00:00,780.6,19.04364,uppsala,5f9fe38afd517828962fde29
11601,2020-08-26 09:00:00+00:00,872.1,19.04364,uppsala,5f9fe38afd517828962fde29
11602,2020-08-26 10:00:00+00:00,123.4,19.04364,uppsala,5f9fe38afd517828962fde29
11603,2020-08-26 11:00:00+00:00,85.4,19.04364,uppsala,5f9fe38afd517828962fde29
11604,2020-08-26 12:00:00+00:00,323.8,19.04364,uppsala,5f9fe38afd517828962fde29
11605,2020-08-26 13:00:00+00:00,121.3,19.04364,uppsala,5f9fe38afd517828962fde29
11606,2020-08-26 14:00:00+00:00,234.9,19.04364,uppsala,5f9fe38afd517828962fde29
11607,2020-08-26 15:00:00+00:00,173.9,19.04364,uppsala,5f9fe38afd517828962fde29
11608,2020-08-26 16:00:00+00:00,19.0,19.04364,uppsala,5f9fe38afd517828962fde29
11609,2020-08-26 17:00:00+00:00,8.4,19.04364,uppsala,5f9fe38afd517828962fde29
11610,2020-08-26 18:00:00+00:00,0.0,19.04364,uppsala,5f9fe38afd517828962fde29
11611,2020-08-26 19:00:00+00:00,0.0,19.04364,uppsala,5f9fe38afd517828962fde29
11612,2020-08-26 20:00:00+00:00,0.0,19.04364,uppsala,5f9fe38afd517828962fde29
11613,2020-08-26 21:00:00+00:00,0.0,19.04364,uppsala,5f9fe38afd517828962fde29
11614,2020-08-26 22:00:00+00:00,0.0,19.04364,uppsala,5f9fe38afd517828962fde29
11615,2020-08-26 23:00:00+00:00,0.0,19.04364,uppsala,5f9fe38afd517828962fde29
11616,2020-08-27 00:00:00+00:00,0.0,19.04364,uppsala,5f9fe38afd517828962fde29
11617,2020-08-27 01:00:00+00:00,0.0,19.04364,uppsala,5f9fe38afd517828962fde29
11618,2020-08-27 02:00:00+00:00,0.0,19.04364,uppsala,5f9fe38afd517828962fde29
11619,2020-08-27 03:00:00+00:00,0.0,19.04364,uppsala,5f9fe38afd517828962fde29
11620,2020-08-27 04:00:00+00:00,189.0,19.04364,uppsala,5f9fe38afd517828962fde29
11621,2020-08-27 05:00:00+00:00,542.0,19.04364,uppsala,5f9fe38afd517828962fde29
11622,2020-08-27 06:00:00+00:00,712.7,19.04364,uppsala,5f9fe38afd517828962fde29
11623,2020-08-27 07:00:00+00:00,804.3,19.04364,uppsala,5f9fe38afd517828962fde29
11624,2020-08-27 08:00:00+00:00,856.9,19.04364,uppsala,5f9fe38afd517828962fde29
11625,2020-08-27 09:00:00+00:00,889.0,19.04364,uppsala,5f9fe38afd517828962fde29
11626,2020-08-27 10:00:00+00:00,905.3,19.04364,uppsala,5f9fe38afd517828962fde29
11627,2020-08-27 11:00:00+00:00,280.0,19.04364,uppsala,5f9fe38afd517828962fde29
11628,2020-08-27 12:00:00+00:00,714.1,19.04364,uppsala,5f9fe38afd517828962fde29
11629,2020-08-27 13:00:00+00:00,33.8,19.04364,uppsala,5f9fe38afd517828962fde29
11630,2020-08-27 14:00:00+00:00,38.2,19.04364,uppsala,5f9fe38afd517828962fde29
11631,2020-08-27 15:00:00+00:00,5.7,19.04364,uppsala,5f9fe38afd517828962fde29
11632,2020-08-27 16:00:00+00:00,0.8,19.04364,uppsala,5f9fe38afd517828962fde29
11633,2020-08-27 17:00:00+00:00,2.4,19.04364,uppsala,5f9fe38afd517828962fde29
11634,2020-08-27 18:00:00+00:00,0.0,19.04364,uppsala,5f9fe38afd517828962fde29
11635,2020-08-27 19:00:00+00:00,0.0,19.04364,uppsala,5f9fe38afd517828962fde29
11636,2020-08-27 20:00:00+00:00,0.0,19.04364,uppsala,5f9fe38afd517828962fde29
11637,2020-08-27 21:00:00+00:00,0.0,19.04364,uppsala,5f9fe38afd517828962fde29
11638,2020-08-27 22:00:00+00:00,0.0,19.04364,uppsala,5f9fe38afd517828962fde29
11639,2020-08-27 23:00:00+00:00,0.0,19.04364,uppsala,5f9fe38afd517828962fde29
11640,2020-08-28 00:00:00+00:00,0.0,19.04364,uppsala,5f9fe38afd517828962fde29
11641,2020-08-28 01:00:00+00:00,0.0,19.04364,uppsala,5f9fe38afd517828962fde29
11642,2020-08-28 02:00:00+00:00,0.0,19.04364,uppsala,5f9fe38afd517828962fde29
11643,2020-08-28 03:00:00+00:00,0.0,19.04364,uppsala,5f9fe38afd517828962fde29
11644,2020-08-28 04:00:00+00:00,0.0,19.04364,uppsala,5f9fe38afd517828962fde29
11645,2020-08-28 05:00:00+00:00,0.0,19.04364,uppsala,5f9fe38afd517828962fde29
11646,2020-08-28 06:00:00+00:00,1.8,19.04364,uppsala,5f9fe38afd517828962fde29
11647,2020-08-28 07:00:00+00:00,12.6,19.04364,uppsala,5f9fe38afd517828962fde29
11648,2020-08-28 08:00:00+00:00,148.3,19.04364,uppsala,5f9fe38afd517828962fde29
11649,2020-08-28 09:00:00+00:00,16.9,19.04364,uppsala,5f9fe38afd517828962fde29
11650,2020-08-28 10:00:00+00:00,9.0,19.04364,uppsala,5f9fe38afd517828962fde29
11651,2020-08-28 11:00:00+00:00,14.1,19.04364,uppsala,5f9fe38afd517828962fde29
11652,2020-08-28 12:00:00+00:00,840.1,19.04364,uppsala,5f9fe38afd517828962fde29
11653,2020-08-28 13:00:00+00:00,99.6,19.04364,uppsala,5f9fe38afd517828962fde29
11654,2020-08-28 14:00:00+00:00,10.2,19.04364,uppsala,5f9fe38afd517828962fde29
11655,2020-08-28 15:00:00+00:00,2.8,19.04364,uppsala,5f9fe38afd517828962fde29
11656,2020-08-28 16:00:00+00:00,33.2,19.04364,uppsala,5f9fe38afd517828962fde29
11657,2020-08-28 17:00:00+00:00,169.6,19.04364,uppsala,5f9fe38afd517828962fde29
11658,2020-08-28 18:00:00+00:00,0.0,19.04364,uppsala,5f9fe38afd517828962fde29
11659,2020-08-28 19:00:00+00:00,0.0,19.04364,uppsala,5f9fe38afd517828962fde29
11660,2020-08-28 20:00:00+00:00,0.0,19.04364,uppsala,5f9fe38afd517828962fde29
11661,2020-08-28 21:00:00+00:00,0.0,19.04364,uppsala,5f9fe38afd517828962fde29
11662,2020-08-28 22:00:00+00:00,0.0,19.04364,uppsala,5f9fe38afd517828962fde29
11663,2020-08-28 23:00:00+00:00,0.0,19.04364,uppsala,5f9fe38afd517828962fde29
11664,2020-08-29 00:00:00+00:00,0.0,19.04364,uppsala,5f9fe38afd517828962fde29
11665,2020-08-29 01:00:00+00:00,0.0,19.04364,uppsala,5f9fe38afd517828962fde29
11666,2020-08-29 02:00:00+00:00,0.0,19.04364,uppsala,5f9fe38afd517828962fde29
11667,2020-08-29 03:00:00+00:00,0.0,19.04364,uppsala,5f9fe38afd517828962fde29
11668,2020-08-29 04:00:00+00:00,0.0,19.04364,uppsala,5f9fe38afd517828962fde29
11669,2020-08-29 05:00:00+00:00,17.3,19.04364,uppsala,5f9fe38afd517828962fde29
11670,2020-08-29 06:00:00+00:00,8.5,19.04364,uppsala,5f9fe38afd517828962fde29
11671,2020-08-29 07:00:00+00:00,163.2,19.04364,uppsala,5f9fe38afd517828962fde29
11672,2020-08-29 08:00:00+00:00,161.2,19.04364,uppsala,5f9fe38afd517828962fde29
11673,2020-08-29 09:00:00+00:00,94.0,19.04364,uppsala,5f9fe38afd517828962fde29
11674,2020-08-29 10:00:00+00:00,8.5,19.04364,uppsala,5f9fe38afd517828962fde29
11675,2020-08-29 11:00:00+00:00,32.8,19.04364,uppsala,5f9fe38afd517828962fde29
11676,2020-08-29 12:00:00+00:00,54.9,19.04364,uppsala,5f9fe38afd517828962fde29
11677,2020-08-29 13:00:00+00:00,33.7,19.04364,uppsala,5f9fe38afd517828962fde29
11678,2020-08-29 14:00:00+00:00,48.3,19.04364,uppsala,5f9fe38afd517828962fde29
11679,2020-08-29 15:00:00+00:00,168.6,19.04364,uppsala,5f9fe38afd517828962fde29
11680,2020-08-29 16:00:00+00:00,0.0,19.04364,uppsala,5f9fe38afd517828962fde29
11681,2020-08-29 17:00:00+00:00,0.0,19.04364,uppsala,5f9fe38afd517828962fde29
11682,2020-08-29 18:00:00+00:00,0.0,19.04364,uppsala,5f9fe38afd517828962fde29
11683,2020-08-29 19:00:00+00:00,0.0,19.04364,uppsala,5f9fe38afd517828962fde29
11684,2020-08-29 20:00:00+00:00,0.0,19.04364,uppsala,5f9fe38afd517828962fde29
11685,2020-08-29 21:00:00+00:00,0.0,19.04364,uppsala,5f9fe38afd517828962fde29
11686,2020-08-29 22:00:00+00:00,0.0,19.04364,uppsala,5f9fe38afd517828962fde29
11687,2020-08-29 23:00:00+00:00,0.0,19.04364,uppsala,5f9fe38afd517828962fde29
11688,2020-08-30 00:00:00+00:00,0.0,19.04364,uppsala,5f9fe38afd517828962fde29
11689,2020-08-30 01:00:00+00:00,0.0,19.04364,uppsala,5f9fe38afd517828962fde29
11690,2020-08-30 02:00:00+00:00,0.0,19.04364,uppsala,5f9fe38afd517828962fde29
11691,2020-08-30 03:00:00+00:00,0.0,19.04364,uppsala,5f9fe38afd517828962fde29
11692,2020-08-30 04:00:00+00:00,0.5,19.04364,uppsala,5f9fe38afd517828962fde29
11693,2020-08-30 05:00:00+00:00,107.4,19.04364,uppsala,5f9fe38afd517828962fde29
11694,2020-08-30 06:00:00+00:00,594.9,19.04364,uppsala,5f9fe38afd517828962fde29
11695,2020-08-30 07:00:00+00:00,117.2,19.04364,uppsala,5f9fe38afd517828962fde29
11696,2020-08-30 08:00:00+00:00,359.9,19.04364,uppsala,5f9fe38afd517828962fde29
11697,2020-08-30 09:00:00+00:00,305.8,19.04364,uppsala,5f9fe38afd517828962fde29
11698,2020-08-30 10:00:00+00:00,233.1,19.04364,uppsala,5f9fe38afd517828962fde29
11699,2020-08-30 11:00:00+00:00,128.8,19.04364,uppsala,5f9fe38afd517828962fde29
11700,2020-08-30 12:00:00+00:00,8.8,19.04364,uppsala,5f9fe38afd517828962fde29
11701,2020-08-30 13:00:00+00:00,17.0,19.04364,uppsala,5f9fe38afd517828962fde29
11702,2020-08-30 14:00:00+00:00,6.1,19.04364,uppsala,5f9fe38afd517828962fde29
11703,2020-08-30 15:00:00+00:00,29.5,19.04364,uppsala,5f9fe38afd517828962fde29
11704,2020-08-30 16:00:00+00:00,99.6,19.04364,uppsala,5f9fe38afd517828962fde29
11705,2020-08-30 17:00:00+00:00,0.0,19.04364,uppsala,5f9fe38afd517828962fde29
11706,2020-08-30 18:00:00+00:00,0.0,19.04364,uppsala,5f9fe38afd517828962fde29
11707,2020-08-30 19:00:00+00:00,0.0,19.04364,uppsala,5f9fe38afd517828962fde29
11708,2020-08-30 20:00:00+00:00,0.0,19.04364,uppsala,5f9fe38afd517828962fde29
11709,2020-08-30 21:00:00+00:00,0.0,19.04364,uppsala,5f9fe38afd517828962fde29
11710,2020-08-30 22:00:00+00:00,0.0,19.04364,uppsala,5f9fe38afd517828962fde29
11711,2020-08-30 23:00:00+00:00,0.0,19.04364,uppsala,5f9fe38afd517828962fde29
11712,2020-08-31 00:00:00+00:00,0.0,19.04364,uppsala,5f9fe38afd517828962fde29
11713,2020-08-31 01:00:00+00:00,0.0,19.04364,uppsala,5f9fe38afd517828962fde29
11714,2020-08-31 02:00:00+00:00,0.0,19.04364,uppsala,5f9fe38afd517828962fde29
11715,2020-08-31 03:00:00+00:00,0.0,19.04364,uppsala,5f9fe38afd517828962fde29
11716,2020-08-31 04:00:00+00:00,43.7,19.04364,uppsala,5f9fe38afd517828962fde29
11717,2020-08-31 05:00:00+00:00,422.5,19.04364,uppsala,5f9fe38afd517828962fde29
11718,2020-08-31 06:00:00+00:00,633.6,19.04364,uppsala,5f9fe38afd517828962fde29
11719,2020-08-31 07:00:00+00:00,750.6,19.04364,uppsala,5f9fe38afd517828962fde29
11720,2020-08-31 08:00:00+00:00,521.5,19.04364,uppsala,5f9fe38afd517828962fde29
11721,2020-08-31 09:00:00+00:00,51.3,19.04364,uppsala,5f9fe38afd517828962fde29
11722,2020-08-31 10:00:00+00:00,13.8,19.04364,uppsala,5f9fe38afd517828962fde29
11723,2020-08-31 11:00:00+00:00,10.3,19.04364,uppsala,5f9fe38afd517828962fde29
11724,2020-08-31 12:00:00+00:00,57.2,19.04364,uppsala,5f9fe38afd517828962fde29
11725,2020-08-31 13:00:00+00:00,110.0,19.04364,uppsala,5f9fe38afd517828962fde29
11726,2020-08-31 14:00:00+00:00,32.5,19.04364,uppsala,5f9fe38afd517828962fde29
11727,2020-08-31 15:00:00+00:00,8.1,19.04364,uppsala,5f9fe38afd517828962fde29
11728,2020-08-31 16:00:00+00:00,147.2,19.04364,uppsala,5f9fe38afd517828962fde29
11729,2020-08-31 17:00:00+00:00,0.0,19.04364,uppsala,5f9fe38afd517828962fde29
11730,2020-08-31 18:00:00+00:00,0.0,19.04364,uppsala,5f9fe38afd517828962fde29
11731,2020-08-31 19:00:00+00:00,0.0,19.04364,uppsala,5f9fe38afd517828962fde29
11732,2020-08-31 20:00:00+00:00,0.0,19.04364,uppsala,5f9fe38afd517828962fde29
11733,2020-08-31 21:00:00+00:00,0.0,19.04364,uppsala,5f9fe38afd517828962fde29
11734,2020-08-31 22:00:00+00:00,0.0,19.04364,uppsala,5f9fe38afd517828962fde29
11735,2020-08-31 23:00:00+00:00,0.0,19.04364,uppsala,5f9fe38afd517828962fde29
11736,2020-09-01 00:00:00+00:00,0.0,19.04364,uppsala,5f9fe38afd517828962fde29
11737,2020-09-01 01:00:00+00:00,0.0,19.04364,uppsala,5f9fe38afd517828962fde29
11738,2020-09-01 02:00:00+00:00,0.0,19.04364,uppsala,5f9fe38afd517828962fde29
11739,2020-09-01 03:00:00+00:00,0.0,19.04364,uppsala,5f9fe38afd517828962fde29
11740,2020-09-01 04:00:00+00:00,0.0,19.04364,uppsala,5f9fe38afd517828962fde29
11741,2020-09-01 05:00:00+00:00,402.4,19.04364,uppsala,5f9fe38afd517828962fde29
11742,2020-09-01 06:00:00+00:00,630.9,19.04364,uppsala,5f9fe38afd517828962fde29
11743,2020-09-01 07:00:00+00:00,739.9,19.04364,uppsala,5f9fe38afd517828962fde29
11744,2020-09-01 08:00:00+00:00,814.5,19.04364,uppsala,5f9fe38afd517828962fde29
11745,2020-09-01 09:00:00+00:00,525.0,19.04364,uppsala,5f9fe38afd517828962fde29
11746,2020-09-01 10:00:00+00:00,814.6,19.04364,uppsala,5f9fe38afd517828962fde29
11747,2020-09-01 11:00:00+00:00,864.4,19.04364,uppsala,5f9fe38afd517828962fde29
11748,2020-09-01 12:00:00+00:00,398.6,19.04364,uppsala,5f9fe38afd517828962fde29
11749,2020-09-01 13:00:00+00:00,798.2,19.04364,uppsala,5f9fe38afd517828962fde29
11750,2020-09-01 14:00:00+00:00,801.4,19.04364,uppsala,5f9fe38afd517828962fde29
11751,2020-09-01 15:00:00+00:00,743.2,19.04364,uppsala,5f9fe38afd517828962fde29
11752,2020-09-01 16:00:00+00:00,615.2,19.04364,uppsala,5f9fe38afd517828962fde29
11753,2020-09-01 17:00:00+00:00,372.9,19.04364,uppsala,5f9fe38afd517828962fde29
11754,2020-09-01 18:00:00+00:00,0.0,19.04364,uppsala,5f9fe38afd517828962fde29
11755,2020-09-01 19:00:00+00:00,0.0,19.04364,uppsala,5f9fe38afd517828962fde29
11756,2020-09-01 20:00:00+00:00,0.0,19.04364,uppsala,5f9fe38afd517828962fde29
11757,2020-09-01 21:00:00+00:00,0.0,19.04364,uppsala,5f9fe38afd517828962fde29
11758,2020-09-01 22:00:00+00:00,0.0,19.04364,uppsala,5f9fe38afd517828962fde29
11759,2020-09-01 23:00:00+00:00,0.0,19.04364,uppsala,5f9fe38afd517828962fde29
11760,2020-09-02 00:00:00+00:00,0.0,19.04364,uppsala,5f9fe38afd517828962fde29
11761,2020-09-02 01:00:00+00:00,0.0,19.04364,uppsala,5f9fe38afd517828962fde29
11762,2020-09-02 02:00:00+00:00,0.0,19.04364,uppsala,5f9fe38afd517828962fde29
11763,2020-09-02 03:00:00+00:00,0.0,19.04364,uppsala,5f9fe38afd517828962fde29
11764,2020-09-02 04:00:00+00:00,28.9,19.04364,uppsala,5f9fe38afd517828962fde29
11765,2020-09-02 05:00:00+00:00,0.2,19.04364,uppsala,5f9fe38afd517828962fde29
11766,2020-09-02 06:00:00+00:00,564.8,19.04364,uppsala,5f9fe38afd517828962fde29
11767,2020-09-02 07:00:00+00:00,167.5,19.04364,uppsala,5f9fe38afd517828962fde29
11768,2020-09-02 08:00:00+00:00,6.8,19.04364,uppsala,5f9fe38afd517828962fde29
11769,2020-09-02 09:00:00+00:00,45.7,19.04364,uppsala,5f9fe38afd517828962fde29
11770,2020-09-02 10:00:00+00:00,241.7,19.04364,uppsala,5f9fe38afd517828962fde29
11771,2020-09-02 11:00:00+00:00,27.2,19.04364,uppsala,5f9fe38afd517828962fde29
11772,2020-09-02 12:00:00+00:00,8.9,19.04364,uppsala,5f9fe38afd517828962fde29
11773,2020-09-02 13:00:00+00:00,14.0,19.04364,uppsala,5f9fe38afd517828962fde29
11774,2020-09-02 14:00:00+00:00,5.8,19.04364,uppsala,5f9fe38afd517828962fde29
11775,2020-09-02 15:00:00+00:00,60.2,19.04364,uppsala,5f9fe38afd517828962fde29
11776,2020-09-02 16:00:00+00:00,31.3,19.04364,uppsala,5f9fe38afd517828962fde29
11777,2020-09-02 17:00:00+00:00,0.0,19.04364,uppsala,5f9fe38afd517828962fde29
11778,2020-09-02 18:00:00+00:00,0.0,19.04364,uppsala,5f9fe38afd517828962fde29
11779,2020-09-02 19:00:00+00:00,0.0,19.04364,uppsala,5f9fe38afd517828962fde29
11780,2020-09-02 20:00:00+00:00,0.0,19.04364,uppsala,5f9fe38afd517828962fde29
11781,2020-09-02 21:00:00+00:00,0.0,19.04364,uppsala,5f9fe38afd517828962fde29
11782,2020-09-02 22:00:00+00:00,0.0,19.04364,uppsala,5f9fe38afd517828962fde29
11783,2020-09-02 23:00:00+00:00,0.0,19.04364,uppsala,5f9fe38afd517828962fde29
11784,2020-09-03 00:00:00+00:00,0.0,19.04364,uppsala,5f9fe38afd517828962fde29
11785,2020-09-03 01:00:00+00:00,0.0,19.04364,uppsala,5f9fe38afd517828962fde29
11786,2020-09-03 02:00:00+00:00,0.0,19.04364,uppsala,5f9fe38afd517828962fde29
11787,2020-09-03 03:00:00+00:00,0.0,19.04364,uppsala,5f9fe38afd517828962fde29
11788,2020-09-03 04:00:00+00:00,0.0,19.04364,uppsala,5f9fe38afd517828962fde29
11789,2020-09-03 05:00:00+00:00,0.0,19.04364,uppsala,5f9fe38afd517828962fde29
11790,2020-09-03 06:00:00+00:00,0.0,19.04364,uppsala,5f9fe38afd517828962fde29
11791,2020-09-03 07:00:00+00:00,5.1,19.04364,uppsala,5f9fe38afd517828962fde29
11792,2020-09-03 08:00:00+00:00,4.9,19.04364,uppsala,5f9fe38afd517828962fde29
11793,2020-09-03 09:00:00+00:00,6.5,19.04364,uppsala,5f9fe38afd517828962fde29
11794,2020-09-03 10:00:00+00:00,7.3,19.04364,uppsala,5f9fe38afd517828962fde29
11795,2020-09-03 11:00:00+00:00,7.7,19.04364,uppsala,5f9fe38afd517828962fde29
11796,2020-09-03 12:00:00+00:00,12.1,19.04364,uppsala,5f9fe38afd517828962fde29
11797,2020-09-03 13:00:00+00:00,53.2,19.04364,uppsala,5f9fe38afd517828962fde29
11798,2020-09-03 14:00:00+00:00,423.8,19.04364,uppsala,5f9fe38afd517828962fde29
11799,2020-09-03 15:00:00+00:00,0.5,19.04364,uppsala,5f9fe38afd517828962fde29
11800,2020-09-03 16:00:00+00:00,50.8,19.04364,uppsala,5f9fe38afd517828962fde29
11801,2020-09-03 17:00:00+00:00,62.7,19.04364,uppsala,5f9fe38afd517828962fde29
11802,2020-09-03 18:00:00+00:00,0.0,19.04364,uppsala,5f9fe38afd517828962fde29
11803,2020-09-03 19:00:00+00:00,0.0,19.04364,uppsala,5f9fe38afd517828962fde29
11804,2020-09-03 20:00:00+00:00,0.0,19.04364,uppsala,5f9fe38afd517828962fde29
11805,2020-09-03 21:00:00+00:00,0.0,19.04364,uppsala,5f9fe38afd517828962fde29
11806,2020-09-03 22:00:00+00:00,0.0,19.04364,uppsala,5f9fe38afd517828962fde29
11807,2020-09-03 23:00:00+00:00,0.0,19.04364,uppsala,5f9fe38afd517828962fde29
11808,2020-09-04 00:00:00+00:00,0.0,19.04364,uppsala,5f9fe38afd517828962fde29
11809,2020-09-04 01:00:00+00:00,0.0,19.04364,uppsala,5f9fe38afd517828962fde29
11810,2020-09-04 02:00:00+00:00,0.0,19.04364,uppsala,5f9fe38afd517828962fde29
11811,2020-09-04 03:00:00+00:00,0.0,19.04364,uppsala,5f9fe38afd517828962fde29
11812,2020-09-04 04:00:00+00:00,0.0,19.04364,uppsala,5f9fe38afd517828962fde29
11813,2020-09-04 05:00:00+00:00,11.3,19.04364,uppsala,5f9fe38afd517828962fde29
11814,2020-09-04 06:00:00+00:00,0.0,19.04364,uppsala,5f9fe38afd517828962fde29
11815,2020-09-04 07:00:00+00:00,64.6,19.04364,uppsala,5f9fe38afd517828962fde29
11816,2020-09-04 08:00:00+00:00,6.4,19.04364,uppsala,5f9fe38afd517828962fde29
11817,2020-09-04 09:00:00+00:00,7.2,19.04364,uppsala,5f9fe38afd517828962fde29
11818,2020-09-04 10:00:00+00:00,52.0,19.04364,uppsala,5f9fe38afd517828962fde29
11819,2020-09-04 11:00:00+00:00,20.4,19.04364,uppsala,5f9fe38afd517828962fde29
11820,2020-09-04 12:00:00+00:00,8.9,19.04364,uppsala,5f9fe38afd517828962fde29
11821,2020-09-04 13:00:00+00:00,197.1,19.04364,uppsala,5f9fe38afd517828962fde29
11822,2020-09-04 14:00:00+00:00,6.5,19.04364,uppsala,5f9fe38afd517828962fde29
11823,2020-09-04 15:00:00+00:00,1.5,19.04364,uppsala,5f9fe38afd517828962fde29
11824,2020-09-04 16:00:00+00:00,351.2,19.04364,uppsala,5f9fe38afd517828962fde29
11825,2020-09-04 17:00:00+00:00,52.3,19.04364,uppsala,5f9fe38afd517828962fde29
11826,2020-09-04 18:00:00+00:00,0.0,19.04364,uppsala,5f9fe38afd517828962fde29
11827,2020-09-04 19:00:00+00:00,0.0,19.04364,uppsala,5f9fe38afd517828962fde29
11828,2020-09-04 20:00:00+00:00,0.0,19.04364,uppsala,5f9fe38afd517828962fde29
11829,2020-09-04 21:00:00+00:00,0.0,19.04364,uppsala,5f9fe38afd517828962fde29
11830,2020-09-04 22:00:00+00:00,0.0,19.04364,uppsala,5f9fe38afd517828962fde29
11831,2020-09-04 23:00:00+00:00,0.0,19.04364,uppsala,5f9fe38afd517828962fde29
11832,2020-09-05 00:00:00+00:00,0.0,19.04364,uppsala,5f9fe38afd517828962fde29
11833,2020-09-05 01:00:00+00:00,0.0,19.04364,uppsala,5f9fe38afd517828962fde29
11834,2020-09-05 02:00:00+00:00,0.0,19.04364,uppsala,5f9fe38afd517828962fde29
11835,2020-09-05 03:00:00+00:00,0.0,19.04364,uppsala,5f9fe38afd517828962fde29
11836,2020-09-05 04:00:00+00:00,0.1,19.04364,uppsala,5f9fe38afd517828962fde29
11837,2020-09-05 05:00:00+00:00,361.6,19.04364,uppsala,5f9fe38afd517828962fde29
11838,2020-09-05 06:00:00+00:00,585.7,19.04364,uppsala,5f9fe38afd517828962fde29
11839,2020-09-05 07:00:00+00:00,719.9,19.04364,uppsala,5f9fe38afd517828962fde29
11840,2020-09-05 08:00:00+00:00,785.7,19.04364,uppsala,5f9fe38afd517828962fde29
11841,2020-09-05 09:00:00+00:00,339.4,19.04364,uppsala,5f9fe38afd517828962fde29
11842,2020-09-05 10:00:00+00:00,539.2,19.04364,uppsala,5f9fe38afd517828962fde29
11843,2020-09-05 11:00:00+00:00,293.6,19.04364,uppsala,5f9fe38afd517828962fde29
11844,2020-09-05 12:00:00+00:00,9.1,19.04364,uppsala,5f9fe38afd517828962fde29
11845,2020-09-05 13:00:00+00:00,162.9,19.04364,uppsala,5f9fe38afd517828962fde29
11846,2020-09-05 14:00:00+00:00,601.3,19.04364,uppsala,5f9fe38afd517828962fde29
11847,2020-09-05 15:00:00+00:00,697.3,19.04364,uppsala,5f9fe38afd517828962fde29
11848,2020-09-05 16:00:00+00:00,505.1,19.04364,uppsala,5f9fe38afd517828962fde29
11849,2020-09-05 17:00:00+00:00,220.1,19.04364,uppsala,5f9fe38afd517828962fde29
11850,2020-09-05 18:00:00+00:00,0.0,19.04364,uppsala,5f9fe38afd517828962fde29
11851,2020-09-05 19:00:00+00:00,0.0,19.04364,uppsala,5f9fe38afd517828962fde29
11852,2020-09-05 20:00:00+00:00,0.0,19.04364,uppsala,5f9fe38afd517828962fde29
11853,2020-09-05 21:00:00+00:00,0.0,19.04364,uppsala,5f9fe38afd517828962fde29
11854,2020-09-05 22:00:00+00:00,0.0,19.04364,uppsala,5f9fe38afd517828962fde29
11855,2020-09-05 23:00:00+00:00,0.0,19.04364,uppsala,5f9fe38afd517828962fde29
11856,2020-09-06 00:00:00+00:00,0.0,19.04364,uppsala,5f9fe38afd517828962fde29
11857,2020-09-06 01:00:00+00:00,0.0,19.04364,uppsala,5f9fe38afd517828962fde29
11858,2020-09-06 02:00:00+00:00,0.0,19.04364,uppsala,5f9fe38afd517828962fde29
11859,2020-09-06 03:00:00+00:00,0.0,19.04364,uppsala,5f9fe38afd517828962fde29
11860,2020-09-06 04:00:00+00:00,0.0,19.04364,uppsala,5f9fe38afd517828962fde29
11861,2020-09-06 05:00:00+00:00,297.1,19.04364,uppsala,5f9fe38afd517828962fde29
11862,2020-09-06 06:00:00+00:00,175.0,19.04364,uppsala,5f9fe38afd517828962fde29
11863,2020-09-06 07:00:00+00:00,40.5,19.04364,uppsala,5f9fe38afd517828962fde29
11864,2020-09-06 08:00:00+00:00,500.6,19.04364,uppsala,5f9fe38afd517828962fde29
11865,2020-09-06 09:00:00+00:00,835.4,19.04364,uppsala,5f9fe38afd517828962fde29
11866,2020-09-06 10:00:00+00:00,840.2,19.04364,uppsala,5f9fe38afd517828962fde29
11867,2020-09-06 11:00:00+00:00,525.6,19.04364,uppsala,5f9fe38afd517828962fde29
11868,2020-09-06 12:00:00+00:00,694.6,19.04364,uppsala,5f9fe38afd517828962fde29
11869,2020-09-06 13:00:00+00:00,705.6,19.04364,uppsala,5f9fe38afd517828962fde29
11870,2020-09-06 14:00:00+00:00,362.6,19.04364,uppsala,5f9fe38afd517828962fde29
11871,2020-09-06 15:00:00+00:00,5.3,19.04364,uppsala,5f9fe38afd517828962fde29
11872,2020-09-06 16:00:00+00:00,26.8,19.04364,uppsala,5f9fe38afd517828962fde29
11873,2020-09-06 17:00:00+00:00,203.5,19.04364,uppsala,5f9fe38afd517828962fde29
11874,2020-09-06 18:00:00+00:00,0.0,19.04364,uppsala,5f9fe38afd517828962fde29
11875,2020-09-06 19:00:00+00:00,0.0,19.04364,uppsala,5f9fe38afd517828962fde29
11876,2020-09-06 20:00:00+00:00,0.0,19.04364,uppsala,5f9fe38afd517828962fde29
11877,2020-09-06 21:00:00+00:00,0.0,19.04364,uppsala,5f9fe38afd517828962fde29
11878,2020-09-06 22:00:00+00:00,0.0,19.04364,uppsala,5f9fe38afd517828962fde29
11879,2020-09-06 23:00:00+00:00,0.0,19.04364,uppsala,5f9fe38afd517828962fde29
11880,2020-09-07 00:00:00+00:00,0.0,19.04364,uppsala,5f9fe38afd517828962fde29
11881,2020-09-07 01:00:00+00:00,0.0,19.04364,uppsala,5f9fe38afd517828962fde29
11882,2020-09-07 02:00:00+00:00,0.0,19.04364,uppsala,5f9fe38afd517828962fde29
11883,2020-09-07 03:00:00+00:00,0.0,19.04364,uppsala,5f9fe38afd517828962fde29
11884,2020-09-07 04:00:00+00:00,0.0,19.04364,uppsala,5f9fe38afd517828962fde29
11885,2020-09-07 05:00:00+00:00,385.4,19.04364,uppsala,5f9fe38afd517828962fde29
11886,2020-09-07 06:00:00+00:00,500.7,19.04364,uppsala,5f9fe38afd517828962fde29
11887,2020-09-07 07:00:00+00:00,694.8,19.04364,uppsala,5f9fe38afd517828962fde29
11888,2020-09-07 08:00:00+00:00,811.6,19.04364,uppsala,5f9fe38afd517828962fde29
11889,2020-09-07 09:00:00+00:00,852.0,19.04364,uppsala,5f9fe38afd517828962fde29
11890,2020-09-07 10:00:00+00:00,871.4,19.04364,uppsala,5f9fe38afd517828962fde29
11891,2020-09-07 11:00:00+00:00,878.1,19.04364,uppsala,5f9fe38afd517828962fde29
11892,2020-09-07 12:00:00+00:00,497.3,19.04364,uppsala,5f9fe38afd517828962fde29
11893,2020-09-07 13:00:00+00:00,79.3,19.04364,uppsala,5f9fe38afd517828962fde29
11894,2020-09-07 14:00:00+00:00,736.9,19.04364,uppsala,5f9fe38afd517828962fde29
11895,2020-09-07 15:00:00+00:00,695.8,19.04364,uppsala,5f9fe38afd517828962fde29
11896,2020-09-07 16:00:00+00:00,627.4,19.04364,uppsala,5f9fe38afd517828962fde29
11897,2020-09-07 17:00:00+00:00,339.3,19.04364,uppsala,5f9fe38afd517828962fde29
11898,2020-09-07 18:00:00+00:00,0.0,19.04364,uppsala,5f9fe38afd517828962fde29
11899,2020-09-07 19:00:00+00:00,0.0,19.04364,uppsala,5f9fe38afd517828962fde29
11900,2020-09-07 20:00:00+00:00,0.0,19.04364,uppsala,5f9fe38afd517828962fde29
11901,2020-09-07 21:00:00+00:00,0.0,19.04364,uppsala,5f9fe38afd517828962fde29
11902,2020-09-07 22:00:00+00:00,0.0,19.04364,uppsala,5f9fe38afd517828962fde29
11903,2020-09-07 23:00:00+00:00,0.0,19.04364,uppsala,5f9fe38afd517828962fde29
11904,2020-09-08 00:00:00+00:00,0.0,19.04364,uppsala,5f9fe38afd517828962fde29
11905,2020-09-08 01:00:00+00:00,0.0,19.04364,uppsala,5f9fe38afd517828962fde29
11906,2020-09-08 02:00:00+00:00,0.0,19.04364,uppsala,5f9fe38afd517828962fde29
11907,2020-09-08 03:00:00+00:00,0.0,19.04364,uppsala,5f9fe38afd517828962fde29
11908,2020-09-08 04:00:00+00:00,0.0,19.04364,uppsala,5f9fe38afd517828962fde29
11909,2020-09-08 05:00:00+00:00,0.0,19.04364,uppsala,5f9fe38afd517828962fde29
11910,2020-09-08 06:00:00+00:00,0.0,19.04364,uppsala,5f9fe38afd517828962fde29
11911,2020-09-08 07:00:00+00:00,3.2,19.04364,uppsala,5f9fe38afd517828962fde29
11912,2020-09-08 08:00:00+00:00,6.3,19.04364,uppsala,5f9fe38afd517828962fde29
11913,2020-09-08 09:00:00+00:00,8.1,19.04364,uppsala,5f9fe38afd517828962fde29
11914,2020-09-08 10:00:00+00:00,637.5,19.04364,uppsala,5f9fe38afd517828962fde29
11915,2020-09-08 11:00:00+00:00,308.5,19.04364,uppsala,5f9fe38afd517828962fde29
11916,2020-09-08 12:00:00+00:00,177.6,19.04364,uppsala,5f9fe38afd517828962fde29
11917,2020-09-08 13:00:00+00:00,715.7,19.04364,uppsala,5f9fe38afd517828962fde29
11918,2020-09-08 14:00:00+00:00,818.3,19.04364,uppsala,5f9fe38afd517828962fde29
11919,2020-09-08 15:00:00+00:00,743.3,19.04364,uppsala,5f9fe38afd517828962fde29
11920,2020-09-08 16:00:00+00:00,177.4,19.04364,uppsala,5f9fe38afd517828962fde29
11921,2020-09-08 17:00:00+00:00,0.0,19.04364,uppsala,5f9fe38afd517828962fde29
11922,2020-09-08 18:00:00+00:00,0.0,19.04364,uppsala,5f9fe38afd517828962fde29
11923,2020-09-08 19:00:00+00:00,0.0,19.04364,uppsala,5f9fe38afd517828962fde29
11924,2020-09-08 20:00:00+00:00,0.0,19.04364,uppsala,5f9fe38afd517828962fde29
11925,2020-09-08 21:00:00+00:00,0.0,19.04364,uppsala,5f9fe38afd517828962fde29
11926,2020-09-08 22:00:00+00:00,0.0,19.04364,uppsala,5f9fe38afd517828962fde29
11927,2020-09-08 23:00:00+00:00,0.0,19.04364,uppsala,5f9fe38afd517828962fde29
11928,2020-09-09 00:00:00+00:00,0.0,19.04364,uppsala,5f9fe38afd517828962fde29
11929,2020-09-09 01:00:00+00:00,0.0,19.04364,uppsala,5f9fe38afd517828962fde29
11930,2020-09-09 02:00:00+00:00,0.0,19.04364,uppsala,5f9fe38afd517828962fde29
11931,2020-09-09 03:00:00+00:00,0.0,19.04364,uppsala,5f9fe38afd517828962fde29
11932,2020-09-09 04:00:00+00:00,0.0,19.04364,uppsala,5f9fe38afd517828962fde29
11933,2020-09-09 05:00:00+00:00,0.0,19.04364,uppsala,5f9fe38afd517828962fde29
11934,2020-09-09 06:00:00+00:00,17.0,19.04364,uppsala,5f9fe38afd517828962fde29
11935,2020-09-09 07:00:00+00:00,5.3,19.04364,uppsala,5f9fe38afd517828962fde29
11936,2020-09-09 08:00:00+00:00,63.9,19.04364,uppsala,5f9fe38afd517828962fde29
11937,2020-09-09 09:00:00+00:00,35.0,19.04364,uppsala,5f9fe38afd517828962fde29
11938,2020-09-09 10:00:00+00:00,44.7,19.04364,uppsala,5f9fe38afd517828962fde29
11939,2020-09-09 11:00:00+00:00,8.0,19.04364,uppsala,5f9fe38afd517828962fde29
11940,2020-09-09 12:00:00+00:00,7.9,19.04364,uppsala,5f9fe38afd517828962fde29
11941,2020-09-09 13:00:00+00:00,6.9,19.04364,uppsala,5f9fe38afd517828962fde29
11942,2020-09-09 14:00:00+00:00,5.3,19.04364,uppsala,5f9fe38afd517828962fde29
11943,2020-09-09 15:00:00+00:00,12.5,19.04364,uppsala,5f9fe38afd517828962fde29
11944,2020-09-09 16:00:00+00:00,19.0,19.04364,uppsala,5f9fe38afd517828962fde29
11945,2020-09-09 17:00:00+00:00,7.9,19.04364,uppsala,5f9fe38afd517828962fde29
11946,2020-09-09 18:00:00+00:00,0.0,19.04364,uppsala,5f9fe38afd517828962fde29
11947,2020-09-09 19:00:00+00:00,0.0,19.04364,uppsala,5f9fe38afd517828962fde29
11948,2020-09-09 20:00:00+00:00,0.0,19.04364,uppsala,5f9fe38afd517828962fde29
11949,2020-09-09 21:00:00+00:00,0.0,19.04364,uppsala,5f9fe38afd517828962fde29
11950,2020-09-09 22:00:00+00:00,0.0,19.04364,uppsala,5f9fe38afd517828962fde29
11951,2020-09-09 23:00:00+00:00,0.0,19.04364,uppsala,5f9fe38afd517828962fde29
11952,2020-09-10 00:00:00+00:00,0.0,19.04364,uppsala,5f9fe38afd517828962fde29
11953,2020-09-10 01:00:00+00:00,0.0,19.04364,uppsala,5f9fe38afd517828962fde29
11954,2020-09-10 02:00:00+00:00,0.0,19.04364,uppsala,5f9fe38afd517828962fde29
11955,2020-09-10 03:00:00+00:00,0.0,19.04364,uppsala,5f9fe38afd517828962fde29
11956,2020-09-10 04:00:00+00:00,0.0,19.04364,uppsala,5f9fe38afd517828962fde29
11957,2020-09-10 05:00:00+00:00,433.4,19.04364,uppsala,5f9fe38afd517828962fde29
11958,2020-09-10 06:00:00+00:00,673.4,19.04364,uppsala,5f9fe38afd517828962fde29
11959,2020-09-10 07:00:00+00:00,771.7,19.04364,uppsala,5f9fe38afd517828962fde29
11960,2020-09-10 08:00:00+00:00,837.0,19.04364,uppsala,5f9fe38afd517828962fde29
11961,2020-09-10 09:00:00+00:00,878.8,19.04364,uppsala,5f9fe38afd517828962fde29
11962,2020-09-10 10:00:00+00:00,898.9,19.04364,uppsala,5f9fe38afd517828962fde29
11963,2020-09-10 11:00:00+00:00,904.2,19.04364,uppsala,5f9fe38afd517828962fde29
11964,2020-09-10 12:00:00+00:00,895.4,19.04364,uppsala,5f9fe38afd517828962fde29
11965,2020-09-10 13:00:00+00:00,869.0,19.04364,uppsala,5f9fe38afd517828962fde29
11966,2020-09-10 14:00:00+00:00,809.0,19.04364,uppsala,5f9fe38afd517828962fde29
11967,2020-09-10 15:00:00+00:00,716.5,19.04364,uppsala,5f9fe38afd517828962fde29
11968,2020-09-10 16:00:00+00:00,509.7,19.04364,uppsala,5f9fe38afd517828962fde29
11969,2020-09-10 17:00:00+00:00,163.4,19.04364,uppsala,5f9fe38afd517828962fde29
11970,2020-09-10 18:00:00+00:00,0.0,19.04364,uppsala,5f9fe38afd517828962fde29
11971,2020-09-10 19:00:00+00:00,0.0,19.04364,uppsala,5f9fe38afd517828962fde29
11972,2020-09-10 20:00:00+00:00,0.0,19.04364,uppsala,5f9fe38afd517828962fde29
11973,2020-09-10 21:00:00+00:00,0.0,19.04364,uppsala,5f9fe38afd517828962fde29
11974,2020-09-10 22:00:00+00:00,0.0,19.04364,uppsala,5f9fe38afd517828962fde29
11975,2020-09-10 23:00:00+00:00,0.0,19.04364,uppsala,5f9fe38afd517828962fde29
11976,2020-09-11 00:00:00+00:00,0.0,19.04364,uppsala,5f9fe38afd517828962fde29
11977,2020-09-11 01:00:00+00:00,0.0,19.04364,uppsala,5f9fe38afd517828962fde29
11978,2020-09-11 02:00:00+00:00,0.0,19.04364,uppsala,5f9fe38afd517828962fde29
11979,2020-09-11 03:00:00+00:00,0.0,19.04364,uppsala,5f9fe38afd517828962fde29
11980,2020-09-11 04:00:00+00:00,0.0,19.04364,uppsala,5f9fe38afd517828962fde29
11981,2020-09-11 05:00:00+00:00,7.7,19.04364,uppsala,5f9fe38afd517828962fde29
11982,2020-09-11 06:00:00+00:00,38.5,19.04364,uppsala,5f9fe38afd517828962fde29
11983,2020-09-11 07:00:00+00:00,41.5,19.04364,uppsala,5f9fe38afd517828962fde29
11984,2020-09-11 08:00:00+00:00,22.7,19.04364,uppsala,5f9fe38afd517828962fde29
11985,2020-09-11 09:00:00+00:00,498.9,19.04364,uppsala,5f9fe38afd517828962fde29
11986,2020-09-11 10:00:00+00:00,723.8,19.04364,uppsala,5f9fe38afd517828962fde29
11987,2020-09-11 11:00:00+00:00,737.5,19.04364,uppsala,5f9fe38afd517828962fde29
11988,2020-09-11 12:00:00+00:00,717.5,19.04364,uppsala,5f9fe38afd517828962fde29
11989,2020-09-11 13:00:00+00:00,681.6,19.04364,uppsala,5f9fe38afd517828962fde29
11990,2020-09-11 14:00:00+00:00,621.4,19.04364,uppsala,5f9fe38afd517828962fde29
11991,2020-09-11 15:00:00+00:00,196.0,19.04364,uppsala,5f9fe38afd517828962fde29
11992,2020-09-11 16:00:00+00:00,0.0,19.04364,uppsala,5f9fe38afd517828962fde29
11993,2020-09-11 17:00:00+00:00,0.1,19.04364,uppsala,5f9fe38afd517828962fde29
11994,2020-09-11 18:00:00+00:00,0.0,19.04364,uppsala,5f9fe38afd517828962fde29
11995,2020-09-11 19:00:00+00:00,0.0,19.04364,uppsala,5f9fe38afd517828962fde29
11996,2020-09-11 20:00:00+00:00,0.0,19.04364,uppsala,5f9fe38afd517828962fde29
11997,2020-09-11 21:00:00+00:00,0.0,19.04364,uppsala,5f9fe38afd517828962fde29
11998,2020-09-11 22:00:00+00:00,0.0,19.04364,uppsala,5f9fe38afd517828962fde29
11999,2020-09-11 23:00:00+00:00,0.0,19.04364,uppsala,5f9fe38afd517828962fde29
12000,2020-09-12 00:00:00+00:00,0.0,19.04364,uppsala,5f9fe38afd517828962fde29
12001,2020-09-12 01:00:00+00:00,0.0,19.04364,uppsala,5f9fe38afd517828962fde29
12002,2020-09-12 02:00:00+00:00,0.0,19.04364,uppsala,5f9fe38afd517828962fde29
12003,2020-09-12 03:00:00+00:00,0.0,19.04364,uppsala,5f9fe38afd517828962fde29
12004,2020-09-12 04:00:00+00:00,0.0,19.04364,uppsala,5f9fe38afd517828962fde29
12005,2020-09-12 05:00:00+00:00,0.0,19.04364,uppsala,5f9fe38afd517828962fde29
12006,2020-09-12 06:00:00+00:00,0.0,19.04364,uppsala,5f9fe38afd517828962fde29
12007,2020-09-12 07:00:00+00:00,27.3,19.04364,uppsala,5f9fe38afd517828962fde29
12008,2020-09-12 08:00:00+00:00,4.1,19.04364,uppsala,5f9fe38afd517828962fde29
12009,2020-09-12 09:00:00+00:00,5.7,19.04364,uppsala,5f9fe38afd517828962fde29
12010,2020-09-12 10:00:00+00:00,7.6,19.04364,uppsala,5f9fe38afd517828962fde29
12011,2020-09-12 11:00:00+00:00,7.1,19.04364,uppsala,5f9fe38afd517828962fde29
12012,2020-09-12 12:00:00+00:00,6.8,19.04364,uppsala,5f9fe38afd517828962fde29
12013,2020-09-12 13:00:00+00:00,102.3,19.04364,uppsala,5f9fe38afd517828962fde29
12014,2020-09-12 14:00:00+00:00,4.4,19.04364,uppsala,5f9fe38afd517828962fde29
12015,2020-09-12 15:00:00+00:00,8.9,19.04364,uppsala,5f9fe38afd517828962fde29
12016,2020-09-12 16:00:00+00:00,0.0,19.04364,uppsala,5f9fe38afd517828962fde29
12017,2020-09-12 17:00:00+00:00,5.4,19.04364,uppsala,5f9fe38afd517828962fde29
12018,2020-09-12 18:00:00+00:00,0.0,19.04364,uppsala,5f9fe38afd517828962fde29
12019,2020-09-12 19:00:00+00:00,0.0,19.04364,uppsala,5f9fe38afd517828962fde29
12020,2020-09-12 20:00:00+00:00,0.0,19.04364,uppsala,5f9fe38afd517828962fde29
12021,2020-09-12 21:00:00+00:00,0.0,19.04364,uppsala,5f9fe38afd517828962fde29
12022,2020-09-12 22:00:00+00:00,0.0,19.04364,uppsala,5f9fe38afd517828962fde29
12023,2020-09-12 23:00:00+00:00,0.0,19.04364,uppsala,5f9fe38afd517828962fde29
12024,2020-09-13 00:00:00+00:00,0.0,19.04364,uppsala,5f9fe38afd517828962fde29
12025,2020-09-13 01:00:00+00:00,0.0,19.04364,uppsala,5f9fe38afd517828962fde29
12026,2020-09-13 02:00:00+00:00,0.0,19.04364,uppsala,5f9fe38afd517828962fde29
12027,2020-09-13 03:00:00+00:00,0.0,19.04364,uppsala,5f9fe38afd517828962fde29
12028,2020-09-13 04:00:00+00:00,0.0,19.04364,uppsala,5f9fe38afd517828962fde29
12029,2020-09-13 05:00:00+00:00,391.7,19.04364,uppsala,5f9fe38afd517828962fde29
12030,2020-09-13 06:00:00+00:00,653.6,19.04364,uppsala,5f9fe38afd517828962fde29
12031,2020-09-13 07:00:00+00:00,780.5,19.04364,uppsala,5f9fe38afd517828962fde29
12032,2020-09-13 08:00:00+00:00,848.4,19.04364,uppsala,5f9fe38afd517828962fde29
12033,2020-09-13 09:00:00+00:00,882.4,19.04364,uppsala,5f9fe38afd517828962fde29
12034,2020-09-13 10:00:00+00:00,898.9,19.04364,uppsala,5f9fe38afd517828962fde29
12035,2020-09-13 11:00:00+00:00,894.0,19.04364,uppsala,5f9fe38afd517828962fde29
12036,2020-09-13 12:00:00+00:00,865.5,19.04364,uppsala,5f9fe38afd517828962fde29
12037,2020-09-13 13:00:00+00:00,178.9,19.04364,uppsala,5f9fe38afd517828962fde29
12038,2020-09-13 14:00:00+00:00,10.0,19.04364,uppsala,5f9fe38afd517828962fde29
12039,2020-09-13 15:00:00+00:00,295.1,19.04364,uppsala,5f9fe38afd517828962fde29
12040,2020-09-13 16:00:00+00:00,0.0,19.04364,uppsala,5f9fe38afd517828962fde29
12041,2020-09-13 17:00:00+00:00,0.0,19.04364,uppsala,5f9fe38afd517828962fde29
12042,2020-09-13 18:00:00+00:00,0.0,19.04364,uppsala,5f9fe38afd517828962fde29
12043,2020-09-13 19:00:00+00:00,0.0,19.04364,uppsala,5f9fe38afd517828962fde29
12044,2020-09-13 20:00:00+00:00,0.0,19.04364,uppsala,5f9fe38afd517828962fde29
12045,2020-09-13 21:00:00+00:00,0.0,19.04364,uppsala,5f9fe38afd517828962fde29
12046,2020-09-13 22:00:00+00:00,0.0,19.04364,uppsala,5f9fe38afd517828962fde29
12047,2020-09-13 23:00:00+00:00,0.0,19.04364,uppsala,5f9fe38afd517828962fde29
12048,2020-09-14 00:00:00+00:00,0.0,19.04364,uppsala,5f9fe38afd517828962fde29
12049,2020-09-14 01:00:00+00:00,0.0,19.04364,uppsala,5f9fe38afd517828962fde29
12050,2020-09-14 02:00:00+00:00,0.0,19.04364,uppsala,5f9fe38afd517828962fde29
12051,2020-09-14 03:00:00+00:00,0.0,19.04364,uppsala,5f9fe38afd517828962fde29
12052,2020-09-14 04:00:00+00:00,0.0,19.04364,uppsala,5f9fe38afd517828962fde29
12053,2020-09-14 05:00:00+00:00,0.0,19.04364,uppsala,5f9fe38afd517828962fde29
12054,2020-09-14 06:00:00+00:00,0.1,19.04364,uppsala,5f9fe38afd517828962fde29
12055,2020-09-14 07:00:00+00:00,1.9,19.04364,uppsala,5f9fe38afd517828962fde29
12056,2020-09-14 08:00:00+00:00,70.3,19.04364,uppsala,5f9fe38afd517828962fde29
12057,2020-09-14 09:00:00+00:00,5.9,19.04364,uppsala,5f9fe38afd517828962fde29
12058,2020-09-14 10:00:00+00:00,67.9,19.04364,uppsala,5f9fe38afd517828962fde29
12059,2020-09-14 11:00:00+00:00,6.7,19.04364,uppsala,5f9fe38afd517828962fde29
12060,2020-09-14 12:00:00+00:00,6.3,19.04364,uppsala,5f9fe38afd517828962fde29
12061,2020-09-14 13:00:00+00:00,5.3,19.04364,uppsala,5f9fe38afd517828962fde29
12062,2020-09-14 14:00:00+00:00,3.1,19.04364,uppsala,5f9fe38afd517828962fde29
12063,2020-09-14 15:00:00+00:00,0.4,19.04364,uppsala,5f9fe38afd517828962fde29
12064,2020-09-14 16:00:00+00:00,0.0,19.04364,uppsala,5f9fe38afd517828962fde29
12065,2020-09-14 17:00:00+00:00,1.2,19.04364,uppsala,5f9fe38afd517828962fde29
12066,2020-09-14 18:00:00+00:00,0.0,19.04364,uppsala,5f9fe38afd517828962fde29
12067,2020-09-14 19:00:00+00:00,0.0,19.04364,uppsala,5f9fe38afd517828962fde29
12068,2020-09-14 20:00:00+00:00,0.0,19.04364,uppsala,5f9fe38afd517828962fde29
12069,2020-09-14 21:00:00+00:00,0.0,19.04364,uppsala,5f9fe38afd517828962fde29
12070,2020-09-14 22:00:00+00:00,0.0,19.04364,uppsala,5f9fe38afd517828962fde29
12071,2020-09-14 23:00:00+00:00,0.0,19.04364,uppsala,5f9fe38afd517828962fde29
12072,2020-09-15 00:00:00+00:00,0.0,19.04364,uppsala,5f9fe38afd517828962fde29
12073,2020-09-15 01:00:00+00:00,0.0,19.04364,uppsala,5f9fe38afd517828962fde29
12074,2020-09-15 02:00:00+00:00,0.0,19.04364,uppsala,5f9fe38afd517828962fde29
12075,2020-09-15 03:00:00+00:00,0.0,19.04364,uppsala,5f9fe38afd517828962fde29
12076,2020-09-15 04:00:00+00:00,0.0,19.04364,uppsala,5f9fe38afd517828962fde29
12077,2020-09-15 05:00:00+00:00,0.0,19.04364,uppsala,5f9fe38afd517828962fde29
12078,2020-09-15 06:00:00+00:00,11.5,19.04364,uppsala,5f9fe38afd517828962fde29
12079,2020-09-15 07:00:00+00:00,0.8,19.04364,uppsala,5f9fe38afd517828962fde29
12080,2020-09-15 08:00:00+00:00,3.2,19.04364,uppsala,5f9fe38afd517828962fde29
12081,2020-09-15 09:00:00+00:00,8.0,19.04364,uppsala,5f9fe38afd517828962fde29
12082,2020-09-15 10:00:00+00:00,5.5,19.04364,uppsala,5f9fe38afd517828962fde29
12083,2020-09-15 11:00:00+00:00,5.6,19.04364,uppsala,5f9fe38afd517828962fde29
12084,2020-09-15 12:00:00+00:00,5.2,19.04364,uppsala,5f9fe38afd517828962fde29
12085,2020-09-15 13:00:00+00:00,4.1,19.04364,uppsala,5f9fe38afd517828962fde29
12086,2020-09-15 14:00:00+00:00,2.4,19.04364,uppsala,5f9fe38afd517828962fde29
12087,2020-09-15 15:00:00+00:00,0.0,19.04364,uppsala,5f9fe38afd517828962fde29
12088,2020-09-15 16:00:00+00:00,0.0,19.04364,uppsala,5f9fe38afd517828962fde29
12089,2020-09-15 17:00:00+00:00,0.0,19.04364,uppsala,5f9fe38afd517828962fde29
12090,2020-09-15 18:00:00+00:00,0.0,19.04364,uppsala,5f9fe38afd517828962fde29
12091,2020-09-15 19:00:00+00:00,0.0,19.04364,uppsala,5f9fe38afd517828962fde29
12092,2020-09-15 20:00:00+00:00,0.0,19.04364,uppsala,5f9fe38afd517828962fde29
12093,2020-09-15 21:00:00+00:00,0.0,19.04364,uppsala,5f9fe38afd517828962fde29
12094,2020-09-15 22:00:00+00:00,0.0,19.04364,uppsala,5f9fe38afd517828962fde29
12095,2020-09-15 23:00:00+00:00,0.0,19.04364,uppsala,5f9fe38afd517828962fde29
12096,2020-09-16 00:00:00+00:00,0.0,19.04364,uppsala,5f9fe38afd517828962fde29
12097,2020-09-16 01:00:00+00:00,0.0,19.04364,uppsala,5f9fe38afd517828962fde29
12098,2020-09-16 02:00:00+00:00,0.0,19.04364,uppsala,5f9fe38afd517828962fde29
12099,2020-09-16 03:00:00+00:00,0.0,19.04364,uppsala,5f9fe38afd517828962fde29
12100,2020-09-16 04:00:00+00:00,0.0,19.04364,uppsala,5f9fe38afd517828962fde29
12101,2020-09-16 05:00:00+00:00,0.0,19.04364,uppsala,5f9fe38afd517828962fde29
12102,2020-09-16 06:00:00+00:00,0.0,19.04364,uppsala,5f9fe38afd517828962fde29
12103,2020-09-16 07:00:00+00:00,0.2,19.04364,uppsala,5f9fe38afd517828962fde29
12104,2020-09-16 08:00:00+00:00,10.3,19.04364,uppsala,5f9fe38afd517828962fde29
12105,2020-09-16 09:00:00+00:00,5.9,19.04364,uppsala,5f9fe38afd517828962fde29
12106,2020-09-16 10:00:00+00:00,44.7,19.04364,uppsala,5f9fe38afd517828962fde29
12107,2020-09-16 11:00:00+00:00,7.5,19.04364,uppsala,5f9fe38afd517828962fde29
12108,2020-09-16 12:00:00+00:00,11.8,19.04364,uppsala,5f9fe38afd517828962fde29
12109,2020-09-16 13:00:00+00:00,34.2,19.04364,uppsala,5f9fe38afd517828962fde29
12110,2020-09-16 14:00:00+00:00,6.0,19.04364,uppsala,5f9fe38afd517828962fde29
12111,2020-09-16 15:00:00+00:00,0.9,19.04364,uppsala,5f9fe38afd517828962fde29
12112,2020-09-16 16:00:00+00:00,0.0,19.04364,uppsala,5f9fe38afd517828962fde29
12113,2020-09-16 17:00:00+00:00,0.0,19.04364,uppsala,5f9fe38afd517828962fde29
12114,2020-09-16 18:00:00+00:00,0.0,19.04364,uppsala,5f9fe38afd517828962fde29
12115,2020-09-16 19:00:00+00:00,0.0,19.04364,uppsala,5f9fe38afd517828962fde29
12116,2020-09-16 20:00:00+00:00,0.0,19.04364,uppsala,5f9fe38afd517828962fde29
12117,2020-09-16 21:00:00+00:00,0.0,19.04364,uppsala,5f9fe38afd517828962fde29
12118,2020-09-16 22:00:00+00:00,0.0,19.04364,uppsala,5f9fe38afd517828962fde29
12119,2020-09-16 23:00:00+00:00,0.0,19.04364,uppsala,5f9fe38afd517828962fde29
12120,2020-09-17 00:00:00+00:00,0.0,19.04364,uppsala,5f9fe38afd517828962fde29
12121,2020-09-17 01:00:00+00:00,0.0,19.04364,uppsala,5f9fe38afd517828962fde29
12122,2020-09-17 02:00:00+00:00,0.0,19.04364,uppsala,5f9fe38afd517828962fde29
12123,2020-09-17 03:00:00+00:00,0.0,19.04364,uppsala,5f9fe38afd517828962fde29
12124,2020-09-17 04:00:00+00:00,0.0,19.04364,uppsala,5f9fe38afd517828962fde29
12125,2020-09-17 05:00:00+00:00,299.2,19.04364,uppsala,5f9fe38afd517828962fde29
12126,2020-09-17 06:00:00+00:00,584.0,19.04364,uppsala,5f9fe38afd517828962fde29
12127,2020-09-17 07:00:00+00:00,751.1,19.04364,uppsala,5f9fe38afd517828962fde29
12128,2020-09-17 08:00:00+00:00,820.0,19.04364,uppsala,5f9fe38afd517828962fde29
12129,2020-09-17 09:00:00+00:00,863.0,19.04364,uppsala,5f9fe38afd517828962fde29
12130,2020-09-17 10:00:00+00:00,11.4,19.04364,uppsala,5f9fe38afd517828962fde29
12131,2020-09-17 11:00:00+00:00,882.5,19.04364,uppsala,5f9fe38afd517828962fde29
12132,2020-09-17 12:00:00+00:00,870.2,19.04364,uppsala,5f9fe38afd517828962fde29
12133,2020-09-17 13:00:00+00:00,630.6,19.04364,uppsala,5f9fe38afd517828962fde29
12134,2020-09-17 14:00:00+00:00,759.3,19.04364,uppsala,5f9fe38afd517828962fde29
12135,2020-09-17 15:00:00+00:00,44.3,19.04364,uppsala,5f9fe38afd517828962fde29
12136,2020-09-17 16:00:00+00:00,17.9,19.04364,uppsala,5f9fe38afd517828962fde29
12137,2020-09-17 17:00:00+00:00,0.0,19.04364,uppsala,5f9fe38afd517828962fde29
12138,2020-09-17 18:00:00+00:00,0.0,19.04364,uppsala,5f9fe38afd517828962fde29
12139,2020-09-17 19:00:00+00:00,0.0,19.04364,uppsala,5f9fe38afd517828962fde29
12140,2020-09-17 20:00:00+00:00,0.0,19.04364,uppsala,5f9fe38afd517828962fde29
12141,2020-09-17 21:00:00+00:00,0.0,19.04364,uppsala,5f9fe38afd517828962fde29
12142,2020-09-17 22:00:00+00:00,0.0,19.04364,uppsala,5f9fe38afd517828962fde29
12143,2020-09-17 23:00:00+00:00,0.0,19.04364,uppsala,5f9fe38afd517828962fde29
12144,2020-09-18 00:00:00+00:00,0.0,19.04364,uppsala,5f9fe38afd517828962fde29
12145,2020-09-18 01:00:00+00:00,0.0,19.04364,uppsala,5f9fe38afd517828962fde29
12146,2020-09-18 02:00:00+00:00,0.0,19.04364,uppsala,5f9fe38afd517828962fde29
12147,2020-09-18 03:00:00+00:00,0.0,19.04364,uppsala,5f9fe38afd517828962fde29
12148,2020-09-18 04:00:00+00:00,0.0,19.04364,uppsala,5f9fe38afd517828962fde29
12149,2020-09-18 05:00:00+00:00,29.8,19.04364,uppsala,5f9fe38afd517828962fde29
12150,2020-09-18 06:00:00+00:00,114.5,19.04364,uppsala,5f9fe38afd517828962fde29
12151,2020-09-18 07:00:00+00:00,597.4,19.04364,uppsala,5f9fe38afd517828962fde29
12152,2020-09-18 08:00:00+00:00,692.8,19.04364,uppsala,5f9fe38afd517828962fde29
12153,2020-09-18 09:00:00+00:00,743.9,19.04364,uppsala,5f9fe38afd517828962fde29
12154,2020-09-18 10:00:00+00:00,758.7,19.04364,uppsala,5f9fe38afd517828962fde29
12155,2020-09-18 11:00:00+00:00,758.1,19.04364,uppsala,5f9fe38afd517828962fde29
12156,2020-09-18 12:00:00+00:00,756.6,19.04364,uppsala,5f9fe38afd517828962fde29
12157,2020-09-18 13:00:00+00:00,719.7,19.04364,uppsala,5f9fe38afd517828962fde29
12158,2020-09-18 14:00:00+00:00,650.8,19.04364,uppsala,5f9fe38afd517828962fde29
12159,2020-09-18 15:00:00+00:00,507.6,19.04364,uppsala,5f9fe38afd517828962fde29
12160,2020-09-18 16:00:00+00:00,294.8,19.04364,uppsala,5f9fe38afd517828962fde29
12161,2020-09-18 17:00:00+00:00,0.0,19.04364,uppsala,5f9fe38afd517828962fde29
12162,2020-09-18 18:00:00+00:00,0.0,19.04364,uppsala,5f9fe38afd517828962fde29
12163,2020-09-18 19:00:00+00:00,0.0,19.04364,uppsala,5f9fe38afd517828962fde29
12164,2020-09-18 20:00:00+00:00,0.0,19.04364,uppsala,5f9fe38afd517828962fde29
12165,2020-09-18 21:00:00+00:00,0.0,19.04364,uppsala,5f9fe38afd517828962fde29
12166,2020-09-18 22:00:00+00:00,0.0,19.04364,uppsala,5f9fe38afd517828962fde29
12167,2020-09-18 23:00:00+00:00,0.0,19.04364,uppsala,5f9fe38afd517828962fde29
12168,2020-09-19 00:00:00+00:00,0.0,19.04364,uppsala,5f9fe38afd517828962fde29
12169,2020-09-19 01:00:00+00:00,0.0,19.04364,uppsala,5f9fe38afd517828962fde29
12170,2020-09-19 02:00:00+00:00,0.0,19.04364,uppsala,5f9fe38afd517828962fde29
12171,2020-09-19 03:00:00+00:00,0.0,19.04364,uppsala,5f9fe38afd517828962fde29
12172,2020-09-19 04:00:00+00:00,0.0,19.04364,uppsala,5f9fe38afd517828962fde29
12173,2020-09-19 05:00:00+00:00,146.7,19.04364,uppsala,5f9fe38afd517828962fde29
12174,2020-09-19 06:00:00+00:00,484.0,19.04364,uppsala,5f9fe38afd517828962fde29
12175,2020-09-19 07:00:00+00:00,658.2,19.04364,uppsala,5f9fe38afd517828962fde29
12176,2020-09-19 08:00:00+00:00,746.7,19.04364,uppsala,5f9fe38afd517828962fde29
12177,2020-09-19 09:00:00+00:00,803.3,19.04364,uppsala,5f9fe38afd517828962fde29
12178,2020-09-19 10:00:00+00:00,838.4,19.04364,uppsala,5f9fe38afd517828962fde29
12179,2020-09-19 11:00:00+00:00,857.1,19.04364,uppsala,5f9fe38afd517828962fde29
12180,2020-09-19 12:00:00+00:00,848.1,19.04364,uppsala,5f9fe38afd517828962fde29
12181,2020-09-19 13:00:00+00:00,826.2,19.04364,uppsala,5f9fe38afd517828962fde29
12182,2020-09-19 14:00:00+00:00,779.4,19.04364,uppsala,5f9fe38afd517828962fde29
12183,2020-09-19 15:00:00+00:00,635.5,19.04364,uppsala,5f9fe38afd517828962fde29
12184,2020-09-19 16:00:00+00:00,375.2,19.04364,uppsala,5f9fe38afd517828962fde29
12185,2020-09-19 17:00:00+00:00,0.0,19.04364,uppsala,5f9fe38afd517828962fde29
12186,2020-09-19 18:00:00+00:00,0.0,19.04364,uppsala,5f9fe38afd517828962fde29
12187,2020-09-19 19:00:00+00:00,0.0,19.04364,uppsala,5f9fe38afd517828962fde29
12188,2020-09-19 20:00:00+00:00,0.0,19.04364,uppsala,5f9fe38afd517828962fde29
12189,2020-09-19 21:00:00+00:00,0.0,19.04364,uppsala,5f9fe38afd517828962fde29
12190,2020-09-19 22:00:00+00:00,0.0,19.04364,uppsala,5f9fe38afd517828962fde29
12191,2020-09-19 23:00:00+00:00,0.0,19.04364,uppsala,5f9fe38afd517828962fde29
12192,2020-09-20 00:00:00+00:00,0.0,19.04364,uppsala,5f9fe38afd517828962fde29
12193,2020-09-20 01:00:00+00:00,0.0,19.04364,uppsala,5f9fe38afd517828962fde29
12194,2020-09-20 02:00:00+00:00,0.0,19.04364,uppsala,5f9fe38afd517828962fde29
12195,2020-09-20 03:00:00+00:00,0.0,19.04364,uppsala,5f9fe38afd517828962fde29
12196,2020-09-20 04:00:00+00:00,0.0,19.04364,uppsala,5f9fe38afd517828962fde29
12197,2020-09-20 05:00:00+00:00,99.8,19.04364,uppsala,5f9fe38afd517828962fde29
12198,2020-09-20 06:00:00+00:00,382.2,19.04364,uppsala,5f9fe38afd517828962fde29
12199,2020-09-20 07:00:00+00:00,526.8,19.04364,uppsala,5f9fe38afd517828962fde29
12200,2020-09-20 08:00:00+00:00,266.4,19.04364,uppsala,5f9fe38afd517828962fde29
12201,2020-09-20 09:00:00+00:00,24.8,19.04364,uppsala,5f9fe38afd517828962fde29
12202,2020-09-20 10:00:00+00:00,147.5,19.04364,uppsala,5f9fe38afd517828962fde29
12203,2020-09-20 11:00:00+00:00,5.2,19.04364,uppsala,5f9fe38afd517828962fde29
12204,2020-09-20 12:00:00+00:00,3.7,19.04364,uppsala,5f9fe38afd517828962fde29
12205,2020-09-20 13:00:00+00:00,2.0,19.04364,uppsala,5f9fe38afd517828962fde29
12206,2020-09-20 14:00:00+00:00,0.0,19.04364,uppsala,5f9fe38afd517828962fde29
12207,2020-09-20 15:00:00+00:00,0.0,19.04364,uppsala,5f9fe38afd517828962fde29
12208,2020-09-20 16:00:00+00:00,0.0,19.04364,uppsala,5f9fe38afd517828962fde29
12209,2020-09-20 17:00:00+00:00,0.0,19.04364,uppsala,5f9fe38afd517828962fde29
12210,2020-09-20 18:00:00+00:00,0.0,19.04364,uppsala,5f9fe38afd517828962fde29
12211,2020-09-20 19:00:00+00:00,0.0,19.04364,uppsala,5f9fe38afd517828962fde29
12212,2020-09-20 20:00:00+00:00,0.0,19.04364,uppsala,5f9fe38afd517828962fde29
12213,2020-09-20 21:00:00+00:00,0.0,19.04364,uppsala,5f9fe38afd517828962fde29
12214,2020-09-20 22:00:00+00:00,0.0,19.04364,uppsala,5f9fe38afd517828962fde29
12215,2020-09-20 23:00:00+00:00,0.0,19.04364,uppsala,5f9fe38afd517828962fde29
12216,2020-09-21 00:00:00+00:00,0.0,19.04364,uppsala,5f9fe38afd517828962fde29
12217,2020-09-21 01:00:00+00:00,0.0,19.04364,uppsala,5f9fe38afd517828962fde29
12218,2020-09-21 02:00:00+00:00,0.0,19.04364,uppsala,5f9fe38afd517828962fde29
12219,2020-09-21 03:00:00+00:00,0.0,19.04364,uppsala,5f9fe38afd517828962fde29
12220,2020-09-21 04:00:00+00:00,0.0,19.04364,uppsala,5f9fe38afd517828962fde29
12221,2020-09-21 05:00:00+00:00,0.0,19.04364,uppsala,5f9fe38afd517828962fde29
12222,2020-09-21 06:00:00+00:00,0.0,19.04364,uppsala,5f9fe38afd517828962fde29
12223,2020-09-21 07:00:00+00:00,0.0,19.04364,uppsala,5f9fe38afd517828962fde29
12224,2020-09-21 08:00:00+00:00,0.0,19.04364,uppsala,5f9fe38afd517828962fde29
12225,2020-09-21 09:00:00+00:00,46.0,19.04364,uppsala,5f9fe38afd517828962fde29
12226,2020-09-21 10:00:00+00:00,375.0,19.04364,uppsala,5f9fe38afd517828962fde29
12227,2020-09-21 11:00:00+00:00,10.9,19.04364,uppsala,5f9fe38afd517828962fde29
12228,2020-09-21 12:00:00+00:00,8.5,19.04364,uppsala,5f9fe38afd517828962fde29
12229,2020-09-21 13:00:00+00:00,32.7,19.04364,uppsala,5f9fe38afd517828962fde29
12230,2020-09-21 14:00:00+00:00,0.0,19.04364,uppsala,5f9fe38afd517828962fde29
12231,2020-09-21 15:00:00+00:00,104.4,19.04364,uppsala,5f9fe38afd517828962fde29
12232,2020-09-21 16:00:00+00:00,0.0,19.04364,uppsala,5f9fe38afd517828962fde29
12233,2020-09-21 17:00:00+00:00,0.0,19.04364,uppsala,5f9fe38afd517828962fde29
12234,2020-09-21 18:00:00+00:00,0.0,19.04364,uppsala,5f9fe38afd517828962fde29
12235,2020-09-21 19:00:00+00:00,0.0,19.04364,uppsala,5f9fe38afd517828962fde29
12236,2020-09-21 20:00:00+00:00,0.0,19.04364,uppsala,5f9fe38afd517828962fde29
12237,2020-09-21 21:00:00+00:00,0.0,19.04364,uppsala,5f9fe38afd517828962fde29
12238,2020-09-21 22:00:00+00:00,0.0,19.04364,uppsala,5f9fe38afd517828962fde29
12239,2020-09-21 23:00:00+00:00,0.0,19.04364,uppsala,5f9fe38afd517828962fde29
12240,2020-09-22 00:00:00+00:00,0.0,19.04364,uppsala,5f9fe38afd517828962fde29
12241,2020-09-22 01:00:00+00:00,0.0,19.04364,uppsala,5f9fe38afd517828962fde29
12242,2020-09-22 02:00:00+00:00,0.0,19.04364,uppsala,5f9fe38afd517828962fde29
12243,2020-09-22 03:00:00+00:00,0.0,19.04364,uppsala,5f9fe38afd517828962fde29
12244,2020-09-22 04:00:00+00:00,0.0,19.04364,uppsala,5f9fe38afd517828962fde29
12245,2020-09-22 05:00:00+00:00,0.0,19.04364,uppsala,5f9fe38afd517828962fde29
12246,2020-09-22 06:00:00+00:00,0.0,19.04364,uppsala,5f9fe38afd517828962fde29
12247,2020-09-22 07:00:00+00:00,69.3,19.04364,uppsala,5f9fe38afd517828962fde29
12248,2020-09-22 08:00:00+00:00,0.0,19.04364,uppsala,5f9fe38afd517828962fde29
12249,2020-09-22 09:00:00+00:00,7.2,19.04364,uppsala,5f9fe38afd517828962fde29
12250,2020-09-22 10:00:00+00:00,584.5,19.04364,uppsala,5f9fe38afd517828962fde29
12251,2020-09-22 11:00:00+00:00,599.9,19.04364,uppsala,5f9fe38afd517828962fde29
12252,2020-09-22 12:00:00+00:00,596.8,19.04364,uppsala,5f9fe38afd517828962fde29
12253,2020-09-22 13:00:00+00:00,565.9,19.04364,uppsala,5f9fe38afd517828962fde29
12254,2020-09-22 14:00:00+00:00,374.0,19.04364,uppsala,5f9fe38afd517828962fde29
12255,2020-09-22 15:00:00+00:00,100.8,19.04364,uppsala,5f9fe38afd517828962fde29
12256,2020-09-22 16:00:00+00:00,0.0,19.04364,uppsala,5f9fe38afd517828962fde29
12257,2020-09-22 17:00:00+00:00,0.0,19.04364,uppsala,5f9fe38afd517828962fde29
12258,2020-09-22 18:00:00+00:00,0.0,19.04364,uppsala,5f9fe38afd517828962fde29
12259,2020-09-22 19:00:00+00:00,0.0,19.04364,uppsala,5f9fe38afd517828962fde29
12260,2020-09-22 20:00:00+00:00,0.0,19.04364,uppsala,5f9fe38afd517828962fde29
12261,2020-09-22 21:00:00+00:00,0.0,19.04364,uppsala,5f9fe38afd517828962fde29
12262,2020-09-22 22:00:00+00:00,0.0,19.04364,uppsala,5f9fe38afd517828962fde29
12263,2020-09-22 23:00:00+00:00,0.0,19.04364,uppsala,5f9fe38afd517828962fde29
12264,2020-09-23 00:00:00+00:00,0.0,19.04364,uppsala,5f9fe38afd517828962fde29
12265,2020-09-23 01:00:00+00:00,0.0,19.04364,uppsala,5f9fe38afd517828962fde29
12266,2020-09-23 02:00:00+00:00,0.0,19.04364,uppsala,5f9fe38afd517828962fde29
12267,2020-09-23 03:00:00+00:00,0.0,19.04364,uppsala,5f9fe38afd517828962fde29
12268,2020-09-23 04:00:00+00:00,0.0,19.04364,uppsala,5f9fe38afd517828962fde29
12269,2020-09-23 05:00:00+00:00,0.0,19.04364,uppsala,5f9fe38afd517828962fde29
12270,2020-09-23 06:00:00+00:00,17.0,19.04364,uppsala,5f9fe38afd517828962fde29
12271,2020-09-23 07:00:00+00:00,1.6,19.04364,uppsala,5f9fe38afd517828962fde29
12272,2020-09-23 08:00:00+00:00,4.1,19.04364,uppsala,5f9fe38afd517828962fde29
12273,2020-09-23 09:00:00+00:00,5.5,19.04364,uppsala,5f9fe38afd517828962fde29
12274,2020-09-23 10:00:00+00:00,715.2,19.04364,uppsala,5f9fe38afd517828962fde29
12275,2020-09-23 11:00:00+00:00,700.5,19.04364,uppsala,5f9fe38afd517828962fde29
12276,2020-09-23 12:00:00+00:00,657.1,19.04364,uppsala,5f9fe38afd517828962fde29
12277,2020-09-23 13:00:00+00:00,609.7,19.04364,uppsala,5f9fe38afd517828962fde29
12278,2020-09-23 14:00:00+00:00,528.5,19.04364,uppsala,5f9fe38afd517828962fde29
12279,2020-09-23 15:00:00+00:00,394.8,19.04364,uppsala,5f9fe38afd517828962fde29
12280,2020-09-23 16:00:00+00:00,129.0,19.04364,uppsala,5f9fe38afd517828962fde29
12281,2020-09-23 17:00:00+00:00,0.0,19.04364,uppsala,5f9fe38afd517828962fde29
12282,2020-09-23 18:00:00+00:00,0.0,19.04364,uppsala,5f9fe38afd517828962fde29
12283,2020-09-23 19:00:00+00:00,0.0,19.04364,uppsala,5f9fe38afd517828962fde29
12284,2020-09-23 20:00:00+00:00,0.0,19.04364,uppsala,5f9fe38afd517828962fde29
12285,2020-09-23 21:00:00+00:00,0.0,19.04364,uppsala,5f9fe38afd517828962fde29
12286,2020-09-23 22:00:00+00:00,0.0,19.04364,uppsala,5f9fe38afd517828962fde29
12287,2020-09-23 23:00:00+00:00,0.0,19.04364,uppsala,5f9fe38afd517828962fde29
12288,2020-09-24 00:00:00+00:00,0.0,19.04364,uppsala,5f9fe38afd517828962fde29
12289,2020-09-24 01:00:00+00:00,0.0,19.04364,uppsala,5f9fe38afd517828962fde29
12290,2020-09-24 02:00:00+00:00,0.0,19.04364,uppsala,5f9fe38afd517828962fde29
12291,2020-09-24 03:00:00+00:00,0.0,19.04364,uppsala,5f9fe38afd517828962fde29
12292,2020-09-24 04:00:00+00:00,0.0,19.04364,uppsala,5f9fe38afd517828962fde29
12293,2020-09-24 05:00:00+00:00,22.1,19.04364,uppsala,5f9fe38afd517828962fde29
12294,2020-09-24 06:00:00+00:00,309.9,19.04364,uppsala,5f9fe38afd517828962fde29
12295,2020-09-24 07:00:00+00:00,427.2,19.04364,uppsala,5f9fe38afd517828962fde29
12296,2020-09-24 08:00:00+00:00,194.6,19.04364,uppsala,5f9fe38afd517828962fde29
12297,2020-09-24 09:00:00+00:00,552.3,19.04364,uppsala,5f9fe38afd517828962fde29
12298,2020-09-24 10:00:00+00:00,5.7,19.04364,uppsala,5f9fe38afd517828962fde29
12299,2020-09-24 11:00:00+00:00,708.8,19.04364,uppsala,5f9fe38afd517828962fde29
12300,2020-09-24 12:00:00+00:00,688.8,19.04364,uppsala,5f9fe38afd517828962fde29
12301,2020-09-24 13:00:00+00:00,557.1,19.04364,uppsala,5f9fe38afd517828962fde29
12302,2020-09-24 14:00:00+00:00,1.0,19.04364,uppsala,5f9fe38afd517828962fde29
12303,2020-09-24 15:00:00+00:00,0.30000000000000004,19.04364,uppsala,5f9fe38afd517828962fde29
12304,2020-09-24 16:00:00+00:00,0.0,19.04364,uppsala,5f9fe38afd517828962fde29
12305,2020-09-24 17:00:00+00:00,0.0,19.04364,uppsala,5f9fe38afd517828962fde29
12306,2020-09-24 18:00:00+00:00,0.0,19.04364,uppsala,5f9fe38afd517828962fde29
12307,2020-09-24 19:00:00+00:00,0.0,19.04364,uppsala,5f9fe38afd517828962fde29
12308,2020-09-24 20:00:00+00:00,0.0,19.04364,uppsala,5f9fe38afd517828962fde29
12309,2020-09-24 21:00:00+00:00,0.0,19.04364,uppsala,5f9fe38afd517828962fde29
12310,2020-09-24 22:00:00+00:00,0.0,19.04364,uppsala,5f9fe38afd517828962fde29
12311,2020-09-24 23:00:00+00:00,0.0,19.04364,uppsala,5f9fe38afd517828962fde29
12312,2020-09-25 00:00:00+00:00,0.0,19.04364,uppsala,5f9fe38afd517828962fde29
12313,2020-09-25 01:00:00+00:00,0.0,19.04364,uppsala,5f9fe38afd517828962fde29
12314,2020-09-25 02:00:00+00:00,0.0,19.04364,uppsala,5f9fe38afd517828962fde29
12315,2020-09-25 03:00:00+00:00,0.0,19.04364,uppsala,5f9fe38afd517828962fde29
12316,2020-09-25 04:00:00+00:00,0.0,19.04364,uppsala,5f9fe38afd517828962fde29
12317,2020-09-25 05:00:00+00:00,58.0,19.04364,uppsala,5f9fe38afd517828962fde29
12318,2020-09-25 06:00:00+00:00,0.0,19.04364,uppsala,5f9fe38afd517828962fde29
12319,2020-09-25 07:00:00+00:00,432.7,19.04364,uppsala,5f9fe38afd517828962fde29
12320,2020-09-25 08:00:00+00:00,650.7,19.04364,uppsala,5f9fe38afd517828962fde29
12321,2020-09-25 09:00:00+00:00,529.4,19.04364,uppsala,5f9fe38afd517828962fde29
12322,2020-09-25 10:00:00+00:00,800.8,19.04364,uppsala,5f9fe38afd517828962fde29
12323,2020-09-25 11:00:00+00:00,696.2,19.04364,uppsala,5f9fe38afd517828962fde29
12324,2020-09-25 12:00:00+00:00,8.0,19.04364,uppsala,5f9fe38afd517828962fde29
12325,2020-09-25 13:00:00+00:00,742.0,19.04364,uppsala,5f9fe38afd517828962fde29
12326,2020-09-25 14:00:00+00:00,636.4,19.04364,uppsala,5f9fe38afd517828962fde29
12327,2020-09-25 15:00:00+00:00,1.6,19.04364,uppsala,5f9fe38afd517828962fde29
12328,2020-09-25 16:00:00+00:00,6.8,19.04364,uppsala,5f9fe38afd517828962fde29
12329,2020-09-25 17:00:00+00:00,0.0,19.04364,uppsala,5f9fe38afd517828962fde29
12330,2020-09-25 18:00:00+00:00,0.0,19.04364,uppsala,5f9fe38afd517828962fde29
12331,2020-09-25 19:00:00+00:00,0.0,19.04364,uppsala,5f9fe38afd517828962fde29
12332,2020-09-25 20:00:00+00:00,0.0,19.04364,uppsala,5f9fe38afd517828962fde29
12333,2020-09-25 21:00:00+00:00,0.0,19.04364,uppsala,5f9fe38afd517828962fde29
12334,2020-09-25 22:00:00+00:00,0.0,19.04364,uppsala,5f9fe38afd517828962fde29
12335,2020-09-25 23:00:00+00:00,0.0,19.04364,uppsala,5f9fe38afd517828962fde29
12336,2020-09-26 00:00:00+00:00,0.0,19.04364,uppsala,5f9fe38afd517828962fde29
12337,2020-09-26 01:00:00+00:00,0.0,19.04364,uppsala,5f9fe38afd517828962fde29
12338,2020-09-26 02:00:00+00:00,0.0,19.04364,uppsala,5f9fe38afd517828962fde29
12339,2020-09-26 03:00:00+00:00,0.0,19.04364,uppsala,5f9fe38afd517828962fde29
12340,2020-09-26 04:00:00+00:00,0.0,19.04364,uppsala,5f9fe38afd517828962fde29
12341,2020-09-26 05:00:00+00:00,0.0,19.04364,uppsala,5f9fe38afd517828962fde29
12342,2020-09-26 06:00:00+00:00,0.0,19.04364,uppsala,5f9fe38afd517828962fde29
12343,2020-09-26 07:00:00+00:00,0.0,19.04364,uppsala,5f9fe38afd517828962fde29
12344,2020-09-26 08:00:00+00:00,66.2,19.04364,uppsala,5f9fe38afd517828962fde29
12345,2020-09-26 09:00:00+00:00,95.8,19.04364,uppsala,5f9fe38afd517828962fde29
12346,2020-09-26 10:00:00+00:00,4.5,19.04364,uppsala,5f9fe38afd517828962fde29
12347,2020-09-26 11:00:00+00:00,22.5,19.04364,uppsala,5f9fe38afd517828962fde29
12348,2020-09-26 12:00:00+00:00,28.0,19.04364,uppsala,5f9fe38afd517828962fde29
12349,2020-09-26 13:00:00+00:00,3.0,19.04364,uppsala,5f9fe38afd517828962fde29
12350,2020-09-26 14:00:00+00:00,8.0,19.04364,uppsala,5f9fe38afd517828962fde29
12351,2020-09-26 15:00:00+00:00,0.0,19.04364,uppsala,5f9fe38afd517828962fde29
12352,2020-09-26 16:00:00+00:00,0.0,19.04364,uppsala,5f9fe38afd517828962fde29
12353,2020-09-26 17:00:00+00:00,0.0,19.04364,uppsala,5f9fe38afd517828962fde29
12354,2020-09-26 18:00:00+00:00,0.0,19.04364,uppsala,5f9fe38afd517828962fde29
12355,2020-09-26 19:00:00+00:00,0.0,19.04364,uppsala,5f9fe38afd517828962fde29
12356,2020-09-26 20:00:00+00:00,0.0,19.04364,uppsala,5f9fe38afd517828962fde29
12357,2020-09-26 21:00:00+00:00,0.0,19.04364,uppsala,5f9fe38afd517828962fde29
12358,2020-09-26 22:00:00+00:00,0.0,19.04364,uppsala,5f9fe38afd517828962fde29
12359,2020-09-26 23:00:00+00:00,0.0,19.04364,uppsala,5f9fe38afd517828962fde29
12360,2020-09-27 00:00:00+00:00,0.0,19.04364,uppsala,5f9fe38afd517828962fde29
12361,2020-09-27 01:00:00+00:00,0.0,19.04364,uppsala,5f9fe38afd517828962fde29
12362,2020-09-27 02:00:00+00:00,0.0,19.04364,uppsala,5f9fe38afd517828962fde29
12363,2020-09-27 03:00:00+00:00,0.0,19.04364,uppsala,5f9fe38afd517828962fde29
12364,2020-09-27 04:00:00+00:00,0.0,19.04364,uppsala,5f9fe38afd517828962fde29
12365,2020-09-27 05:00:00+00:00,0.0,19.04364,uppsala,5f9fe38afd517828962fde29
12366,2020-09-27 06:00:00+00:00,0.0,19.04364,uppsala,5f9fe38afd517828962fde29
12367,2020-09-27 07:00:00+00:00,26.6,19.04364,uppsala,5f9fe38afd517828962fde29
12368,2020-09-27 08:00:00+00:00,64.9,19.04364,uppsala,5f9fe38afd517828962fde29
12369,2020-09-27 09:00:00+00:00,29.4,19.04364,uppsala,5f9fe38afd517828962fde29
12370,2020-09-27 10:00:00+00:00,10.9,19.04364,uppsala,5f9fe38afd517828962fde29
12371,2020-09-27 11:00:00+00:00,44.3,19.04364,uppsala,5f9fe38afd517828962fde29
12372,2020-09-27 12:00:00+00:00,74.9,19.04364,uppsala,5f9fe38afd517828962fde29
12373,2020-09-27 13:00:00+00:00,84.7,19.04364,uppsala,5f9fe38afd517828962fde29
12374,2020-09-27 14:00:00+00:00,0.0,19.04364,uppsala,5f9fe38afd517828962fde29
12375,2020-09-27 15:00:00+00:00,110.7,19.04364,uppsala,5f9fe38afd517828962fde29
12376,2020-09-27 16:00:00+00:00,23.9,19.04364,uppsala,5f9fe38afd517828962fde29
12377,2020-09-27 17:00:00+00:00,0.0,19.04364,uppsala,5f9fe38afd517828962fde29
12378,2020-09-27 18:00:00+00:00,0.0,19.04364,uppsala,5f9fe38afd517828962fde29
12379,2020-09-27 19:00:00+00:00,0.0,19.04364,uppsala,5f9fe38afd517828962fde29
12380,2020-09-27 20:00:00+00:00,0.0,19.04364,uppsala,5f9fe38afd517828962fde29
12381,2020-09-27 21:00:00+00:00,0.0,19.04364,uppsala,5f9fe38afd517828962fde29
12382,2020-09-27 22:00:00+00:00,0.0,19.04364,uppsala,5f9fe38afd517828962fde29
12383,2020-09-27 23:00:00+00:00,0.0,19.04364,uppsala,5f9fe38afd517828962fde29
12384,2020-09-28 00:00:00+00:00,0.0,19.04364,uppsala,5f9fe38afd517828962fde29
12385,2020-09-28 01:00:00+00:00,0.0,19.04364,uppsala,5f9fe38afd517828962fde29
12386,2020-09-28 02:00:00+00:00,0.0,19.04364,uppsala,5f9fe38afd517828962fde29
12387,2020-09-28 03:00:00+00:00,0.0,19.04364,uppsala,5f9fe38afd517828962fde29
12388,2020-09-28 04:00:00+00:00,0.0,19.04364,uppsala,5f9fe38afd517828962fde29
12389,2020-09-28 05:00:00+00:00,0.0,19.04364,uppsala,5f9fe38afd517828962fde29
12390,2020-09-28 06:00:00+00:00,55.3,19.04364,uppsala,5f9fe38afd517828962fde29
12391,2020-09-28 07:00:00+00:00,15.0,19.04364,uppsala,5f9fe38afd517828962fde29
12392,2020-09-28 08:00:00+00:00,0.2,19.04364,uppsala,5f9fe38afd517828962fde29
12393,2020-09-28 09:00:00+00:00,51.3,19.04364,uppsala,5f9fe38afd517828962fde29
12394,2020-09-28 10:00:00+00:00,8.6,19.04364,uppsala,5f9fe38afd517828962fde29
12395,2020-09-28 11:00:00+00:00,16.5,19.04364,uppsala,5f9fe38afd517828962fde29
12396,2020-09-28 12:00:00+00:00,17.2,19.04364,uppsala,5f9fe38afd517828962fde29
12397,2020-09-28 13:00:00+00:00,31.5,19.04364,uppsala,5f9fe38afd517828962fde29
12398,2020-09-28 14:00:00+00:00,3.9,19.04364,uppsala,5f9fe38afd517828962fde29
12399,2020-09-28 15:00:00+00:00,0.0,19.04364,uppsala,5f9fe38afd517828962fde29
12400,2020-09-28 16:00:00+00:00,0.1,19.04364,uppsala,5f9fe38afd517828962fde29
12401,2020-09-28 17:00:00+00:00,0.0,19.04364,uppsala,5f9fe38afd517828962fde29
12402,2020-09-28 18:00:00+00:00,0.0,19.04364,uppsala,5f9fe38afd517828962fde29
12403,2020-09-28 19:00:00+00:00,0.0,19.04364,uppsala,5f9fe38afd517828962fde29
12404,2020-09-28 20:00:00+00:00,0.0,19.04364,uppsala,5f9fe38afd517828962fde29
12405,2020-09-28 21:00:00+00:00,0.0,19.04364,uppsala,5f9fe38afd517828962fde29
12406,2020-09-28 22:00:00+00:00,0.0,19.04364,uppsala,5f9fe38afd517828962fde29
12407,2020-09-28 23:00:00+00:00,0.0,19.04364,uppsala,5f9fe38afd517828962fde29
12408,2020-09-29 00:00:00+00:00,0.0,19.04364,uppsala,5f9fe38afd517828962fde29
12409,2020-09-29 01:00:00+00:00,0.0,19.04364,uppsala,5f9fe38afd517828962fde29
12410,2020-09-29 02:00:00+00:00,0.0,19.04364,uppsala,5f9fe38afd517828962fde29
12411,2020-09-29 03:00:00+00:00,0.0,19.04364,uppsala,5f9fe38afd517828962fde29
12412,2020-09-29 04:00:00+00:00,0.0,19.04364,uppsala,5f9fe38afd517828962fde29
12413,2020-09-29 05:00:00+00:00,0.0,19.04364,uppsala,5f9fe38afd517828962fde29
12414,2020-09-29 06:00:00+00:00,0.0,19.04364,uppsala,5f9fe38afd517828962fde29
12415,2020-09-29 07:00:00+00:00,0.0,19.04364,uppsala,5f9fe38afd517828962fde29
12416,2020-09-29 08:00:00+00:00,3.2,19.04364,uppsala,5f9fe38afd517828962fde29
12417,2020-09-29 09:00:00+00:00,4.2,19.04364,uppsala,5f9fe38afd517828962fde29
12418,2020-09-29 10:00:00+00:00,5.3,19.04364,uppsala,5f9fe38afd517828962fde29
12419,2020-09-29 11:00:00+00:00,5.5,19.04364,uppsala,5f9fe38afd517828962fde29
12420,2020-09-29 12:00:00+00:00,5.1,19.04364,uppsala,5f9fe38afd517828962fde29
12421,2020-09-29 13:00:00+00:00,4.0,19.04364,uppsala,5f9fe38afd517828962fde29
12422,2020-09-29 14:00:00+00:00,2.3,19.04364,uppsala,5f9fe38afd517828962fde29
12423,2020-09-29 15:00:00+00:00,0.4,19.04364,uppsala,5f9fe38afd517828962fde29
12424,2020-09-29 16:00:00+00:00,0.0,19.04364,uppsala,5f9fe38afd517828962fde29
12425,2020-09-29 17:00:00+00:00,0.0,19.04364,uppsala,5f9fe38afd517828962fde29
12426,2020-09-29 18:00:00+00:00,0.0,19.04364,uppsala,5f9fe38afd517828962fde29
12427,2020-09-29 19:00:00+00:00,0.0,19.04364,uppsala,5f9fe38afd517828962fde29
12428,2020-09-29 20:00:00+00:00,0.0,19.04364,uppsala,5f9fe38afd517828962fde29
12429,2020-09-29 21:00:00+00:00,0.0,19.04364,uppsala,5f9fe38afd517828962fde29
12430,2020-09-29 22:00:00+00:00,0.0,19.04364,uppsala,5f9fe38afd517828962fde29
12431,2020-09-29 23:00:00+00:00,0.0,19.04364,uppsala,5f9fe38afd517828962fde29
12432,2020-09-30 00:00:00+00:00,0.0,19.04364,uppsala,5f9fe38afd517828962fde29
12433,2020-09-30 01:00:00+00:00,0.0,19.04364,uppsala,5f9fe38afd517828962fde29
12434,2020-09-30 02:00:00+00:00,0.0,19.04364,uppsala,5f9fe38afd517828962fde29
12435,2020-09-30 03:00:00+00:00,0.0,19.04364,uppsala,5f9fe38afd517828962fde29
12436,2020-09-30 04:00:00+00:00,0.0,19.04364,uppsala,5f9fe38afd517828962fde29
12437,2020-09-30 05:00:00+00:00,0.0,19.04364,uppsala,5f9fe38afd517828962fde29
12438,2020-09-30 06:00:00+00:00,247.0,19.04364,uppsala,5f9fe38afd517828962fde29
12439,2020-09-30 07:00:00+00:00,2.2,19.04364,uppsala,5f9fe38afd517828962fde29
12440,2020-09-30 08:00:00+00:00,7.3,19.04364,uppsala,5f9fe38afd517828962fde29
12441,2020-09-30 09:00:00+00:00,7.0,19.04364,uppsala,5f9fe38afd517828962fde29
12442,2020-09-30 10:00:00+00:00,153.5,19.04364,uppsala,5f9fe38afd517828962fde29
12443,2020-09-30 11:00:00+00:00,609.7,19.04364,uppsala,5f9fe38afd517828962fde29
12444,2020-09-30 12:00:00+00:00,791.3,19.04364,uppsala,5f9fe38afd517828962fde29
12445,2020-09-30 13:00:00+00:00,703.5,19.04364,uppsala,5f9fe38afd517828962fde29
12446,2020-09-30 14:00:00+00:00,427.0,19.04364,uppsala,5f9fe38afd517828962fde29
12447,2020-09-30 15:00:00+00:00,388.2,19.04364,uppsala,5f9fe38afd517828962fde29
12448,2020-09-30 16:00:00+00:00,1.1,19.04364,uppsala,5f9fe38afd517828962fde29
12449,2020-09-30 17:00:00+00:00,0.0,19.04364,uppsala,5f9fe38afd517828962fde29
12450,2020-09-30 18:00:00+00:00,0.0,19.04364,uppsala,5f9fe38afd517828962fde29
12451,2020-09-30 19:00:00+00:00,0.0,19.04364,uppsala,5f9fe38afd517828962fde29
12452,2020-09-30 20:00:00+00:00,0.0,19.04364,uppsala,5f9fe38afd517828962fde29
12453,2020-09-30 21:00:00+00:00,0.0,19.04364,uppsala,5f9fe38afd517828962fde29
12454,2020-09-30 22:00:00+00:00,0.0,19.04364,uppsala,5f9fe38afd517828962fde29
12455,2020-09-30 23:00:00+00:00,0.0,19.04364,uppsala,5f9fe38afd517828962fde29
12456,2020-10-01 00:00:00+00:00,0.0,19.04364,uppsala,5f9fe38afd517828962fde29
12457,2020-10-01 01:00:00+00:00,0.0,19.04364,uppsala,5f9fe38afd517828962fde29
12458,2020-10-01 02:00:00+00:00,0.0,19.04364,uppsala,5f9fe38afd517828962fde29
12459,2020-10-01 03:00:00+00:00,0.0,19.04364,uppsala,5f9fe38afd517828962fde29
12460,2020-10-01 04:00:00+00:00,0.0,19.04364,uppsala,5f9fe38afd517828962fde29
12461,2020-10-01 05:00:00+00:00,0.0,19.04364,uppsala,5f9fe38afd517828962fde29
12462,2020-10-01 06:00:00+00:00,169.8,19.04364,uppsala,5f9fe38afd517828962fde29
12463,2020-10-01 07:00:00+00:00,2.4,19.04364,uppsala,5f9fe38afd517828962fde29
12464,2020-10-01 08:00:00+00:00,4.5,19.04364,uppsala,5f9fe38afd517828962fde29
12465,2020-10-01 09:00:00+00:00,6.2,19.04364,uppsala,5f9fe38afd517828962fde29
12466,2020-10-01 10:00:00+00:00,10.9,19.04364,uppsala,5f9fe38afd517828962fde29
12467,2020-10-01 11:00:00+00:00,6.2,19.04364,uppsala,5f9fe38afd517828962fde29
12468,2020-10-01 12:00:00+00:00,5.5,19.04364,uppsala,5f9fe38afd517828962fde29
12469,2020-10-01 13:00:00+00:00,3.4,19.04364,uppsala,5f9fe38afd517828962fde29
12470,2020-10-01 14:00:00+00:00,18.5,19.04364,uppsala,5f9fe38afd517828962fde29
12471,2020-10-01 15:00:00+00:00,0.0,19.04364,uppsala,5f9fe38afd517828962fde29
12472,2020-10-01 16:00:00+00:00,0.0,19.04364,uppsala,5f9fe38afd517828962fde29
12473,2020-10-01 17:00:00+00:00,0.0,19.04364,uppsala,5f9fe38afd517828962fde29
12474,2020-10-01 18:00:00+00:00,0.0,19.04364,uppsala,5f9fe38afd517828962fde29
12475,2020-10-01 19:00:00+00:00,0.0,19.04364,uppsala,5f9fe38afd517828962fde29
12476,2020-10-01 20:00:00+00:00,0.0,19.04364,uppsala,5f9fe38afd517828962fde29
12477,2020-10-01 21:00:00+00:00,0.0,19.04364,uppsala,5f9fe38afd517828962fde29
12478,2020-10-01 22:00:00+00:00,0.0,19.04364,uppsala,5f9fe38afd517828962fde29
12479,2020-10-01 23:00:00+00:00,0.0,19.04364,uppsala,5f9fe38afd517828962fde29
12480,2020-10-02 00:00:00+00:00,0.0,19.04364,uppsala,5f9fe38afd517828962fde29
12481,2020-10-02 01:00:00+00:00,0.0,19.04364,uppsala,5f9fe38afd517828962fde29
12482,2020-10-02 02:00:00+00:00,0.0,19.04364,uppsala,5f9fe38afd517828962fde29
12483,2020-10-02 03:00:00+00:00,0.0,19.04364,uppsala,5f9fe38afd517828962fde29
12484,2020-10-02 04:00:00+00:00,0.0,19.04364,uppsala,5f9fe38afd517828962fde29
12485,2020-10-02 05:00:00+00:00,0.0,19.04364,uppsala,5f9fe38afd517828962fde29
12486,2020-10-02 06:00:00+00:00,81.9,19.04364,uppsala,5f9fe38afd517828962fde29
12487,2020-10-02 07:00:00+00:00,0.0,19.04364,uppsala,5f9fe38afd517828962fde29
12488,2020-10-02 08:00:00+00:00,1.2,19.04364,uppsala,5f9fe38afd517828962fde29
12489,2020-10-02 09:00:00+00:00,119.5,19.04364,uppsala,5f9fe38afd517828962fde29
12490,2020-10-02 10:00:00+00:00,418.2,19.04364,uppsala,5f9fe38afd517828962fde29
12491,2020-10-02 11:00:00+00:00,541.2,19.04364,uppsala,5f9fe38afd517828962fde29
12492,2020-10-02 12:00:00+00:00,597.3,19.04364,uppsala,5f9fe38afd517828962fde29
12493,2020-10-02 13:00:00+00:00,523.2,19.04364,uppsala,5f9fe38afd517828962fde29
12494,2020-10-02 14:00:00+00:00,410.8,19.04364,uppsala,5f9fe38afd517828962fde29
12495,2020-10-02 15:00:00+00:00,150.8,19.04364,uppsala,5f9fe38afd517828962fde29
12496,2020-10-02 16:00:00+00:00,0.0,19.04364,uppsala,5f9fe38afd517828962fde29
12497,2020-10-02 17:00:00+00:00,0.0,19.04364,uppsala,5f9fe38afd517828962fde29
12498,2020-10-02 18:00:00+00:00,0.0,19.04364,uppsala,5f9fe38afd517828962fde29
12499,2020-10-02 19:00:00+00:00,0.0,19.04364,uppsala,5f9fe38afd517828962fde29
12500,2020-10-02 20:00:00+00:00,0.0,19.04364,uppsala,5f9fe38afd517828962fde29
12501,2020-10-02 21:00:00+00:00,0.0,19.04364,uppsala,5f9fe38afd517828962fde29
12502,2020-10-02 22:00:00+00:00,0.0,19.04364,uppsala,5f9fe38afd517828962fde29
12503,2020-10-02 23:00:00+00:00,0.0,19.04364,uppsala,5f9fe38afd517828962fde29
12504,2020-10-03 00:00:00+00:00,0.0,19.04364,uppsala,5f9fe38afd517828962fde29
12505,2020-10-03 01:00:00+00:00,0.0,19.04364,uppsala,5f9fe38afd517828962fde29
12506,2020-10-03 02:00:00+00:00,0.0,19.04364,uppsala,5f9fe38afd517828962fde29
12507,2020-10-03 03:00:00+00:00,0.0,19.04364,uppsala,5f9fe38afd517828962fde29
12508,2020-10-03 04:00:00+00:00,0.0,19.04364,uppsala,5f9fe38afd517828962fde29
12509,2020-10-03 05:00:00+00:00,0.0,19.04364,uppsala,5f9fe38afd517828962fde29
12510,2020-10-03 06:00:00+00:00,39.1,19.04364,uppsala,5f9fe38afd517828962fde29
12511,2020-10-03 07:00:00+00:00,67.9,19.04364,uppsala,5f9fe38afd517828962fde29
12512,2020-10-03 08:00:00+00:00,0.5,19.04364,uppsala,5f9fe38afd517828962fde29
12513,2020-10-03 09:00:00+00:00,35.2,19.04364,uppsala,5f9fe38afd517828962fde29
12514,2020-10-03 10:00:00+00:00,77.4,19.04364,uppsala,5f9fe38afd517828962fde29
12515,2020-10-03 11:00:00+00:00,35.3,19.04364,uppsala,5f9fe38afd517828962fde29
12516,2020-10-03 12:00:00+00:00,9.3,19.04364,uppsala,5f9fe38afd517828962fde29
12517,2020-10-03 13:00:00+00:00,29.6,19.04364,uppsala,5f9fe38afd517828962fde29
12518,2020-10-03 14:00:00+00:00,16.4,19.04364,uppsala,5f9fe38afd517828962fde29
12519,2020-10-03 15:00:00+00:00,0.8,19.04364,uppsala,5f9fe38afd517828962fde29
12520,2020-10-03 16:00:00+00:00,0.0,19.04364,uppsala,5f9fe38afd517828962fde29
12521,2020-10-03 17:00:00+00:00,0.0,19.04364,uppsala,5f9fe38afd517828962fde29
12522,2020-10-03 18:00:00+00:00,0.0,19.04364,uppsala,5f9fe38afd517828962fde29
12523,2020-10-03 19:00:00+00:00,0.0,19.04364,uppsala,5f9fe38afd517828962fde29
12524,2020-10-03 20:00:00+00:00,0.0,19.04364,uppsala,5f9fe38afd517828962fde29
12525,2020-10-03 21:00:00+00:00,0.0,19.04364,uppsala,5f9fe38afd517828962fde29
12526,2020-10-03 22:00:00+00:00,0.0,19.04364,uppsala,5f9fe38afd517828962fde29
12527,2020-10-03 23:00:00+00:00,0.0,19.04364,uppsala,5f9fe38afd517828962fde29
12528,2020-10-04 00:00:00+00:00,0.0,19.04364,uppsala,5f9fe38afd517828962fde29
12529,2020-10-04 01:00:00+00:00,0.0,19.04364,uppsala,5f9fe38afd517828962fde29
12530,2020-10-04 02:00:00+00:00,0.0,19.04364,uppsala,5f9fe38afd517828962fde29
12531,2020-10-04 03:00:00+00:00,0.0,19.04364,uppsala,5f9fe38afd517828962fde29
12532,2020-10-04 04:00:00+00:00,0.0,19.04364,uppsala,5f9fe38afd517828962fde29
12533,2020-10-04 05:00:00+00:00,0.0,19.04364,uppsala,5f9fe38afd517828962fde29
12534,2020-10-04 06:00:00+00:00,0.0,19.04364,uppsala,5f9fe38afd517828962fde29
12535,2020-10-04 07:00:00+00:00,0.0,19.04364,uppsala,5f9fe38afd517828962fde29
12536,2020-10-04 08:00:00+00:00,1.0,19.04364,uppsala,5f9fe38afd517828962fde29
12537,2020-10-04 09:00:00+00:00,3.6,19.04364,uppsala,5f9fe38afd517828962fde29
12538,2020-10-04 10:00:00+00:00,4.9,19.04364,uppsala,5f9fe38afd517828962fde29
12539,2020-10-04 11:00:00+00:00,4.7,19.04364,uppsala,5f9fe38afd517828962fde29
12540,2020-10-04 12:00:00+00:00,3.2,19.04364,uppsala,5f9fe38afd517828962fde29
12541,2020-10-04 13:00:00+00:00,1.0,19.04364,uppsala,5f9fe38afd517828962fde29
12542,2020-10-04 14:00:00+00:00,0.0,19.04364,uppsala,5f9fe38afd517828962fde29
12543,2020-10-04 15:00:00+00:00,0.9,19.04364,uppsala,5f9fe38afd517828962fde29
12544,2020-10-04 16:00:00+00:00,0.0,19.04364,uppsala,5f9fe38afd517828962fde29
12545,2020-10-04 17:00:00+00:00,0.0,19.04364,uppsala,5f9fe38afd517828962fde29
12546,2020-10-04 18:00:00+00:00,0.0,19.04364,uppsala,5f9fe38afd517828962fde29
12547,2020-10-04 19:00:00+00:00,0.0,19.04364,uppsala,5f9fe38afd517828962fde29
12548,2020-10-04 20:00:00+00:00,0.0,19.04364,uppsala,5f9fe38afd517828962fde29
12549,2020-10-04 21:00:00+00:00,0.0,19.04364,uppsala,5f9fe38afd517828962fde29
12550,2020-10-04 22:00:00+00:00,0.0,19.04364,uppsala,5f9fe38afd517828962fde29
12551,2020-10-04 23:00:00+00:00,0.0,19.04364,uppsala,5f9fe38afd517828962fde29
12552,2020-10-05 00:00:00+00:00,0.0,19.04364,uppsala,5f9fe38afd517828962fde29
12553,2020-10-05 01:00:00+00:00,0.0,19.04364,uppsala,5f9fe38afd517828962fde29
12554,2020-10-05 02:00:00+00:00,0.0,19.04364,uppsala,5f9fe38afd517828962fde29
12555,2020-10-05 03:00:00+00:00,0.0,19.04364,uppsala,5f9fe38afd517828962fde29
12556,2020-10-05 04:00:00+00:00,0.0,19.04364,uppsala,5f9fe38afd517828962fde29
12557,2020-10-05 05:00:00+00:00,0.0,19.04364,uppsala,5f9fe38afd517828962fde29
12558,2020-10-05 06:00:00+00:00,192.7,19.04364,uppsala,5f9fe38afd517828962fde29
12559,2020-10-05 07:00:00+00:00,1.4,19.04364,uppsala,5f9fe38afd517828962fde29
12560,2020-10-05 08:00:00+00:00,5.0,19.04364,uppsala,5f9fe38afd517828962fde29
12561,2020-10-05 09:00:00+00:00,777.7,19.04364,uppsala,5f9fe38afd517828962fde29
12562,2020-10-05 10:00:00+00:00,815.9,19.04364,uppsala,5f9fe38afd517828962fde29
12563,2020-10-05 11:00:00+00:00,820.8,19.04364,uppsala,5f9fe38afd517828962fde29
12564,2020-10-05 12:00:00+00:00,800.9,19.04364,uppsala,5f9fe38afd517828962fde29
12565,2020-10-05 13:00:00+00:00,750.6,19.04364,uppsala,5f9fe38afd517828962fde29
12566,2020-10-05 14:00:00+00:00,657.1,19.04364,uppsala,5f9fe38afd517828962fde29
12567,2020-10-05 15:00:00+00:00,433.7,19.04364,uppsala,5f9fe38afd517828962fde29
12568,2020-10-05 16:00:00+00:00,1.3,19.04364,uppsala,5f9fe38afd517828962fde29
12569,2020-10-05 17:00:00+00:00,0.0,19.04364,uppsala,5f9fe38afd517828962fde29
12570,2020-10-05 18:00:00+00:00,0.0,19.04364,uppsala,5f9fe38afd517828962fde29
12571,2020-10-05 19:00:00+00:00,0.0,19.04364,uppsala,5f9fe38afd517828962fde29
12572,2020-10-05 20:00:00+00:00,0.0,19.04364,uppsala,5f9fe38afd517828962fde29
12573,2020-10-05 21:00:00+00:00,0.0,19.04364,uppsala,5f9fe38afd517828962fde29
12574,2020-10-05 22:00:00+00:00,0.0,19.04364,uppsala,5f9fe38afd517828962fde29
12575,2020-10-05 23:00:00+00:00,0.0,19.04364,uppsala,5f9fe38afd517828962fde29
12576,2020-10-06 00:00:00+00:00,0.0,19.04364,uppsala,5f9fe38afd517828962fde29
12577,2020-10-06 01:00:00+00:00,0.0,19.04364,uppsala,5f9fe38afd517828962fde29
12578,2020-10-06 02:00:00+00:00,0.0,19.04364,uppsala,5f9fe38afd517828962fde29
12579,2020-10-06 03:00:00+00:00,0.0,19.04364,uppsala,5f9fe38afd517828962fde29
12580,2020-10-06 04:00:00+00:00,0.0,19.04364,uppsala,5f9fe38afd517828962fde29
12581,2020-10-06 05:00:00+00:00,0.0,19.04364,uppsala,5f9fe38afd517828962fde29
12582,2020-10-06 06:00:00+00:00,0.0,19.04364,uppsala,5f9fe38afd517828962fde29
12583,2020-10-06 07:00:00+00:00,0.0,19.04364,uppsala,5f9fe38afd517828962fde29
12584,2020-10-06 08:00:00+00:00,3.4,19.04364,uppsala,5f9fe38afd517828962fde29
12585,2020-10-06 09:00:00+00:00,5.3,19.04364,uppsala,5f9fe38afd517828962fde29
12586,2020-10-06 10:00:00+00:00,36.1,19.04364,uppsala,5f9fe38afd517828962fde29
12587,2020-10-06 11:00:00+00:00,29.3,19.04364,uppsala,5f9fe38afd517828962fde29
12588,2020-10-06 12:00:00+00:00,64.0,19.04364,uppsala,5f9fe38afd517828962fde29
12589,2020-10-06 13:00:00+00:00,4.7,19.04364,uppsala,5f9fe38afd517828962fde29
12590,2020-10-06 14:00:00+00:00,20.8,19.04364,uppsala,5f9fe38afd517828962fde29
12591,2020-10-06 15:00:00+00:00,0.0,19.04364,uppsala,5f9fe38afd517828962fde29
12592,2020-10-06 16:00:00+00:00,0.0,19.04364,uppsala,5f9fe38afd517828962fde29
12593,2020-10-06 17:00:00+00:00,0.0,19.04364,uppsala,5f9fe38afd517828962fde29
12594,2020-10-06 18:00:00+00:00,0.0,19.04364,uppsala,5f9fe38afd517828962fde29
12595,2020-10-06 19:00:00+00:00,0.0,19.04364,uppsala,5f9fe38afd517828962fde29
12596,2020-10-06 20:00:00+00:00,0.0,19.04364,uppsala,5f9fe38afd517828962fde29
12597,2020-10-06 21:00:00+00:00,0.0,19.04364,uppsala,5f9fe38afd517828962fde29
12598,2020-10-06 22:00:00+00:00,0.0,19.04364,uppsala,5f9fe38afd517828962fde29
12599,2020-10-06 23:00:00+00:00,0.0,19.04364,uppsala,5f9fe38afd517828962fde29
12600,2020-10-07 00:00:00+00:00,0.0,19.04364,uppsala,5f9fe38afd517828962fde29
12601,2020-10-07 01:00:00+00:00,0.0,19.04364,uppsala,5f9fe38afd517828962fde29
12602,2020-10-07 02:00:00+00:00,0.0,19.04364,uppsala,5f9fe38afd517828962fde29
12603,2020-10-07 03:00:00+00:00,0.0,19.04364,uppsala,5f9fe38afd517828962fde29
12604,2020-10-07 04:00:00+00:00,0.0,19.04364,uppsala,5f9fe38afd517828962fde29
12605,2020-10-07 05:00:00+00:00,0.0,19.04364,uppsala,5f9fe38afd517828962fde29
12606,2020-10-07 06:00:00+00:00,0.0,19.04364,uppsala,5f9fe38afd517828962fde29
12607,2020-10-07 07:00:00+00:00,0.0,19.04364,uppsala,5f9fe38afd517828962fde29
12608,2020-10-07 08:00:00+00:00,405.4,19.04364,uppsala,5f9fe38afd517828962fde29
12609,2020-10-07 09:00:00+00:00,249.3,19.04364,uppsala,5f9fe38afd517828962fde29
12610,2020-10-07 10:00:00+00:00,3.6,19.04364,uppsala,5f9fe38afd517828962fde29
12611,2020-10-07 11:00:00+00:00,336.5,19.04364,uppsala,5f9fe38afd517828962fde29
12612,2020-10-07 12:00:00+00:00,186.6,19.04364,uppsala,5f9fe38afd517828962fde29
12613,2020-10-07 13:00:00+00:00,23.4,19.04364,uppsala,5f9fe38afd517828962fde29
12614,2020-10-07 14:00:00+00:00,4.7,19.04364,uppsala,5f9fe38afd517828962fde29
12615,2020-10-07 15:00:00+00:00,12.6,19.04364,uppsala,5f9fe38afd517828962fde29
12616,2020-10-07 16:00:00+00:00,0.0,19.04364,uppsala,5f9fe38afd517828962fde29
12617,2020-10-07 17:00:00+00:00,0.0,19.04364,uppsala,5f9fe38afd517828962fde29
12618,2020-10-07 18:00:00+00:00,0.0,19.04364,uppsala,5f9fe38afd517828962fde29
12619,2020-10-07 19:00:00+00:00,0.0,19.04364,uppsala,5f9fe38afd517828962fde29
12620,2020-10-07 20:00:00+00:00,0.0,19.04364,uppsala,5f9fe38afd517828962fde29
12621,2020-10-07 21:00:00+00:00,0.0,19.04364,uppsala,5f9fe38afd517828962fde29
12622,2020-10-07 22:00:00+00:00,0.0,19.04364,uppsala,5f9fe38afd517828962fde29
12623,2020-10-07 23:00:00+00:00,0.0,19.04364,uppsala,5f9fe38afd517828962fde29
12624,2020-10-08 00:00:00+00:00,0.0,19.04364,uppsala,5f9fe38afd517828962fde29
12625,2020-10-08 01:00:00+00:00,0.0,19.04364,uppsala,5f9fe38afd517828962fde29
12626,2020-10-08 02:00:00+00:00,0.0,19.04364,uppsala,5f9fe38afd517828962fde29
12627,2020-10-08 03:00:00+00:00,0.0,19.04364,uppsala,5f9fe38afd517828962fde29
12628,2020-10-08 04:00:00+00:00,0.0,19.04364,uppsala,5f9fe38afd517828962fde29
12629,2020-10-08 05:00:00+00:00,0.0,19.04364,uppsala,5f9fe38afd517828962fde29
12630,2020-10-08 06:00:00+00:00,11.6,19.04364,uppsala,5f9fe38afd517828962fde29
12631,2020-10-08 07:00:00+00:00,0.0,19.04364,uppsala,5f9fe38afd517828962fde29
12632,2020-10-08 08:00:00+00:00,3.1,19.04364,uppsala,5f9fe38afd517828962fde29
12633,2020-10-08 09:00:00+00:00,27.2,19.04364,uppsala,5f9fe38afd517828962fde29
12634,2020-10-08 10:00:00+00:00,31.6,19.04364,uppsala,5f9fe38afd517828962fde29
12635,2020-10-08 11:00:00+00:00,149.4,19.04364,uppsala,5f9fe38afd517828962fde29
12636,2020-10-08 12:00:00+00:00,5.8,19.04364,uppsala,5f9fe38afd517828962fde29
12637,2020-10-08 13:00:00+00:00,4.7,19.04364,uppsala,5f9fe38afd517828962fde29
12638,2020-10-08 14:00:00+00:00,60.2,19.04364,uppsala,5f9fe38afd517828962fde29
12639,2020-10-08 15:00:00+00:00,0.0,19.04364,uppsala,5f9fe38afd517828962fde29
12640,2020-10-08 16:00:00+00:00,0.0,19.04364,uppsala,5f9fe38afd517828962fde29
12641,2020-10-08 17:00:00+00:00,0.0,19.04364,uppsala,5f9fe38afd517828962fde29
12642,2020-10-08 18:00:00+00:00,0.0,19.04364,uppsala,5f9fe38afd517828962fde29
12643,2020-10-08 19:00:00+00:00,0.0,19.04364,uppsala,5f9fe38afd517828962fde29
12644,2020-10-08 20:00:00+00:00,0.0,19.04364,uppsala,5f9fe38afd517828962fde29
12645,2020-10-08 21:00:00+00:00,0.0,19.04364,uppsala,5f9fe38afd517828962fde29
12646,2020-10-08 22:00:00+00:00,0.0,19.04364,uppsala,5f9fe38afd517828962fde29
12647,2020-10-08 23:00:00+00:00,0.0,19.04364,uppsala,5f9fe38afd517828962fde29
12648,2020-10-09 00:00:00+00:00,0.0,19.04364,uppsala,5f9fe38afd517828962fde29
12649,2020-10-09 01:00:00+00:00,0.0,19.04364,uppsala,5f9fe38afd517828962fde29
12650,2020-10-09 02:00:00+00:00,0.0,19.04364,uppsala,5f9fe38afd517828962fde29
12651,2020-10-09 03:00:00+00:00,0.0,19.04364,uppsala,5f9fe38afd517828962fde29
12652,2020-10-09 04:00:00+00:00,0.0,19.04364,uppsala,5f9fe38afd517828962fde29
12653,2020-10-09 05:00:00+00:00,0.0,19.04364,uppsala,5f9fe38afd517828962fde29
12654,2020-10-09 06:00:00+00:00,0.30000000000000004,19.04364,uppsala,5f9fe38afd517828962fde29
12655,2020-10-09 07:00:00+00:00,0.0,19.04364,uppsala,5f9fe38afd517828962fde29
12656,2020-10-09 08:00:00+00:00,11.2,19.04364,uppsala,5f9fe38afd517828962fde29
12657,2020-10-09 09:00:00+00:00,326.8,19.04364,uppsala,5f9fe38afd517828962fde29
12658,2020-10-09 10:00:00+00:00,657.2,19.04364,uppsala,5f9fe38afd517828962fde29
12659,2020-10-09 11:00:00+00:00,603.9,19.04364,uppsala,5f9fe38afd517828962fde29
12660,2020-10-09 12:00:00+00:00,58.8,19.04364,uppsala,5f9fe38afd517828962fde29
12661,2020-10-09 13:00:00+00:00,9.8,19.04364,uppsala,5f9fe38afd517828962fde29
12662,2020-10-09 14:00:00+00:00,2.4,19.04364,uppsala,5f9fe38afd517828962fde29
12663,2020-10-09 15:00:00+00:00,54.2,19.04364,uppsala,5f9fe38afd517828962fde29
12664,2020-10-09 16:00:00+00:00,0.0,19.04364,uppsala,5f9fe38afd517828962fde29
12665,2020-10-09 17:00:00+00:00,0.0,19.04364,uppsala,5f9fe38afd517828962fde29
12666,2020-10-09 18:00:00+00:00,0.0,19.04364,uppsala,5f9fe38afd517828962fde29
12667,2020-10-09 19:00:00+00:00,0.0,19.04364,uppsala,5f9fe38afd517828962fde29
12668,2020-10-09 20:00:00+00:00,0.0,19.04364,uppsala,5f9fe38afd517828962fde29
12669,2020-10-09 21:00:00+00:00,0.0,19.04364,uppsala,5f9fe38afd517828962fde29
12670,2020-10-09 22:00:00+00:00,0.0,19.04364,uppsala,5f9fe38afd517828962fde29
12671,2020-10-09 23:00:00+00:00,0.0,19.04364,uppsala,5f9fe38afd517828962fde29
12672,2020-10-10 00:00:00+00:00,0.0,19.04364,uppsala,5f9fe38afd517828962fde29
12673,2020-10-10 01:00:00+00:00,0.0,19.04364,uppsala,5f9fe38afd517828962fde29
12674,2020-10-10 02:00:00+00:00,0.0,19.04364,uppsala,5f9fe38afd517828962fde29
12675,2020-10-10 03:00:00+00:00,0.0,19.04364,uppsala,5f9fe38afd517828962fde29
12676,2020-10-10 04:00:00+00:00,0.0,19.04364,uppsala,5f9fe38afd517828962fde29
12677,2020-10-10 05:00:00+00:00,0.0,19.04364,uppsala,5f9fe38afd517828962fde29
12678,2020-10-10 06:00:00+00:00,40.3,19.04364,uppsala,5f9fe38afd517828962fde29
12679,2020-10-10 07:00:00+00:00,0.0,19.04364,uppsala,5f9fe38afd517828962fde29
12680,2020-10-10 08:00:00+00:00,40.0,19.04364,uppsala,5f9fe38afd517828962fde29
12681,2020-10-10 09:00:00+00:00,15.8,19.04364,uppsala,5f9fe38afd517828962fde29
12682,2020-10-10 10:00:00+00:00,56.2,19.04364,uppsala,5f9fe38afd517828962fde29
12683,2020-10-10 11:00:00+00:00,4.2,19.04364,uppsala,5f9fe38afd517828962fde29
12684,2020-10-10 12:00:00+00:00,3.1,19.04364,uppsala,5f9fe38afd517828962fde29
12685,2020-10-10 13:00:00+00:00,7.2,19.04364,uppsala,5f9fe38afd517828962fde29
12686,2020-10-10 14:00:00+00:00,29.5,19.04364,uppsala,5f9fe38afd517828962fde29
12687,2020-10-10 15:00:00+00:00,39.3,19.04364,uppsala,5f9fe38afd517828962fde29
12688,2020-10-10 16:00:00+00:00,0.0,19.04364,uppsala,5f9fe38afd517828962fde29
12689,2020-10-10 17:00:00+00:00,0.0,19.04364,uppsala,5f9fe38afd517828962fde29
12690,2020-10-10 18:00:00+00:00,0.0,19.04364,uppsala,5f9fe38afd517828962fde29
12691,2020-10-10 19:00:00+00:00,0.0,19.04364,uppsala,5f9fe38afd517828962fde29
12692,2020-10-10 20:00:00+00:00,0.0,19.04364,uppsala,5f9fe38afd517828962fde29
12693,2020-10-10 21:00:00+00:00,0.0,19.04364,uppsala,5f9fe38afd517828962fde29
12694,2020-10-10 22:00:00+00:00,0.0,19.04364,uppsala,5f9fe38afd517828962fde29
12695,2020-10-10 23:00:00+00:00,0.0,19.04364,uppsala,5f9fe38afd517828962fde29
12696,2020-10-11 00:00:00+00:00,0.0,19.04364,uppsala,5f9fe38afd517828962fde29
12697,2020-10-11 01:00:00+00:00,0.0,19.04364,uppsala,5f9fe38afd517828962fde29
12698,2020-10-11 02:00:00+00:00,0.0,19.04364,uppsala,5f9fe38afd517828962fde29
12699,2020-10-11 03:00:00+00:00,0.0,19.04364,uppsala,5f9fe38afd517828962fde29
12700,2020-10-11 04:00:00+00:00,0.0,19.04364,uppsala,5f9fe38afd517828962fde29
12701,2020-10-11 05:00:00+00:00,0.0,19.04364,uppsala,5f9fe38afd517828962fde29
12702,2020-10-11 06:00:00+00:00,0.0,19.04364,uppsala,5f9fe38afd517828962fde29
12703,2020-10-11 07:00:00+00:00,51.9,19.04364,uppsala,5f9fe38afd517828962fde29
12704,2020-10-11 08:00:00+00:00,6.2,19.04364,uppsala,5f9fe38afd517828962fde29
12705,2020-10-11 09:00:00+00:00,168.5,19.04364,uppsala,5f9fe38afd517828962fde29
12706,2020-10-11 10:00:00+00:00,747.9,19.04364,uppsala,5f9fe38afd517828962fde29
12707,2020-10-11 11:00:00+00:00,800.5,19.04364,uppsala,5f9fe38afd517828962fde29
12708,2020-10-11 12:00:00+00:00,769.0,19.04364,uppsala,5f9fe38afd517828962fde29
12709,2020-10-11 13:00:00+00:00,683.0,19.04364,uppsala,5f9fe38afd517828962fde29
12710,2020-10-11 14:00:00+00:00,606.8,19.04364,uppsala,5f9fe38afd517828962fde29
12711,2020-10-11 15:00:00+00:00,389.7,19.04364,uppsala,5f9fe38afd517828962fde29
12712,2020-10-11 16:00:00+00:00,0.0,19.04364,uppsala,5f9fe38afd517828962fde29
12713,2020-10-11 17:00:00+00:00,0.0,19.04364,uppsala,5f9fe38afd517828962fde29
12714,2020-10-11 18:00:00+00:00,0.0,19.04364,uppsala,5f9fe38afd517828962fde29
12715,2020-10-11 19:00:00+00:00,0.0,19.04364,uppsala,5f9fe38afd517828962fde29
12716,2020-10-11 20:00:00+00:00,0.0,19.04364,uppsala,5f9fe38afd517828962fde29
12717,2020-10-11 21:00:00+00:00,0.0,19.04364,uppsala,5f9fe38afd517828962fde29
12718,2020-10-11 22:00:00+00:00,0.0,19.04364,uppsala,5f9fe38afd517828962fde29
12719,2020-10-11 23:00:00+00:00,0.0,19.04364,uppsala,5f9fe38afd517828962fde29
12720,2020-10-12 00:00:00+00:00,0.0,19.04364,uppsala,5f9fe38afd517828962fde29
12721,2020-10-12 01:00:00+00:00,0.0,19.04364,uppsala,5f9fe38afd517828962fde29
12722,2020-10-12 02:00:00+00:00,0.0,19.04364,uppsala,5f9fe38afd517828962fde29
12723,2020-10-12 03:00:00+00:00,0.0,19.04364,uppsala,5f9fe38afd517828962fde29
12724,2020-10-12 04:00:00+00:00,0.0,19.04364,uppsala,5f9fe38afd517828962fde29
12725,2020-10-12 05:00:00+00:00,0.0,19.04364,uppsala,5f9fe38afd517828962fde29
12726,2020-10-12 06:00:00+00:00,26.4,19.04364,uppsala,5f9fe38afd517828962fde29
12727,2020-10-12 07:00:00+00:00,52.9,19.04364,uppsala,5f9fe38afd517828962fde29
12728,2020-10-12 08:00:00+00:00,46.2,19.04364,uppsala,5f9fe38afd517828962fde29
12729,2020-10-12 09:00:00+00:00,6.6,19.04364,uppsala,5f9fe38afd517828962fde29
12730,2020-10-12 10:00:00+00:00,161.8,19.04364,uppsala,5f9fe38afd517828962fde29
12731,2020-10-12 11:00:00+00:00,7.7,19.04364,uppsala,5f9fe38afd517828962fde29
12732,2020-10-12 12:00:00+00:00,7.0,19.04364,uppsala,5f9fe38afd517828962fde29
12733,2020-10-12 13:00:00+00:00,4.9,19.04364,uppsala,5f9fe38afd517828962fde29
12734,2020-10-12 14:00:00+00:00,3.8,19.04364,uppsala,5f9fe38afd517828962fde29
12735,2020-10-12 15:00:00+00:00,0.0,19.04364,uppsala,5f9fe38afd517828962fde29
12736,2020-10-12 16:00:00+00:00,0.0,19.04364,uppsala,5f9fe38afd517828962fde29
12737,2020-10-12 17:00:00+00:00,0.0,19.04364,uppsala,5f9fe38afd517828962fde29
12738,2020-10-12 18:00:00+00:00,0.0,19.04364,uppsala,5f9fe38afd517828962fde29
12739,2020-10-12 19:00:00+00:00,0.0,19.04364,uppsala,5f9fe38afd517828962fde29
12740,2020-10-12 20:00:00+00:00,0.0,19.04364,uppsala,5f9fe38afd517828962fde29
12741,2020-10-12 21:00:00+00:00,0.0,19.04364,uppsala,5f9fe38afd517828962fde29
12742,2020-10-12 22:00:00+00:00,0.0,19.04364,uppsala,5f9fe38afd517828962fde29
12743,2020-10-12 23:00:00+00:00,0.0,19.04364,uppsala,5f9fe38afd517828962fde29
12744,2020-10-13 00:00:00+00:00,0.0,19.04364,uppsala,5f9fe38afd517828962fde29
12745,2020-10-13 01:00:00+00:00,0.0,19.04364,uppsala,5f9fe38afd517828962fde29
12746,2020-10-13 02:00:00+00:00,0.0,19.04364,uppsala,5f9fe38afd517828962fde29
12747,2020-10-13 03:00:00+00:00,0.0,19.04364,uppsala,5f9fe38afd517828962fde29
12748,2020-10-13 04:00:00+00:00,0.0,19.04364,uppsala,5f9fe38afd517828962fde29
12749,2020-10-13 05:00:00+00:00,0.0,19.04364,uppsala,5f9fe38afd517828962fde29
12750,2020-10-13 06:00:00+00:00,0.0,19.04364,uppsala,5f9fe38afd517828962fde29
12751,2020-10-13 07:00:00+00:00,239.1,19.04364,uppsala,5f9fe38afd517828962fde29
12752,2020-10-13 08:00:00+00:00,32.2,19.04364,uppsala,5f9fe38afd517828962fde29
12753,2020-10-13 09:00:00+00:00,773.2,19.04364,uppsala,5f9fe38afd517828962fde29
12754,2020-10-13 10:00:00+00:00,305.3,19.04364,uppsala,5f9fe38afd517828962fde29
12755,2020-10-13 11:00:00+00:00,279.5,19.04364,uppsala,5f9fe38afd517828962fde29
12756,2020-10-13 12:00:00+00:00,346.9,19.04364,uppsala,5f9fe38afd517828962fde29
12757,2020-10-13 13:00:00+00:00,381.3,19.04364,uppsala,5f9fe38afd517828962fde29
12758,2020-10-13 14:00:00+00:00,35.8,19.04364,uppsala,5f9fe38afd517828962fde29
12759,2020-10-13 15:00:00+00:00,31.9,19.04364,uppsala,5f9fe38afd517828962fde29
12760,2020-10-13 16:00:00+00:00,0.0,19.04364,uppsala,5f9fe38afd517828962fde29
12761,2020-10-13 17:00:00+00:00,0.0,19.04364,uppsala,5f9fe38afd517828962fde29
12762,2020-10-13 18:00:00+00:00,0.0,19.04364,uppsala,5f9fe38afd517828962fde29
12763,2020-10-13 19:00:00+00:00,0.0,19.04364,uppsala,5f9fe38afd517828962fde29
12764,2020-10-13 20:00:00+00:00,0.0,19.04364,uppsala,5f9fe38afd517828962fde29
12765,2020-10-13 21:00:00+00:00,0.0,19.04364,uppsala,5f9fe38afd517828962fde29
12766,2020-10-13 22:00:00+00:00,0.0,19.04364,uppsala,5f9fe38afd517828962fde29
12767,2020-10-13 23:00:00+00:00,0.0,19.04364,uppsala,5f9fe38afd517828962fde29
12768,2020-10-14 00:00:00+00:00,0.0,19.04364,uppsala,5f9fe38afd517828962fde29
12769,2020-10-14 01:00:00+00:00,0.0,19.04364,uppsala,5f9fe38afd517828962fde29
12770,2020-10-14 02:00:00+00:00,0.0,19.04364,uppsala,5f9fe38afd517828962fde29
12771,2020-10-14 03:00:00+00:00,0.0,19.04364,uppsala,5f9fe38afd517828962fde29
12772,2020-10-14 04:00:00+00:00,0.0,19.04364,uppsala,5f9fe38afd517828962fde29
12773,2020-10-14 05:00:00+00:00,0.0,19.04364,uppsala,5f9fe38afd517828962fde29
12774,2020-10-14 06:00:00+00:00,63.3,19.04364,uppsala,5f9fe38afd517828962fde29
12775,2020-10-14 07:00:00+00:00,491.8,19.04364,uppsala,5f9fe38afd517828962fde29
12776,2020-10-14 08:00:00+00:00,74.7,19.04364,uppsala,5f9fe38afd517828962fde29
12777,2020-10-14 09:00:00+00:00,721.7,19.04364,uppsala,5f9fe38afd517828962fde29
12778,2020-10-14 10:00:00+00:00,37.1,19.04364,uppsala,5f9fe38afd517828962fde29
12779,2020-10-14 11:00:00+00:00,102.9,19.04364,uppsala,5f9fe38afd517828962fde29
12780,2020-10-14 12:00:00+00:00,498.3,19.04364,uppsala,5f9fe38afd517828962fde29
12781,2020-10-14 13:00:00+00:00,530.1,19.04364,uppsala,5f9fe38afd517828962fde29
12782,2020-10-14 14:00:00+00:00,7.5,19.04364,uppsala,5f9fe38afd517828962fde29
12783,2020-10-14 15:00:00+00:00,0.0,19.04364,uppsala,5f9fe38afd517828962fde29
12784,2020-10-14 16:00:00+00:00,0.0,19.04364,uppsala,5f9fe38afd517828962fde29
12785,2020-10-14 17:00:00+00:00,0.0,19.04364,uppsala,5f9fe38afd517828962fde29
12786,2020-10-14 18:00:00+00:00,0.0,19.04364,uppsala,5f9fe38afd517828962fde29
12787,2020-10-14 19:00:00+00:00,0.0,19.04364,uppsala,5f9fe38afd517828962fde29
12788,2020-10-14 20:00:00+00:00,0.0,19.04364,uppsala,5f9fe38afd517828962fde29
12789,2020-10-14 21:00:00+00:00,0.0,19.04364,uppsala,5f9fe38afd517828962fde29
12790,2020-10-14 22:00:00+00:00,0.0,19.04364,uppsala,5f9fe38afd517828962fde29
12791,2020-10-14 23:00:00+00:00,0.0,19.04364,uppsala,5f9fe38afd517828962fde29
12792,2020-10-15 00:00:00+00:00,0.0,19.04364,uppsala,5f9fe38afd517828962fde29
12793,2020-10-15 01:00:00+00:00,0.0,19.04364,uppsala,5f9fe38afd517828962fde29
12794,2020-10-15 02:00:00+00:00,0.0,19.04364,uppsala,5f9fe38afd517828962fde29
12795,2020-10-15 03:00:00+00:00,0.0,19.04364,uppsala,5f9fe38afd517828962fde29
12796,2020-10-15 04:00:00+00:00,0.0,19.04364,uppsala,5f9fe38afd517828962fde29
12797,2020-10-15 05:00:00+00:00,0.0,19.04364,uppsala,5f9fe38afd517828962fde29
12798,2020-10-15 06:00:00+00:00,20.7,19.04364,uppsala,5f9fe38afd517828962fde29
12799,2020-10-15 07:00:00+00:00,83.6,19.04364,uppsala,5f9fe38afd517828962fde29
12800,2020-10-15 08:00:00+00:00,21.8,19.04364,uppsala,5f9fe38afd517828962fde29
12801,2020-10-15 09:00:00+00:00,7.8,19.04364,uppsala,5f9fe38afd517828962fde29
12802,2020-10-15 10:00:00+00:00,6.7,19.04364,uppsala,5f9fe38afd517828962fde29
12803,2020-10-15 11:00:00+00:00,159.6,19.04364,uppsala,5f9fe38afd517828962fde29
12804,2020-10-15 12:00:00+00:00,220.0,19.04364,uppsala,5f9fe38afd517828962fde29
12805,2020-10-15 13:00:00+00:00,412.9,19.04364,uppsala,5f9fe38afd517828962fde29
12806,2020-10-15 14:00:00+00:00,532.3,19.04364,uppsala,5f9fe38afd517828962fde29
12807,2020-10-15 15:00:00+00:00,101.2,19.04364,uppsala,5f9fe38afd517828962fde29
12808,2020-10-15 16:00:00+00:00,0.0,19.04364,uppsala,5f9fe38afd517828962fde29
12809,2020-10-15 17:00:00+00:00,0.0,19.04364,uppsala,5f9fe38afd517828962fde29
12810,2020-10-15 18:00:00+00:00,0.0,19.04364,uppsala,5f9fe38afd517828962fde29
12811,2020-10-15 19:00:00+00:00,0.0,19.04364,uppsala,5f9fe38afd517828962fde29
12812,2020-10-15 20:00:00+00:00,0.0,19.04364,uppsala,5f9fe38afd517828962fde29
12813,2020-10-15 21:00:00+00:00,0.0,19.04364,uppsala,5f9fe38afd517828962fde29
12814,2020-10-15 22:00:00+00:00,0.0,19.04364,uppsala,5f9fe38afd517828962fde29
12815,2020-10-15 23:00:00+00:00,0.0,19.04364,uppsala,5f9fe38afd517828962fde29
12816,2020-10-16 00:00:00+00:00,0.0,19.04364,uppsala,5f9fe38afd517828962fde29
12817,2020-10-16 01:00:00+00:00,0.0,19.04364,uppsala,5f9fe38afd517828962fde29
12818,2020-10-16 02:00:00+00:00,0.0,19.04364,uppsala,5f9fe38afd517828962fde29
12819,2020-10-16 03:00:00+00:00,0.0,19.04364,uppsala,5f9fe38afd517828962fde29
12820,2020-10-16 04:00:00+00:00,0.0,19.04364,uppsala,5f9fe38afd517828962fde29
12821,2020-10-16 05:00:00+00:00,0.0,19.04364,uppsala,5f9fe38afd517828962fde29
12822,2020-10-16 06:00:00+00:00,133.2,19.04364,uppsala,5f9fe38afd517828962fde29
12823,2020-10-16 07:00:00+00:00,278.7,19.04364,uppsala,5f9fe38afd517828962fde29
12824,2020-10-16 08:00:00+00:00,12.3,19.04364,uppsala,5f9fe38afd517828962fde29
12825,2020-10-16 09:00:00+00:00,58.9,19.04364,uppsala,5f9fe38afd517828962fde29
12826,2020-10-16 10:00:00+00:00,311.4,19.04364,uppsala,5f9fe38afd517828962fde29
12827,2020-10-16 11:00:00+00:00,182.0,19.04364,uppsala,5f9fe38afd517828962fde29
12828,2020-10-16 12:00:00+00:00,583.7,19.04364,uppsala,5f9fe38afd517828962fde29
12829,2020-10-16 13:00:00+00:00,509.4,19.04364,uppsala,5f9fe38afd517828962fde29
12830,2020-10-16 14:00:00+00:00,178.6,19.04364,uppsala,5f9fe38afd517828962fde29
12831,2020-10-16 15:00:00+00:00,209.3,19.04364,uppsala,5f9fe38afd517828962fde29
12832,2020-10-16 16:00:00+00:00,0.0,19.04364,uppsala,5f9fe38afd517828962fde29
12833,2020-10-16 17:00:00+00:00,0.0,19.04364,uppsala,5f9fe38afd517828962fde29
12834,2020-10-16 18:00:00+00:00,0.0,19.04364,uppsala,5f9fe38afd517828962fde29
12835,2020-10-16 19:00:00+00:00,0.0,19.04364,uppsala,5f9fe38afd517828962fde29
12836,2020-10-16 20:00:00+00:00,0.0,19.04364,uppsala,5f9fe38afd517828962fde29
12837,2020-10-16 21:00:00+00:00,0.0,19.04364,uppsala,5f9fe38afd517828962fde29
12838,2020-10-16 22:00:00+00:00,0.0,19.04364,uppsala,5f9fe38afd517828962fde29
12839,2020-10-16 23:00:00+00:00,0.0,19.04364,uppsala,5f9fe38afd517828962fde29
12840,2020-10-17 00:00:00+00:00,0.0,19.04364,uppsala,5f9fe38afd517828962fde29
12841,2020-10-17 01:00:00+00:00,0.0,19.04364,uppsala,5f9fe38afd517828962fde29
12842,2020-10-17 02:00:00+00:00,0.0,19.04364,uppsala,5f9fe38afd517828962fde29
12843,2020-10-17 03:00:00+00:00,0.0,19.04364,uppsala,5f9fe38afd517828962fde29
12844,2020-10-17 04:00:00+00:00,0.0,19.04364,uppsala,5f9fe38afd517828962fde29
12845,2020-10-17 05:00:00+00:00,0.0,19.04364,uppsala,5f9fe38afd517828962fde29
12846,2020-10-17 06:00:00+00:00,74.5,19.04364,uppsala,5f9fe38afd517828962fde29
12847,2020-10-17 07:00:00+00:00,351.5,19.04364,uppsala,5f9fe38afd517828962fde29
12848,2020-10-17 08:00:00+00:00,505.7,19.04364,uppsala,5f9fe38afd517828962fde29
12849,2020-10-17 09:00:00+00:00,591.7,19.04364,uppsala,5f9fe38afd517828962fde29
12850,2020-10-17 10:00:00+00:00,285.8,19.04364,uppsala,5f9fe38afd517828962fde29
12851,2020-10-17 11:00:00+00:00,592.2,19.04364,uppsala,5f9fe38afd517828962fde29
12852,2020-10-17 12:00:00+00:00,534.2,19.04364,uppsala,5f9fe38afd517828962fde29
12853,2020-10-17 13:00:00+00:00,399.5,19.04364,uppsala,5f9fe38afd517828962fde29
12854,2020-10-17 14:00:00+00:00,3.2,19.04364,uppsala,5f9fe38afd517828962fde29
12855,2020-10-17 15:00:00+00:00,0.0,19.04364,uppsala,5f9fe38afd517828962fde29
12856,2020-10-17 16:00:00+00:00,0.0,19.04364,uppsala,5f9fe38afd517828962fde29
12857,2020-10-17 17:00:00+00:00,0.0,19.04364,uppsala,5f9fe38afd517828962fde29
12858,2020-10-17 18:00:00+00:00,0.0,19.04364,uppsala,5f9fe38afd517828962fde29
12859,2020-10-17 19:00:00+00:00,0.0,19.04364,uppsala,5f9fe38afd517828962fde29
12860,2020-10-17 20:00:00+00:00,0.0,19.04364,uppsala,5f9fe38afd517828962fde29
12861,2020-10-17 21:00:00+00:00,0.0,19.04364,uppsala,5f9fe38afd517828962fde29
12862,2020-10-17 22:00:00+00:00,0.0,19.04364,uppsala,5f9fe38afd517828962fde29
12863,2020-10-17 23:00:00+00:00,0.0,19.04364,uppsala,5f9fe38afd517828962fde29
12864,2020-10-18 00:00:00+00:00,0.0,19.04364,uppsala,5f9fe38afd517828962fde29
12865,2020-10-18 01:00:00+00:00,0.0,19.04364,uppsala,5f9fe38afd517828962fde29
12866,2020-10-18 02:00:00+00:00,0.0,19.04364,uppsala,5f9fe38afd517828962fde29
12867,2020-10-18 03:00:00+00:00,0.0,19.04364,uppsala,5f9fe38afd517828962fde29
12868,2020-10-18 04:00:00+00:00,0.0,19.04364,uppsala,5f9fe38afd517828962fde29
12869,2020-10-18 05:00:00+00:00,0.0,19.04364,uppsala,5f9fe38afd517828962fde29
12870,2020-10-18 06:00:00+00:00,191.6,19.04364,uppsala,5f9fe38afd517828962fde29
12871,2020-10-18 07:00:00+00:00,558.1,19.04364,uppsala,5f9fe38afd517828962fde29
12872,2020-10-18 08:00:00+00:00,703.8,19.04364,uppsala,5f9fe38afd517828962fde29
12873,2020-10-18 09:00:00+00:00,397.5,19.04364,uppsala,5f9fe38afd517828962fde29
12874,2020-10-18 10:00:00+00:00,152.3,19.04364,uppsala,5f9fe38afd517828962fde29
12875,2020-10-18 11:00:00+00:00,814.8,19.04364,uppsala,5f9fe38afd517828962fde29
12876,2020-10-18 12:00:00+00:00,140.3,19.04364,uppsala,5f9fe38afd517828962fde29
12877,2020-10-18 13:00:00+00:00,41.1,19.04364,uppsala,5f9fe38afd517828962fde29
12878,2020-10-18 14:00:00+00:00,170.3,19.04364,uppsala,5f9fe38afd517828962fde29
12879,2020-10-18 15:00:00+00:00,74.7,19.04364,uppsala,5f9fe38afd517828962fde29
12880,2020-10-18 16:00:00+00:00,0.0,19.04364,uppsala,5f9fe38afd517828962fde29
12881,2020-10-18 17:00:00+00:00,0.0,19.04364,uppsala,5f9fe38afd517828962fde29
12882,2020-10-18 18:00:00+00:00,0.0,19.04364,uppsala,5f9fe38afd517828962fde29
12883,2020-10-18 19:00:00+00:00,0.0,19.04364,uppsala,5f9fe38afd517828962fde29
12884,2020-10-18 20:00:00+00:00,0.0,19.04364,uppsala,5f9fe38afd517828962fde29
12885,2020-10-18 21:00:00+00:00,0.0,19.04364,uppsala,5f9fe38afd517828962fde29
12886,2020-10-18 22:00:00+00:00,0.0,19.04364,uppsala,5f9fe38afd517828962fde29
12887,2020-10-18 23:00:00+00:00,0.0,19.04364,uppsala,5f9fe38afd517828962fde29
12888,2020-10-19 00:00:00+00:00,0.0,19.04364,uppsala,5f9fe38afd517828962fde29
12889,2020-10-19 01:00:00+00:00,0.0,19.04364,uppsala,5f9fe38afd517828962fde29
12890,2020-10-19 02:00:00+00:00,0.0,19.04364,uppsala,5f9fe38afd517828962fde29
12891,2020-10-19 03:00:00+00:00,0.0,19.04364,uppsala,5f9fe38afd517828962fde29
12892,2020-10-19 04:00:00+00:00,0.0,19.04364,uppsala,5f9fe38afd517828962fde29
12893,2020-10-19 05:00:00+00:00,0.0,19.04364,uppsala,5f9fe38afd517828962fde29
12894,2020-10-19 06:00:00+00:00,235.1,19.04364,uppsala,5f9fe38afd517828962fde29
12895,2020-10-19 07:00:00+00:00,599.1,19.04364,uppsala,5f9fe38afd517828962fde29
12896,2020-10-19 08:00:00+00:00,743.3,19.04364,uppsala,5f9fe38afd517828962fde29
12897,2020-10-19 09:00:00+00:00,807.1,19.04364,uppsala,5f9fe38afd517828962fde29
12898,2020-10-19 10:00:00+00:00,831.5,19.04364,uppsala,5f9fe38afd517828962fde29
12899,2020-10-19 11:00:00+00:00,822.8,19.04364,uppsala,5f9fe38afd517828962fde29
12900,2020-10-19 12:00:00+00:00,630.9,19.04364,uppsala,5f9fe38afd517828962fde29
12901,2020-10-19 13:00:00+00:00,747.0,19.04364,uppsala,5f9fe38afd517828962fde29
12902,2020-10-19 14:00:00+00:00,610.6,19.04364,uppsala,5f9fe38afd517828962fde29
12903,2020-10-19 15:00:00+00:00,0.0,19.04364,uppsala,5f9fe38afd517828962fde29
12904,2020-10-19 16:00:00+00:00,0.0,19.04364,uppsala,5f9fe38afd517828962fde29
12905,2020-10-19 17:00:00+00:00,0.0,19.04364,uppsala,5f9fe38afd517828962fde29
12906,2020-10-19 18:00:00+00:00,0.0,19.04364,uppsala,5f9fe38afd517828962fde29
12907,2020-10-19 19:00:00+00:00,0.0,19.04364,uppsala,5f9fe38afd517828962fde29
12908,2020-10-19 20:00:00+00:00,0.0,19.04364,uppsala,5f9fe38afd517828962fde29
12909,2020-10-19 21:00:00+00:00,0.0,19.04364,uppsala,5f9fe38afd517828962fde29
12910,2020-10-19 22:00:00+00:00,0.0,19.04364,uppsala,5f9fe38afd517828962fde29
12911,2020-10-19 23:00:00+00:00,0.0,19.04364,uppsala,5f9fe38afd517828962fde29
12912,2020-10-20 00:00:00+00:00,0.0,19.04364,uppsala,5f9fe38afd517828962fde29
12913,2020-10-20 01:00:00+00:00,0.0,19.04364,uppsala,5f9fe38afd517828962fde29
12914,2020-10-20 02:00:00+00:00,0.0,19.04364,uppsala,5f9fe38afd517828962fde29
12915,2020-10-20 03:00:00+00:00,0.0,19.04364,uppsala,5f9fe38afd517828962fde29
12916,2020-10-20 04:00:00+00:00,0.0,19.04364,uppsala,5f9fe38afd517828962fde29
12917,2020-10-20 05:00:00+00:00,0.0,19.04364,uppsala,5f9fe38afd517828962fde29
12918,2020-10-20 06:00:00+00:00,0.0,19.04364,uppsala,5f9fe38afd517828962fde29
12919,2020-10-20 07:00:00+00:00,0.0,19.04364,uppsala,5f9fe38afd517828962fde29
12920,2020-10-20 08:00:00+00:00,85.7,19.04364,uppsala,5f9fe38afd517828962fde29
12921,2020-10-20 09:00:00+00:00,23.6,19.04364,uppsala,5f9fe38afd517828962fde29
12922,2020-10-20 10:00:00+00:00,99.0,19.04364,uppsala,5f9fe38afd517828962fde29
12923,2020-10-20 11:00:00+00:00,7.4,19.04364,uppsala,5f9fe38afd517828962fde29
12924,2020-10-20 12:00:00+00:00,5.8,19.04364,uppsala,5f9fe38afd517828962fde29
12925,2020-10-20 13:00:00+00:00,3.3,19.04364,uppsala,5f9fe38afd517828962fde29
12926,2020-10-20 14:00:00+00:00,0.0,19.04364,uppsala,5f9fe38afd517828962fde29
12927,2020-10-20 15:00:00+00:00,0.0,19.04364,uppsala,5f9fe38afd517828962fde29
12928,2020-10-20 16:00:00+00:00,0.0,19.04364,uppsala,5f9fe38afd517828962fde29
12929,2020-10-20 17:00:00+00:00,0.0,19.04364,uppsala,5f9fe38afd517828962fde29
12930,2020-10-20 18:00:00+00:00,0.0,19.04364,uppsala,5f9fe38afd517828962fde29
12931,2020-10-20 19:00:00+00:00,0.0,19.04364,uppsala,5f9fe38afd517828962fde29
12932,2020-10-20 20:00:00+00:00,0.0,19.04364,uppsala,5f9fe38afd517828962fde29
12933,2020-10-20 21:00:00+00:00,0.0,19.04364,uppsala,5f9fe38afd517828962fde29
12934,2020-10-20 22:00:00+00:00,0.0,19.04364,uppsala,5f9fe38afd517828962fde29
12935,2020-10-20 23:00:00+00:00,0.0,19.04364,uppsala,5f9fe38afd517828962fde29
12936,2020-10-21 00:00:00+00:00,0.0,19.04364,uppsala,5f9fe38afd517828962fde29
12937,2020-10-21 01:00:00+00:00,0.0,19.04364,uppsala,5f9fe38afd517828962fde29
12938,2020-10-21 02:00:00+00:00,0.0,19.04364,uppsala,5f9fe38afd517828962fde29
12939,2020-10-21 03:00:00+00:00,0.0,19.04364,uppsala,5f9fe38afd517828962fde29
12940,2020-10-21 04:00:00+00:00,0.0,19.04364,uppsala,5f9fe38afd517828962fde29
12941,2020-10-21 05:00:00+00:00,0.0,19.04364,uppsala,5f9fe38afd517828962fde29
12942,2020-10-21 06:00:00+00:00,0.0,19.04364,uppsala,5f9fe38afd517828962fde29
12943,2020-10-21 07:00:00+00:00,0.0,19.04364,uppsala,5f9fe38afd517828962fde29
12944,2020-10-21 08:00:00+00:00,20.5,19.04364,uppsala,5f9fe38afd517828962fde29
12945,2020-10-21 09:00:00+00:00,3.2,19.04364,uppsala,5f9fe38afd517828962fde29
12946,2020-10-21 10:00:00+00:00,58.7,19.04364,uppsala,5f9fe38afd517828962fde29
12947,2020-10-21 11:00:00+00:00,5.1,19.04364,uppsala,5f9fe38afd517828962fde29
12948,2020-10-21 12:00:00+00:00,3.9,19.04364,uppsala,5f9fe38afd517828962fde29
12949,2020-10-21 13:00:00+00:00,1.8,19.04364,uppsala,5f9fe38afd517828962fde29
12950,2020-10-21 14:00:00+00:00,0.0,19.04364,uppsala,5f9fe38afd517828962fde29
12951,2020-10-21 15:00:00+00:00,0.0,19.04364,uppsala,5f9fe38afd517828962fde29
12952,2020-10-21 16:00:00+00:00,0.0,19.04364,uppsala,5f9fe38afd517828962fde29
12953,2020-10-21 17:00:00+00:00,0.0,19.04364,uppsala,5f9fe38afd517828962fde29
12954,2020-10-21 18:00:00+00:00,0.0,19.04364,uppsala,5f9fe38afd517828962fde29
12955,2020-10-21 19:00:00+00:00,0.0,19.04364,uppsala,5f9fe38afd517828962fde29
12956,2020-10-21 20:00:00+00:00,0.0,19.04364,uppsala,5f9fe38afd517828962fde29
12957,2020-10-21 21:00:00+00:00,0.0,19.04364,uppsala,5f9fe38afd517828962fde29
12958,2020-10-21 22:00:00+00:00,0.0,19.04364,uppsala,5f9fe38afd517828962fde29
12959,2020-10-21 23:00:00+00:00,0.0,19.04364,uppsala,5f9fe38afd517828962fde29
12960,2020-10-22 00:00:00+00:00,0.0,19.04364,uppsala,5f9fe38afd517828962fde29
12961,2020-10-22 01:00:00+00:00,0.0,19.04364,uppsala,5f9fe38afd517828962fde29
12962,2020-10-22 02:00:00+00:00,0.0,19.04364,uppsala,5f9fe38afd517828962fde29
12963,2020-10-22 03:00:00+00:00,0.0,19.04364,uppsala,5f9fe38afd517828962fde29
12964,2020-10-22 04:00:00+00:00,0.0,19.04364,uppsala,5f9fe38afd517828962fde29
12965,2020-10-22 05:00:00+00:00,0.0,19.04364,uppsala,5f9fe38afd517828962fde29
12966,2020-10-22 06:00:00+00:00,0.0,19.04364,uppsala,5f9fe38afd517828962fde29
12967,2020-10-22 07:00:00+00:00,0.0,19.04364,uppsala,5f9fe38afd517828962fde29
12968,2020-10-22 08:00:00+00:00,0.7000000000000001,19.04364,uppsala,5f9fe38afd517828962fde29
12969,2020-10-22 09:00:00+00:00,3.5,19.04364,uppsala,5f9fe38afd517828962fde29
12970,2020-10-22 10:00:00+00:00,4.9,19.04364,uppsala,5f9fe38afd517828962fde29
12971,2020-10-22 11:00:00+00:00,4.8,19.04364,uppsala,5f9fe38afd517828962fde29
12972,2020-10-22 12:00:00+00:00,3.5,19.04364,uppsala,5f9fe38afd517828962fde29
12973,2020-10-22 13:00:00+00:00,0.8,19.04364,uppsala,5f9fe38afd517828962fde29
12974,2020-10-22 14:00:00+00:00,0.5,19.04364,uppsala,5f9fe38afd517828962fde29
12975,2020-10-22 15:00:00+00:00,0.0,19.04364,uppsala,5f9fe38afd517828962fde29
12976,2020-10-22 16:00:00+00:00,0.0,19.04364,uppsala,5f9fe38afd517828962fde29
12977,2020-10-22 17:00:00+00:00,0.0,19.04364,uppsala,5f9fe38afd517828962fde29
12978,2020-10-22 18:00:00+00:00,0.0,19.04364,uppsala,5f9fe38afd517828962fde29
12979,2020-10-22 19:00:00+00:00,0.0,19.04364,uppsala,5f9fe38afd517828962fde29
12980,2020-10-22 20:00:00+00:00,0.0,19.04364,uppsala,5f9fe38afd517828962fde29
12981,2020-10-22 21:00:00+00:00,0.0,19.04364,uppsala,5f9fe38afd517828962fde29
12982,2020-10-22 22:00:00+00:00,0.0,19.04364,uppsala,5f9fe38afd517828962fde29
12983,2020-10-22 23:00:00+00:00,0.0,19.04364,uppsala,5f9fe38afd517828962fde29
12984,2020-10-23 00:00:00+00:00,0.0,19.04364,uppsala,5f9fe38afd517828962fde29
12985,2020-10-23 01:00:00+00:00,0.0,19.04364,uppsala,5f9fe38afd517828962fde29
12986,2020-10-23 02:00:00+00:00,0.0,19.04364,uppsala,5f9fe38afd517828962fde29
12987,2020-10-23 03:00:00+00:00,0.0,19.04364,uppsala,5f9fe38afd517828962fde29
12988,2020-10-23 04:00:00+00:00,0.0,19.04364,uppsala,5f9fe38afd517828962fde29
12989,2020-10-23 05:00:00+00:00,0.0,19.04364,uppsala,5f9fe38afd517828962fde29
12990,2020-10-23 06:00:00+00:00,0.0,19.04364,uppsala,5f9fe38afd517828962fde29
12991,2020-10-23 07:00:00+00:00,43.1,19.04364,uppsala,5f9fe38afd517828962fde29
12992,2020-10-23 08:00:00+00:00,5.9,19.04364,uppsala,5f9fe38afd517828962fde29
12993,2020-10-23 09:00:00+00:00,542.8,19.04364,uppsala,5f9fe38afd517828962fde29
12994,2020-10-23 10:00:00+00:00,8.7,19.04364,uppsala,5f9fe38afd517828962fde29
12995,2020-10-23 11:00:00+00:00,291.3,19.04364,uppsala,5f9fe38afd517828962fde29
12996,2020-10-23 12:00:00+00:00,294.9,19.04364,uppsala,5f9fe38afd517828962fde29
12997,2020-10-23 13:00:00+00:00,497.0,19.04364,uppsala,5f9fe38afd517828962fde29
12998,2020-10-23 14:00:00+00:00,558.2,19.04364,uppsala,5f9fe38afd517828962fde29
12999,2020-10-23 15:00:00+00:00,96.3,19.04364,uppsala,5f9fe38afd517828962fde29
13000,2020-10-23 16:00:00+00:00,0.0,19.04364,uppsala,5f9fe38afd517828962fde29
13001,2020-10-23 17:00:00+00:00,0.0,19.04364,uppsala,5f9fe38afd517828962fde29
13002,2020-10-23 18:00:00+00:00,0.0,19.04364,uppsala,5f9fe38afd517828962fde29
13003,2020-10-23 19:00:00+00:00,0.0,19.04364,uppsala,5f9fe38afd517828962fde29
13004,2020-10-23 20:00:00+00:00,0.0,19.04364,uppsala,5f9fe38afd517828962fde29
13005,2020-10-23 21:00:00+00:00,0.0,19.04364,uppsala,5f9fe38afd517828962fde29
13006,2020-10-23 22:00:00+00:00,0.0,19.04364,uppsala,5f9fe38afd517828962fde29
13007,2020-10-23 23:00:00+00:00,0.0,19.04364,uppsala,5f9fe38afd517828962fde29
13008,2020-10-24 00:00:00+00:00,0.0,19.04364,uppsala,5f9fe38afd517828962fde29
13009,2020-10-24 01:00:00+00:00,0.0,19.04364,uppsala,5f9fe38afd517828962fde29
13010,2020-10-24 02:00:00+00:00,0.0,19.04364,uppsala,5f9fe38afd517828962fde29
13011,2020-10-24 03:00:00+00:00,0.0,19.04364,uppsala,5f9fe38afd517828962fde29
13012,2020-10-24 04:00:00+00:00,0.0,19.04364,uppsala,5f9fe38afd517828962fde29
13013,2020-10-24 05:00:00+00:00,0.0,19.04364,uppsala,5f9fe38afd517828962fde29
13014,2020-10-24 06:00:00+00:00,0.0,19.04364,uppsala,5f9fe38afd517828962fde29
13015,2020-10-24 07:00:00+00:00,0.0,19.04364,uppsala,5f9fe38afd517828962fde29
13016,2020-10-24 08:00:00+00:00,1.1,19.04364,uppsala,5f9fe38afd517828962fde29
13017,2020-10-24 09:00:00+00:00,6.9,19.04364,uppsala,5f9fe38afd517828962fde29
13018,2020-10-24 10:00:00+00:00,6.5,19.04364,uppsala,5f9fe38afd517828962fde29
13019,2020-10-24 11:00:00+00:00,4.9,19.04364,uppsala,5f9fe38afd517828962fde29
13020,2020-10-24 12:00:00+00:00,11.5,19.04364,uppsala,5f9fe38afd517828962fde29
13021,2020-10-24 13:00:00+00:00,1.7000000000000002,19.04364,uppsala,5f9fe38afd517828962fde29
13022,2020-10-24 14:00:00+00:00,123.2,19.04364,uppsala,5f9fe38afd517828962fde29
13023,2020-10-24 15:00:00+00:00,3.8,19.04364,uppsala,5f9fe38afd517828962fde29
13024,2020-10-24 16:00:00+00:00,0.0,19.04364,uppsala,5f9fe38afd517828962fde29
13025,2020-10-24 17:00:00+00:00,0.0,19.04364,uppsala,5f9fe38afd517828962fde29
13026,2020-10-24 18:00:00+00:00,0.0,19.04364,uppsala,5f9fe38afd517828962fde29
13027,2020-10-24 19:00:00+00:00,0.0,19.04364,uppsala,5f9fe38afd517828962fde29
13028,2020-10-24 20:00:00+00:00,0.0,19.04364,uppsala,5f9fe38afd517828962fde29
13029,2020-10-24 21:00:00+00:00,0.0,19.04364,uppsala,5f9fe38afd517828962fde29
13030,2020-10-24 22:00:00+00:00,0.0,19.04364,uppsala,5f9fe38afd517828962fde29
13031,2020-10-24 23:00:00+00:00,0.0,19.04364,uppsala,5f9fe38afd517828962fde29
13032,2020-10-25 00:00:00+00:00,0.0,19.04364,uppsala,5f9fe38afd517828962fde29
13033,2020-10-25 01:00:00+00:00,0.0,19.04364,uppsala,5f9fe38afd517828962fde29
13034,2020-10-25 02:00:00+00:00,0.0,19.04364,uppsala,5f9fe38afd517828962fde29
13035,2020-10-25 03:00:00+00:00,0.0,19.04364,uppsala,5f9fe38afd517828962fde29
13036,2020-10-25 04:00:00+00:00,0.0,19.04364,uppsala,5f9fe38afd517828962fde29
13037,2020-10-25 05:00:00+00:00,0.0,19.04364,uppsala,5f9fe38afd517828962fde29
13038,2020-10-25 06:00:00+00:00,0.0,19.04364,uppsala,5f9fe38afd517828962fde29
13039,2020-10-25 07:00:00+00:00,0.0,19.04364,uppsala,5f9fe38afd517828962fde29
13040,2020-10-25 08:00:00+00:00,0.0,19.04364,uppsala,5f9fe38afd517828962fde29
13041,2020-10-25 09:00:00+00:00,0.1,19.04364,uppsala,5f9fe38afd517828962fde29
13042,2020-10-25 10:00:00+00:00,1.0,19.04364,uppsala,5f9fe38afd517828962fde29
13043,2020-10-25 11:00:00+00:00,1.1,19.04364,uppsala,5f9fe38afd517828962fde29
13044,2020-10-25 12:00:00+00:00,0.1,19.04364,uppsala,5f9fe38afd517828962fde29
13045,2020-10-25 13:00:00+00:00,0.0,19.04364,uppsala,5f9fe38afd517828962fde29
13046,2020-10-25 14:00:00+00:00,0.0,19.04364,uppsala,5f9fe38afd517828962fde29
13047,2020-10-25 15:00:00+00:00,0.0,19.04364,uppsala,5f9fe38afd517828962fde29
13048,2020-10-25 16:00:00+00:00,0.0,19.04364,uppsala,5f9fe38afd517828962fde29
13049,2020-10-25 17:00:00+00:00,0.0,19.04364,uppsala,5f9fe38afd517828962fde29
13050,2020-10-25 18:00:00+00:00,0.0,19.04364,uppsala,5f9fe38afd517828962fde29
13051,2020-10-25 19:00:00+00:00,0.0,19.04364,uppsala,5f9fe38afd517828962fde29
13052,2020-10-25 20:00:00+00:00,0.0,19.04364,uppsala,5f9fe38afd517828962fde29
13053,2020-10-25 21:00:00+00:00,0.0,19.04364,uppsala,5f9fe38afd517828962fde29
13054,2020-10-25 22:00:00+00:00,0.0,19.04364,uppsala,5f9fe38afd517828962fde29
13055,2020-10-25 23:00:00+00:00,0.0,19.04364,uppsala,5f9fe38afd517828962fde29
13056,2020-10-26 00:00:00+00:00,0.0,19.04364,uppsala,5f9fe38afd517828962fde29
13057,2020-10-26 01:00:00+00:00,0.0,19.04364,uppsala,5f9fe38afd517828962fde29
13058,2020-10-26 02:00:00+00:00,0.0,19.04364,uppsala,5f9fe38afd517828962fde29
13059,2020-10-26 03:00:00+00:00,0.0,19.04364,uppsala,5f9fe38afd517828962fde29
13060,2020-10-26 04:00:00+00:00,0.0,19.04364,uppsala,5f9fe38afd517828962fde29
13061,2020-10-26 05:00:00+00:00,0.0,19.04364,uppsala,5f9fe38afd517828962fde29
13062,2020-10-26 06:00:00+00:00,0.0,19.04364,uppsala,5f9fe38afd517828962fde29
13063,2020-10-26 07:00:00+00:00,0.0,19.04364,uppsala,5f9fe38afd517828962fde29
13064,2020-10-26 08:00:00+00:00,0.0,19.04364,uppsala,5f9fe38afd517828962fde29
13065,2020-10-26 09:00:00+00:00,10.9,19.04364,uppsala,5f9fe38afd517828962fde29
13066,2020-10-26 10:00:00+00:00,4.0,19.04364,uppsala,5f9fe38afd517828962fde29
13067,2020-10-26 11:00:00+00:00,52.6,19.04364,uppsala,5f9fe38afd517828962fde29
13068,2020-10-26 12:00:00+00:00,439.2,19.04364,uppsala,5f9fe38afd517828962fde29
13069,2020-10-26 13:00:00+00:00,2.5,19.04364,uppsala,5f9fe38afd517828962fde29
13070,2020-10-26 14:00:00+00:00,0.0,19.04364,uppsala,5f9fe38afd517828962fde29
13071,2020-10-26 15:00:00+00:00,0.0,19.04364,uppsala,5f9fe38afd517828962fde29
13072,2020-10-26 16:00:00+00:00,0.0,19.04364,uppsala,5f9fe38afd517828962fde29
13073,2020-10-26 17:00:00+00:00,0.0,19.04364,uppsala,5f9fe38afd517828962fde29
13074,2020-10-26 18:00:00+00:00,0.0,19.04364,uppsala,5f9fe38afd517828962fde29
13075,2020-10-26 19:00:00+00:00,0.0,19.04364,uppsala,5f9fe38afd517828962fde29
13076,2020-10-26 20:00:00+00:00,0.0,19.04364,uppsala,5f9fe38afd517828962fde29
13077,2020-10-26 21:00:00+00:00,0.0,19.04364,uppsala,5f9fe38afd517828962fde29
13078,2020-10-26 22:00:00+00:00,0.0,19.04364,uppsala,5f9fe38afd517828962fde29
13079,2020-10-26 23:00:00+00:00,0.0,19.04364,uppsala,5f9fe38afd517828962fde29
13080,2020-10-27 00:00:00+00:00,0.0,19.04364,uppsala,5f9fe38afd517828962fde29
13081,2020-10-27 01:00:00+00:00,0.0,19.04364,uppsala,5f9fe38afd517828962fde29
13082,2020-10-27 02:00:00+00:00,0.0,19.04364,uppsala,5f9fe38afd517828962fde29
13083,2020-10-27 03:00:00+00:00,0.0,19.04364,uppsala,5f9fe38afd517828962fde29
13084,2020-10-27 04:00:00+00:00,0.0,19.04364,uppsala,5f9fe38afd517828962fde29
13085,2020-10-27 05:00:00+00:00,0.0,19.04364,uppsala,5f9fe38afd517828962fde29
13086,2020-10-27 06:00:00+00:00,0.0,19.04364,uppsala,5f9fe38afd517828962fde29
13087,2020-10-27 07:00:00+00:00,7.0,19.04364,uppsala,5f9fe38afd517828962fde29
13088,2020-10-27 08:00:00+00:00,3.5,19.04364,uppsala,5f9fe38afd517828962fde29
13089,2020-10-27 09:00:00+00:00,10.4,19.04364,uppsala,5f9fe38afd517828962fde29
13090,2020-10-27 10:00:00+00:00,5.5,19.04364,uppsala,5f9fe38afd517828962fde29
13091,2020-10-27 11:00:00+00:00,5.5,19.04364,uppsala,5f9fe38afd517828962fde29
13092,2020-10-27 12:00:00+00:00,128.4,19.04364,uppsala,5f9fe38afd517828962fde29
13093,2020-10-27 13:00:00+00:00,249.0,19.04364,uppsala,5f9fe38afd517828962fde29
13094,2020-10-27 14:00:00+00:00,0.0,19.04364,uppsala,5f9fe38afd517828962fde29
13095,2020-10-27 15:00:00+00:00,0.0,19.04364,uppsala,5f9fe38afd517828962fde29
13096,2020-10-27 16:00:00+00:00,0.0,19.04364,uppsala,5f9fe38afd517828962fde29
13097,2020-10-27 17:00:00+00:00,0.0,19.04364,uppsala,5f9fe38afd517828962fde29
13098,2020-10-27 18:00:00+00:00,0.0,19.04364,uppsala,5f9fe38afd517828962fde29
13099,2020-10-27 19:00:00+00:00,0.0,19.04364,uppsala,5f9fe38afd517828962fde29
13100,2020-10-27 20:00:00+00:00,0.0,19.04364,uppsala,5f9fe38afd517828962fde29
13101,2020-10-27 21:00:00+00:00,0.0,19.04364,uppsala,5f9fe38afd517828962fde29
13102,2020-10-27 22:00:00+00:00,0.0,19.04364,uppsala,5f9fe38afd517828962fde29
13103,2020-10-27 23:00:00+00:00,0.0,19.04364,uppsala,5f9fe38afd517828962fde29
13104,2020-10-28 00:00:00+00:00,0.0,19.04364,uppsala,5f9fe38afd517828962fde29
13105,2020-10-28 01:00:00+00:00,0.0,19.04364,uppsala,5f9fe38afd517828962fde29
13106,2020-10-28 02:00:00+00:00,0.0,19.04364,uppsala,5f9fe38afd517828962fde29
13107,2020-10-28 03:00:00+00:00,0.0,19.04364,uppsala,5f9fe38afd517828962fde29
13108,2020-10-28 04:00:00+00:00,0.0,19.04364,uppsala,5f9fe38afd517828962fde29
13109,2020-10-28 05:00:00+00:00,0.0,19.04364,uppsala,5f9fe38afd517828962fde29
13110,2020-10-28 06:00:00+00:00,0.0,19.04364,uppsala,5f9fe38afd517828962fde29
13111,2020-10-28 07:00:00+00:00,328.5,19.04364,uppsala,5f9fe38afd517828962fde29
13112,2020-10-28 08:00:00+00:00,408.0,19.04364,uppsala,5f9fe38afd517828962fde29
13113,2020-10-28 09:00:00+00:00,300.9,19.04364,uppsala,5f9fe38afd517828962fde29
13114,2020-10-28 10:00:00+00:00,31.0,19.04364,uppsala,5f9fe38afd517828962fde29
13115,2020-10-28 11:00:00+00:00,3.9,19.04364,uppsala,5f9fe38afd517828962fde29
13116,2020-10-28 12:00:00+00:00,2.5,19.04364,uppsala,5f9fe38afd517828962fde29
13117,2020-10-28 13:00:00+00:00,43.5,19.04364,uppsala,5f9fe38afd517828962fde29
13118,2020-10-28 14:00:00+00:00,14.1,19.04364,uppsala,5f9fe38afd517828962fde29
13119,2020-10-28 15:00:00+00:00,0.0,19.04364,uppsala,5f9fe38afd517828962fde29
13120,2020-10-28 16:00:00+00:00,0.0,19.04364,uppsala,5f9fe38afd517828962fde29
13121,2020-10-28 17:00:00+00:00,0.0,19.04364,uppsala,5f9fe38afd517828962fde29
13122,2020-10-28 18:00:00+00:00,0.0,19.04364,uppsala,5f9fe38afd517828962fde29
13123,2020-10-28 19:00:00+00:00,0.0,19.04364,uppsala,5f9fe38afd517828962fde29
13124,2020-10-28 20:00:00+00:00,0.0,19.04364,uppsala,5f9fe38afd517828962fde29
13125,2020-10-28 21:00:00+00:00,0.0,19.04364,uppsala,5f9fe38afd517828962fde29
13126,2020-10-28 22:00:00+00:00,0.0,19.04364,uppsala,5f9fe38afd517828962fde29
13127,2020-10-28 23:00:00+00:00,0.0,19.04364,uppsala,5f9fe38afd517828962fde29
13128,2020-10-29 00:00:00+00:00,0.0,19.04364,uppsala,5f9fe38afd517828962fde29
13129,2020-10-29 01:00:00+00:00,0.0,19.04364,uppsala,5f9fe38afd517828962fde29
13130,2020-10-29 02:00:00+00:00,0.0,19.04364,uppsala,5f9fe38afd517828962fde29
13131,2020-10-29 03:00:00+00:00,0.0,19.04364,uppsala,5f9fe38afd517828962fde29
13132,2020-10-29 04:00:00+00:00,0.0,19.04364,uppsala,5f9fe38afd517828962fde29
13133,2020-10-29 05:00:00+00:00,0.0,19.04364,uppsala,5f9fe38afd517828962fde29
13134,2020-10-29 06:00:00+00:00,0.0,19.04364,uppsala,5f9fe38afd517828962fde29
13135,2020-10-29 07:00:00+00:00,131.7,19.04364,uppsala,5f9fe38afd517828962fde29
13136,2020-10-29 08:00:00+00:00,531.7,4.09,uppsala,5f9fe38afd517828962fde29
13137,2020-10-29 09:00:00+00:00,630.9,5.27,uppsala,5f9fe38afd517828962fde29
13138,2020-10-29 10:00:00+00:00,544.0,3.65,uppsala,5f9fe38afd517828962fde29
13139,2020-10-29 11:00:00+00:00,538.7,2.48,uppsala,5f9fe38afd517828962fde29
13140,2020-10-29 12:00:00+00:00,356.8,0.87,uppsala,5f9fe38afd517828962fde29
13141,2020-10-29 13:00:00+00:00,430.5,0.33,uppsala,5f9fe38afd517828962fde29
13142,2020-10-29 14:00:00+00:00,45.8,0.05,uppsala,5f9fe38afd517828962fde29
13143,2020-10-29 15:00:00+00:00,0.0,0.0,uppsala,5f9fe38afd517828962fde29
13144,2020-10-29 16:00:00+00:00,0.0,0.0,uppsala,5f9fe38afd517828962fde29
13145,2020-10-29 17:00:00+00:00,0.0,0.0,uppsala,5f9fe38afd517828962fde29
13146,2020-10-29 18:00:00+00:00,0.0,0.0,uppsala,5f9fe38afd517828962fde29
13147,2020-10-29 19:00:00+00:00,0.0,0.0,uppsala,5f9fe38afd517828962fde29
13148,2020-10-29 20:00:00+00:00,0.0,0.0,uppsala,5f9fe38afd517828962fde29
13149,2020-10-29 21:00:00+00:00,0.0,0.0,uppsala,5f9fe38afd517828962fde29
13150,2020-10-29 22:00:00+00:00,0.0,0.0,uppsala,5f9fe38afd517828962fde29
13151,2020-10-29 23:00:00+00:00,0.0,0.0,uppsala,5f9fe38afd517828962fde29
13152,2020-10-30 00:00:00+00:00,0.0,0.0,uppsala,5f9fe38afd517828962fde29
13153,2020-10-30 01:00:00+00:00,0.0,0.0,uppsala,5f9fe38afd517828962fde29
13154,2020-10-30 02:00:00+00:00,0.0,0.0,uppsala,5f9fe38afd517828962fde29
13155,2020-10-30 03:00:00+00:00,0.0,0.0,uppsala,5f9fe38afd517828962fde29
13156,2020-10-30 04:00:00+00:00,0.0,0.0,uppsala,5f9fe38afd517828962fde29
13157,2020-10-30 05:00:00+00:00,0.0,0.0,uppsala,5f9fe38afd517828962fde29
13158,2020-10-30 06:00:00+00:00,0.0,0.12,uppsala,5f9fe38afd517828962fde29
13159,2020-10-30 07:00:00+00:00,0.0,1.7,uppsala,5f9fe38afd517828962fde29
13160,2020-10-30 08:00:00+00:00,421.8,4.55,uppsala,5f9fe38afd517828962fde29
13161,2020-10-30 09:00:00+00:00,635.9,5.37,uppsala,5f9fe38afd517828962fde29
13162,2020-10-30 10:00:00+00:00,42.1,2.46,uppsala,5f9fe38afd517828962fde29
13163,2020-10-30 11:00:00+00:00,615.6,2.06,uppsala,5f9fe38afd517828962fde29
13164,2020-10-30 12:00:00+00:00,682.3,1.17,uppsala,5f9fe38afd517828962fde29
13165,2020-10-30 13:00:00+00:00,593.5,0.54,uppsala,5f9fe38afd517828962fde29
13166,2020-10-30 14:00:00+00:00,418.4,0.04,uppsala,5f9fe38afd517828962fde29
13167,2020-10-30 15:00:00+00:00,0.0,0.0,uppsala,5f9fe38afd517828962fde29
13168,2020-10-30 16:00:00+00:00,0.0,0.0,uppsala,5f9fe38afd517828962fde29
13169,2020-10-30 17:00:00+00:00,0.0,0.0,uppsala,5f9fe38afd517828962fde29
13170,2020-10-30 18:00:00+00:00,0.0,0.0,uppsala,5f9fe38afd517828962fde29
13171,2020-10-30 19:00:00+00:00,0.0,0.0,uppsala,5f9fe38afd517828962fde29
13172,2020-10-30 20:00:00+00:00,0.0,0.0,uppsala,5f9fe38afd517828962fde29
13173,2020-10-30 21:00:00+00:00,0.0,0.0,uppsala,5f9fe38afd517828962fde29
13174,2020-10-30 22:00:00+00:00,0.0,0.0,uppsala,5f9fe38afd517828962fde29
13175,2020-10-30 23:00:00+00:00,0.0,0.0,uppsala,5f9fe38afd517828962fde29
13176,2020-10-31 00:00:00+00:00,0.0,0.0,uppsala,5f9fe38afd517828962fde29
13177,2020-10-31 01:00:00+00:00,0.0,0.0,uppsala,5f9fe38afd517828962fde29
13178,2020-10-31 02:00:00+00:00,0.0,0.0,uppsala,5f9fe38afd517828962fde29
13179,2020-10-31 03:00:00+00:00,0.0,0.0,uppsala,5f9fe38afd517828962fde29
13180,2020-10-31 04:00:00+00:00,0.0,0.0,uppsala,5f9fe38afd517828962fde29
13181,2020-10-31 05:00:00+00:00,0.0,0.0,uppsala,5f9fe38afd517828962fde29
13182,2020-10-31 06:00:00+00:00,0.0,0.0,uppsala,5f9fe38afd517828962fde29
13183,2020-10-31 07:00:00+00:00,0.0,0.14,uppsala,5f9fe38afd517828962fde29
13184,2020-10-31 08:00:00+00:00,2.7,0.46,uppsala,5f9fe38afd517828962fde29
13185,2020-10-31 09:00:00+00:00,2.5,0.96,uppsala,5f9fe38afd517828962fde29
13186,2020-10-31 10:00:00+00:00,7.4,1.26,uppsala,5f9fe38afd517828962fde29
13187,2020-10-31 11:00:00+00:00,4.2,0.57,uppsala,5f9fe38afd517828962fde29
13188,2020-10-31 12:00:00+00:00,3.3,0.39,uppsala,5f9fe38afd517828962fde29
13189,2020-10-31 13:00:00+00:00,0.1,0.1,uppsala,5f9fe38afd517828962fde29
13190,2020-10-31 14:00:00+00:00,0.0,0.0,uppsala,5f9fe38afd517828962fde29
13191,2020-10-31 15:00:00+00:00,0.0,0.0,uppsala,5f9fe38afd517828962fde29
13192,2020-10-31 16:00:00+00:00,0.0,0.0,uppsala,5f9fe38afd517828962fde29
13193,2020-10-31 17:00:00+00:00,0.0,0.0,uppsala,5f9fe38afd517828962fde29
13194,2020-10-31 18:00:00+00:00,0.0,0.0,uppsala,5f9fe38afd517828962fde29
13195,2020-10-31 19:00:00+00:00,0.0,0.0,uppsala,5f9fe38afd517828962fde29
13196,2020-10-31 20:00:00+00:00,0.0,0.0,uppsala,5f9fe38afd517828962fde29
13197,2020-10-31 21:00:00+00:00,0.0,0.0,uppsala,5f9fe38afd517828962fde29
13198,2020-10-31 22:00:00+00:00,0.0,0.0,uppsala,5f9fe38afd517828962fde29
13199,2020-10-31 23:00:00+00:00,0.0,0.0,uppsala,5f9fe38afd517828962fde29
13200,2020-11-01 00:00:00+00:00,0.0,0.0,uppsala,5f9fe38afd517828962fde29
13201,2020-11-01 01:00:00+00:00,0.0,0.0,uppsala,5f9fe38afd517828962fde29
13202,2020-11-01 02:00:00+00:00,0.0,0.0,uppsala,5f9fe38afd517828962fde29
13203,2020-11-01 03:00:00+00:00,0.0,0.0,uppsala,5f9fe38afd517828962fde29
13204,2020-11-01 04:00:00+00:00,0.0,0.0,uppsala,5f9fe38afd517828962fde29
13205,2020-11-01 05:00:00+00:00,0.0,0.0,uppsala,5f9fe38afd517828962fde29
13206,2020-11-01 06:00:00+00:00,0.0,0.0,uppsala,5f9fe38afd517828962fde29
13207,2020-11-01 07:00:00+00:00,0.0,0.13,uppsala,5f9fe38afd517828962fde29
13208,2020-11-01 08:00:00+00:00,0.0,0.27,uppsala,5f9fe38afd517828962fde29
13209,2020-11-01 09:00:00+00:00,0.7000000000000001,0.45,uppsala,5f9fe38afd517828962fde29
13210,2020-11-01 10:00:00+00:00,1.9,0.47,uppsala,5f9fe38afd517828962fde29
13211,2020-11-01 11:00:00+00:00,5.0,0.39,uppsala,5f9fe38afd517828962fde29
13212,2020-11-01 12:00:00+00:00,1.5,0.17,uppsala,5f9fe38afd517828962fde29
13213,2020-11-01 13:00:00+00:00,0.0,0.0,uppsala,5f9fe38afd517828962fde29
13214,2020-11-01 14:00:00+00:00,0.0,0.0,uppsala,5f9fe38afd517828962fde29
13215,2020-11-01 15:00:00+00:00,0.0,0.0,uppsala,5f9fe38afd517828962fde29
13216,2020-11-01 16:00:00+00:00,0.0,0.0,uppsala,5f9fe38afd517828962fde29
13217,2020-11-01 17:00:00+00:00,0.0,0.0,uppsala,5f9fe38afd517828962fde29
13218,2020-11-01 18:00:00+00:00,0.0,0.0,uppsala,5f9fe38afd517828962fde29
13219,2020-11-01 19:00:00+00:00,0.0,0.0,uppsala,5f9fe38afd517828962fde29
13220,2020-11-01 20:00:00+00:00,0.0,0.0,uppsala,5f9fe38afd517828962fde29
13221,2020-11-01 21:00:00+00:00,0.0,0.0,uppsala,5f9fe38afd517828962fde29
13222,2020-11-01 22:00:00+00:00,0.0,0.0,uppsala,5f9fe38afd517828962fde29
13223,2020-11-01 23:00:00+00:00,0.0,0.0724,uppsala,5f9fe38afd517828962fde29
13224,2020-11-02 00:00:00+00:00,0.0,0.0724,uppsala,5f9fe38afd517828962fde29
13225,2020-11-02 01:00:00+00:00,0.0,0.0724,uppsala,5f9fe38afd517828962fde29
13226,2020-11-02 02:00:00+00:00,0.0,0.0724,uppsala,5f9fe38afd517828962fde29
13227,2020-11-02 03:00:00+00:00,0.0,0.0724,uppsala,5f9fe38afd517828962fde29
13228,2020-11-02 04:00:00+00:00,0.0,0.0724,uppsala,5f9fe38afd517828962fde29
13229,2020-11-02 05:00:00+00:00,0.0,0.0724,uppsala,5f9fe38afd517828962fde29
13230,2020-11-02 06:00:00+00:00,0.0,0.0724,uppsala,5f9fe38afd517828962fde29
13231,2020-11-02 07:00:00+00:00,0.0,0.0724,uppsala,5f9fe38afd517828962fde29
13232,2020-11-02 08:00:00+00:00,0.0,0.0724,uppsala,5f9fe38afd517828962fde29
13233,2020-11-02 09:00:00+00:00,0.0,0.0724,uppsala,5f9fe38afd517828962fde29
13234,2020-11-02 10:00:00+00:00,0.9,0.0724,uppsala,5f9fe38afd517828962fde29
13235,2020-11-02 11:00:00+00:00,0.4,0.0724,uppsala,5f9fe38afd517828962fde29
13236,2020-11-02 12:00:00+00:00,0.0,0.0724,uppsala,5f9fe38afd517828962fde29
13237,2020-11-02 13:00:00+00:00,0.0,0.0724,uppsala,5f9fe38afd517828962fde29
13238,2020-11-02 14:00:00+00:00,0.0,0.0724,uppsala,5f9fe38afd517828962fde29
13239,2020-11-02 15:00:00+00:00,0.0,0.0724,uppsala,5f9fe38afd517828962fde29
13240,2020-11-02 16:00:00+00:00,0.0,0.0724,uppsala,5f9fe38afd517828962fde29
13241,2020-11-02 17:00:00+00:00,0.0,0.0724,uppsala,5f9fe38afd517828962fde29
13242,2020-11-02 18:00:00+00:00,0.0,0.0724,uppsala,5f9fe38afd517828962fde29
13243,2020-11-02 19:00:00+00:00,0.0,0.0724,uppsala,5f9fe38afd517828962fde29
13244,2020-11-02 20:00:00+00:00,0.0,0.0724,uppsala,5f9fe38afd517828962fde29
13245,2020-11-02 21:00:00+00:00,0.0,0.0724,uppsala,5f9fe38afd517828962fde29
13246,2020-11-02 22:00:00+00:00,0.0,0.0724,uppsala,5f9fe38afd517828962fde29
13247,2020-11-02 23:00:00+00:00,0.0,0.0724,uppsala,5f9fe38afd517828962fde29
13248,2020-11-03 00:00:00+00:00,0.0,0.0,uppsala,5f9fe38afd517828962fde29
13249,2020-11-03 01:00:00+00:00,0.0,0.0,uppsala,5f9fe38afd517828962fde29
13250,2020-11-03 02:00:00+00:00,0.0,0.0,uppsala,5f9fe38afd517828962fde29
13251,2020-11-03 03:00:00+00:00,0.0,0.0,uppsala,5f9fe38afd517828962fde29
13252,2020-11-03 04:00:00+00:00,0.0,0.0,uppsala,5f9fe38afd517828962fde29
13253,2020-11-03 05:00:00+00:00,0.0,0.0,uppsala,5f9fe38afd517828962fde29
13254,2020-11-03 06:00:00+00:00,0.0,0.01,uppsala,5f9fe38afd517828962fde29
13255,2020-11-03 07:00:00+00:00,0.0,0.23,uppsala,5f9fe38afd517828962fde29
13256,2020-11-03 08:00:00+00:00,0.0,0.96,uppsala,5f9fe38afd517828962fde29
13257,2020-11-03 09:00:00+00:00,35.3,1.79,uppsala,5f9fe38afd517828962fde29
13258,2020-11-03 10:00:00+00:00,45.9,1.81,uppsala,5f9fe38afd517828962fde29
13259,2020-11-03 11:00:00+00:00,31.0,3.96,uppsala,5f9fe38afd517828962fde29
13260,2020-11-03 12:00:00+00:00,551.2,3.61,uppsala,5f9fe38afd517828962fde29
13261,2020-11-03 13:00:00+00:00,522.6,2.54,uppsala,5f9fe38afd517828962fde29
13262,2020-11-03 14:00:00+00:00,290.5,0.41,uppsala,5f9fe38afd517828962fde29
13263,2020-11-03 15:00:00+00:00,0.0,0.0,uppsala,5f9fe38afd517828962fde29
13264,2020-11-03 16:00:00+00:00,0.0,0.0,uppsala,5f9fe38afd517828962fde29
13265,2020-11-03 17:00:00+00:00,0.0,0.0,uppsala,5f9fe38afd517828962fde29
13266,2020-11-03 18:00:00+00:00,0.0,0.0,uppsala,5f9fe38afd517828962fde29
13267,2020-11-03 19:00:00+00:00,0.0,0.0,uppsala,5f9fe38afd517828962fde29
13268,2020-11-03 20:00:00+00:00,0.0,0.0,uppsala,5f9fe38afd517828962fde29
13269,2020-11-03 21:00:00+00:00,0.0,0.0,uppsala,5f9fe38afd517828962fde29
13270,2020-11-03 22:00:00+00:00,0.0,0.0,uppsala,5f9fe38afd517828962fde29
13271,2020-11-03 23:00:00+00:00,0.0,0.0,uppsala,5f9fe38afd517828962fde29
13272,2020-11-04 00:00:00+00:00,0.0,0.0,uppsala,5f9fe38afd517828962fde29
13273,2020-11-04 01:00:00+00:00,0.0,0.0,uppsala,5f9fe38afd517828962fde29
13274,2020-11-04 02:00:00+00:00,0.0,0.0,uppsala,5f9fe38afd517828962fde29
13275,2020-11-04 03:00:00+00:00,0.0,0.0,uppsala,5f9fe38afd517828962fde29
13276,2020-11-04 04:00:00+00:00,0.0,0.0,uppsala,5f9fe38afd517828962fde29
13277,2020-11-04 05:00:00+00:00,0.0,0.0,uppsala,5f9fe38afd517828962fde29
13278,2020-11-04 06:00:00+00:00,0.0,0.05,uppsala,5f9fe38afd517828962fde29
13279,2020-11-04 07:00:00+00:00,0.0,1.34,uppsala,5f9fe38afd517828962fde29
13280,2020-11-04 08:00:00+00:00,0.0,3.03,uppsala,5f9fe38afd517828962fde29
13281,2020-11-04 09:00:00+00:00,20.6,1.96,uppsala,5f9fe38afd517828962fde29
13282,2020-11-04 10:00:00+00:00,421.7,3.4,uppsala,5f9fe38afd517828962fde29
13283,2020-11-04 11:00:00+00:00,197.4,3.41,uppsala,5f9fe38afd517828962fde29
13284,2020-11-04 12:00:00+00:00,345.2,1.55,uppsala,5f9fe38afd517828962fde29
13285,2020-11-04 13:00:00+00:00,573.4,1.11,uppsala,5f9fe38afd517828962fde29
13286,2020-11-04 14:00:00+00:00,371.4,0.27,uppsala,5f9fe38afd517828962fde29
13287,2020-11-04 15:00:00+00:00,0.0,0.0,uppsala,5f9fe38afd517828962fde29
13288,2020-11-04 16:00:00+00:00,0.0,0.0,uppsala,5f9fe38afd517828962fde29
13289,2020-11-04 17:00:00+00:00,0.0,0.0,uppsala,5f9fe38afd517828962fde29
13290,2020-11-04 18:00:00+00:00,0.0,0.0,uppsala,5f9fe38afd517828962fde29
13291,2020-11-04 19:00:00+00:00,0.0,0.0,uppsala,5f9fe38afd517828962fde29
13292,2020-11-04 20:00:00+00:00,0.0,0.0,uppsala,5f9fe38afd517828962fde29
13293,2020-11-04 21:00:00+00:00,0.0,0.0,uppsala,5f9fe38afd517828962fde29
13294,2020-11-04 22:00:00+00:00,0.0,0.0,uppsala,5f9fe38afd517828962fde29
13295,2020-11-04 23:00:00+00:00,0.0,0.0,uppsala,5f9fe38afd517828962fde29
13296,2020-11-05 00:00:00+00:00,0.0,0.0,uppsala,5f9fe38afd517828962fde29
13297,2020-11-05 01:00:00+00:00,0.0,0.0,uppsala,5f9fe38afd517828962fde29
13298,2020-11-05 02:00:00+00:00,0.0,0.0,uppsala,5f9fe38afd517828962fde29
13299,2020-11-05 03:00:00+00:00,0.0,0.0,uppsala,5f9fe38afd517828962fde29
13300,2020-11-05 04:00:00+00:00,0.0,0.0,uppsala,5f9fe38afd517828962fde29
13301,2020-11-05 05:00:00+00:00,0.0,0.0,uppsala,5f9fe38afd517828962fde29
13302,2020-11-05 06:00:00+00:00,0.0,0.01,uppsala,5f9fe38afd517828962fde29
13303,2020-11-05 07:00:00+00:00,0.0,0.72,uppsala,5f9fe38afd517828962fde29
13304,2020-11-05 08:00:00+00:00,13.8,2.05,uppsala,5f9fe38afd517828962fde29
13305,2020-11-05 09:00:00+00:00,88.8,4.75,uppsala,5f9fe38afd517828962fde29
13306,2020-11-05 10:00:00+00:00,669.9,4.66,uppsala,5f9fe38afd517828962fde29
13307,2020-11-05 11:00:00+00:00,699.1,5.13,uppsala,5f9fe38afd517828962fde29
13308,2020-11-05 12:00:00+00:00,684.5,4.55,uppsala,5f9fe38afd517828962fde29
13309,2020-11-05 13:00:00+00:00,582.4,2.38,uppsala,5f9fe38afd517828962fde29
13310,2020-11-05 14:00:00+00:00,355.3,0.08,uppsala,5f9fe38afd517828962fde29
13311,2020-11-05 15:00:00+00:00,0.0,0.0,uppsala,5f9fe38afd517828962fde29
13312,2020-11-05 16:00:00+00:00,0.0,0.0,uppsala,5f9fe38afd517828962fde29
13313,2020-11-05 17:00:00+00:00,0.0,0.0,uppsala,5f9fe38afd517828962fde29
13314,2020-11-05 18:00:00+00:00,0.0,0.0,uppsala,5f9fe38afd517828962fde29
13315,2020-11-05 19:00:00+00:00,0.0,0.0,uppsala,5f9fe38afd517828962fde29
13316,2020-11-05 20:00:00+00:00,0.0,0.0,uppsala,5f9fe38afd517828962fde29
13317,2020-11-05 21:00:00+00:00,0.0,0.0,uppsala,5f9fe38afd517828962fde29
13318,2020-11-05 22:00:00+00:00,0.0,0.0,uppsala,5f9fe38afd517828962fde29
13319,2020-11-05 23:00:00+00:00,0.0,0.0,uppsala,5f9fe38afd517828962fde29
13320,2020-11-06 00:00:00+00:00,0.0,0.0,uppsala,5f9fe38afd517828962fde29
13321,2020-11-06 01:00:00+00:00,0.0,0.0,uppsala,5f9fe38afd517828962fde29
13322,2020-11-06 02:00:00+00:00,0.0,0.0,uppsala,5f9fe38afd517828962fde29
13323,2020-11-06 03:00:00+00:00,0.0,0.0,uppsala,5f9fe38afd517828962fde29
13324,2020-11-06 04:00:00+00:00,0.0,0.0,uppsala,5f9fe38afd517828962fde29
13325,2020-11-06 05:00:00+00:00,0.0,0.0,uppsala,5f9fe38afd517828962fde29
13326,2020-11-06 06:00:00+00:00,0.0,0.2,uppsala,5f9fe38afd517828962fde29
13327,2020-11-06 07:00:00+00:00,0.0,1.93,uppsala,5f9fe38afd517828962fde29
13328,2020-11-06 08:00:00+00:00,0.0,3.04,uppsala,5f9fe38afd517828962fde29
13329,2020-11-06 09:00:00+00:00,37.2,1.54,uppsala,5f9fe38afd517828962fde29
13330,2020-11-06 10:00:00+00:00,3.6,3.33,uppsala,5f9fe38afd517828962fde29
13331,2020-11-06 11:00:00+00:00,450.9,4.79,uppsala,5f9fe38afd517828962fde29
13332,2020-11-06 12:00:00+00:00,630.0,3.75,uppsala,5f9fe38afd517828962fde29
13333,2020-11-06 13:00:00+00:00,524.3,1.39,uppsala,5f9fe38afd517828962fde29
13334,2020-11-06 14:00:00+00:00,88.4,0.02,uppsala,5f9fe38afd517828962fde29
13335,2020-11-06 15:00:00+00:00,0.0,0.0,uppsala,5f9fe38afd517828962fde29
13336,2020-11-06 16:00:00+00:00,0.0,0.0,uppsala,5f9fe38afd517828962fde29
13337,2020-11-06 17:00:00+00:00,0.0,0.0,uppsala,5f9fe38afd517828962fde29
13338,2020-11-06 18:00:00+00:00,0.0,0.0,uppsala,5f9fe38afd517828962fde29
13339,2020-11-06 19:00:00+00:00,0.0,0.0,uppsala,5f9fe38afd517828962fde29
13340,2020-11-06 20:00:00+00:00,0.0,0.0,uppsala,5f9fe38afd517828962fde29
13341,2020-11-06 21:00:00+00:00,0.0,0.0,uppsala,5f9fe38afd517828962fde29
13342,2020-11-06 22:00:00+00:00,0.0,0.0,uppsala,5f9fe38afd517828962fde29
13343,2020-11-06 23:00:00+00:00,0.0,0.0,uppsala,5f9fe38afd517828962fde29
13344,2020-11-07 00:00:00+00:00,0.0,0.0,uppsala,5f9fe38afd517828962fde29
13345,2020-11-07 01:00:00+00:00,0.0,0.0,uppsala,5f9fe38afd517828962fde29
13346,2020-11-07 02:00:00+00:00,0.0,0.0,uppsala,5f9fe38afd517828962fde29
13347,2020-11-07 03:00:00+00:00,0.0,0.0,uppsala,5f9fe38afd517828962fde29
13348,2020-11-07 04:00:00+00:00,0.0,0.0,uppsala,5f9fe38afd517828962fde29
13349,2020-11-07 05:00:00+00:00,0.0,0.0,uppsala,5f9fe38afd517828962fde29
13350,2020-11-07 06:00:00+00:00,0.0,0.0,uppsala,5f9fe38afd517828962fde29
13351,2020-11-07 07:00:00+00:00,0.0,0.33,uppsala,5f9fe38afd517828962fde29
13352,2020-11-07 08:00:00+00:00,4.6,0.8,uppsala,5f9fe38afd517828962fde29
13353,2020-11-07 09:00:00+00:00,29.3,0.76,uppsala,5f9fe38afd517828962fde29
13354,2020-11-07 10:00:00+00:00,4.9,1.04,uppsala,5f9fe38afd517828962fde29
13355,2020-11-07 11:00:00+00:00,4.3,0.76,uppsala,5f9fe38afd517828962fde29
13356,2020-11-07 12:00:00+00:00,10.2,0.37,uppsala,5f9fe38afd517828962fde29
13357,2020-11-07 13:00:00+00:00,0.0,0.21,uppsala,5f9fe38afd517828962fde29
13358,2020-11-07 14:00:00+00:00,0.0,0.0,uppsala,5f9fe38afd517828962fde29
13359,2020-11-07 15:00:00+00:00,0.0,0.0,uppsala,5f9fe38afd517828962fde29
13360,2020-11-07 16:00:00+00:00,0.0,0.0,uppsala,5f9fe38afd517828962fde29
13361,2020-11-07 17:00:00+00:00,0.0,0.0,uppsala,5f9fe38afd517828962fde29
13362,2020-11-07 18:00:00+00:00,0.0,0.0,uppsala,5f9fe38afd517828962fde29
13363,2020-11-07 19:00:00+00:00,0.0,0.0,uppsala,5f9fe38afd517828962fde29
13364,2020-11-07 20:00:00+00:00,0.0,0.0,uppsala,5f9fe38afd517828962fde29
13365,2020-11-07 21:00:00+00:00,0.0,0.0,uppsala,5f9fe38afd517828962fde29
13366,2020-11-07 22:00:00+00:00,0.0,0.0,uppsala,5f9fe38afd517828962fde29
13367,2020-11-07 23:00:00+00:00,0.0,0.0,uppsala,5f9fe38afd517828962fde29
13368,2020-11-08 00:00:00+00:00,0.0,0.0,uppsala,5f9fe38afd517828962fde29
13369,2020-11-08 01:00:00+00:00,0.0,0.0,uppsala,5f9fe38afd517828962fde29
13370,2020-11-08 02:00:00+00:00,0.0,0.0,uppsala,5f9fe38afd517828962fde29
13371,2020-11-08 03:00:00+00:00,0.0,0.0,uppsala,5f9fe38afd517828962fde29
13372,2020-11-08 04:00:00+00:00,0.0,0.0,uppsala,5f9fe38afd517828962fde29
13373,2020-11-08 05:00:00+00:00,0.0,0.0,uppsala,5f9fe38afd517828962fde29
13374,2020-11-08 06:00:00+00:00,0.0,0.03,uppsala,5f9fe38afd517828962fde29
13375,2020-11-08 07:00:00+00:00,127.3,0.69,uppsala,5f9fe38afd517828962fde29
13376,2020-11-08 08:00:00+00:00,30.5,1.53,uppsala,5f9fe38afd517828962fde29
13377,2020-11-08 09:00:00+00:00,265.9,3.52,uppsala,5f9fe38afd517828962fde29
13378,2020-11-08 10:00:00+00:00,102.1,4.09,uppsala,5f9fe38afd517828962fde29
13379,2020-11-08 11:00:00+00:00,29.5,1.29,uppsala,5f9fe38afd517828962fde29
13380,2020-11-08 12:00:00+00:00,23.1,1.18,uppsala,5f9fe38afd517828962fde29
13381,2020-11-08 13:00:00+00:00,37.8,2.42,uppsala,5f9fe38afd517828962fde29
13382,2020-11-08 14:00:00+00:00,255.8,0.29,uppsala,5f9fe38afd517828962fde29
13383,2020-11-08 15:00:00+00:00,0.0,0.0,uppsala,5f9fe38afd517828962fde29
13384,2020-11-08 16:00:00+00:00,0.0,0.0,uppsala,5f9fe38afd517828962fde29
13385,2020-11-08 17:00:00+00:00,0.0,0.0,uppsala,5f9fe38afd517828962fde29
13386,2020-11-08 18:00:00+00:00,0.0,0.0,uppsala,5f9fe38afd517828962fde29
13387,2020-11-08 19:00:00+00:00,0.0,0.0,uppsala,5f9fe38afd517828962fde29
13388,2020-11-08 20:00:00+00:00,0.0,0.0,uppsala,5f9fe38afd517828962fde29
13389,2020-11-08 21:00:00+00:00,0.0,0.0,uppsala,5f9fe38afd517828962fde29
13390,2020-11-08 22:00:00+00:00,0.0,0.0,uppsala,5f9fe38afd517828962fde29
13391,2020-11-08 23:00:00+00:00,0.0,0.0,uppsala,5f9fe38afd517828962fde29
13392,2020-11-09 00:00:00+00:00,0.0,0.0,uppsala,5f9fe38afd517828962fde29
13393,2020-11-09 01:00:00+00:00,0.0,0.0,uppsala,5f9fe38afd517828962fde29
13394,2020-11-09 02:00:00+00:00,0.0,0.0,uppsala,5f9fe38afd517828962fde29
13395,2020-11-09 03:00:00+00:00,0.0,0.0,uppsala,5f9fe38afd517828962fde29
13396,2020-11-09 04:00:00+00:00,0.0,0.0,uppsala,5f9fe38afd517828962fde29
13397,2020-11-09 05:00:00+00:00,0.0,0.0,uppsala,5f9fe38afd517828962fde29
13398,2020-11-09 06:00:00+00:00,0.0,0.0,uppsala,5f9fe38afd517828962fde29
13399,2020-11-09 07:00:00+00:00,0.0,0.32,uppsala,5f9fe38afd517828962fde29
13400,2020-11-09 08:00:00+00:00,492.2,3.17,uppsala,5f9fe38afd517828962fde29
13401,2020-11-09 09:00:00+00:00,684.7,3.29,uppsala,5f9fe38afd517828962fde29
13402,2020-11-09 10:00:00+00:00,734.1,3.29,uppsala,5f9fe38afd517828962fde29
13403,2020-11-09 11:00:00+00:00,30.4,3.49,uppsala,5f9fe38afd517828962fde29
13404,2020-11-09 12:00:00+00:00,521.5,3.46,uppsala,5f9fe38afd517828962fde29
13405,2020-11-09 13:00:00+00:00,62.6,2.08,uppsala,5f9fe38afd517828962fde29
13406,2020-11-09 14:00:00+00:00,254.7,0.13,uppsala,5f9fe38afd517828962fde29
13407,2020-11-09 15:00:00+00:00,0.0,0.0,uppsala,5f9fe38afd517828962fde29
13408,2020-11-09 16:00:00+00:00,0.0,0.0,uppsala,5f9fe38afd517828962fde29
13409,2020-11-09 17:00:00+00:00,0.0,0.0,uppsala,5f9fe38afd517828962fde29
13410,2020-11-09 18:00:00+00:00,0.0,0.0,uppsala,5f9fe38afd517828962fde29
13411,2020-11-09 19:00:00+00:00,0.0,0.0,uppsala,5f9fe38afd517828962fde29
13412,2020-11-09 20:00:00+00:00,0.0,0.0,uppsala,5f9fe38afd517828962fde29
13413,2020-11-09 21:00:00+00:00,0.0,0.0,uppsala,5f9fe38afd517828962fde29
13414,2020-11-09 22:00:00+00:00,0.0,0.0,uppsala,5f9fe38afd517828962fde29
13415,2020-11-09 23:00:00+00:00,0.0,0.0,uppsala,5f9fe38afd517828962fde29
13416,2020-11-10 00:00:00+00:00,0.0,0.0,uppsala,5f9fe38afd517828962fde29
13417,2020-11-10 01:00:00+00:00,0.0,0.0,uppsala,5f9fe38afd517828962fde29
13418,2020-11-10 02:00:00+00:00,0.0,0.0,uppsala,5f9fe38afd517828962fde29
13419,2020-11-10 03:00:00+00:00,0.0,0.0,uppsala,5f9fe38afd517828962fde29
13420,2020-11-10 04:00:00+00:00,0.0,0.0,uppsala,5f9fe38afd517828962fde29
13421,2020-11-10 05:00:00+00:00,0.0,0.0,uppsala,5f9fe38afd517828962fde29
13422,2020-11-10 06:00:00+00:00,0.0,0.0,uppsala,5f9fe38afd517828962fde29
13423,2020-11-10 07:00:00+00:00,0.0,0.03,uppsala,5f9fe38afd517828962fde29
13424,2020-11-10 08:00:00+00:00,18.6,0.3,uppsala,5f9fe38afd517828962fde29
13425,2020-11-10 09:00:00+00:00,0.0,0.39,uppsala,5f9fe38afd517828962fde29
13426,2020-11-10 10:00:00+00:00,0.7000000000000001,0.57,uppsala,5f9fe38afd517828962fde29
13427,2020-11-10 11:00:00+00:00,1.6,0.57,uppsala,5f9fe38afd517828962fde29
13428,2020-11-10 12:00:00+00:00,0.5,0.33,uppsala,5f9fe38afd517828962fde29
13429,2020-11-10 13:00:00+00:00,0.30000000000000004,0.03,uppsala,5f9fe38afd517828962fde29
13430,2020-11-10 14:00:00+00:00,0.0,0.0,uppsala,5f9fe38afd517828962fde29
13431,2020-11-10 15:00:00+00:00,0.0,0.0,uppsala,5f9fe38afd517828962fde29
13432,2020-11-10 16:00:00+00:00,0.0,0.0,uppsala,5f9fe38afd517828962fde29
13433,2020-11-10 17:00:00+00:00,0.0,0.0,uppsala,5f9fe38afd517828962fde29
13434,2020-11-10 18:00:00+00:00,0.0,0.0,uppsala,5f9fe38afd517828962fde29
13435,2020-11-10 19:00:00+00:00,0.0,0.0,uppsala,5f9fe38afd517828962fde29
13436,2020-11-10 20:00:00+00:00,0.0,0.0,uppsala,5f9fe38afd517828962fde29
13437,2020-11-10 21:00:00+00:00,0.0,0.0,uppsala,5f9fe38afd517828962fde29
13438,2020-11-10 22:00:00+00:00,0.0,0.0,uppsala,5f9fe38afd517828962fde29
13439,2020-11-10 23:00:00+00:00,0.0,0.0,uppsala,5f9fe38afd517828962fde29
13440,2020-11-11 00:00:00+00:00,0.0,0.0,uppsala,5f9fe38afd517828962fde29
13441,2020-11-11 01:00:00+00:00,0.0,0.0,uppsala,5f9fe38afd517828962fde29
13442,2020-11-11 02:00:00+00:00,0.0,0.0,uppsala,5f9fe38afd517828962fde29
13443,2020-11-11 03:00:00+00:00,0.0,0.0,uppsala,5f9fe38afd517828962fde29
13444,2020-11-11 04:00:00+00:00,0.0,0.0,uppsala,5f9fe38afd517828962fde29
13445,2020-11-11 05:00:00+00:00,0.0,0.0,uppsala,5f9fe38afd517828962fde29
13446,2020-11-11 06:00:00+00:00,0.0,0.0,uppsala,5f9fe38afd517828962fde29
13447,2020-11-11 07:00:00+00:00,0.0,0.02,uppsala,5f9fe38afd517828962fde29
13448,2020-11-11 08:00:00+00:00,0.0,0.19,uppsala,5f9fe38afd517828962fde29
13449,2020-11-11 09:00:00+00:00,0.0,0.37,uppsala,5f9fe38afd517828962fde29
13450,2020-11-11 10:00:00+00:00,5.2,0.34,uppsala,5f9fe38afd517828962fde29
13451,2020-11-11 11:00:00+00:00,1.6,0.25,uppsala,5f9fe38afd517828962fde29
13452,2020-11-11 12:00:00+00:00,0.0,0.09,uppsala,5f9fe38afd517828962fde29
13453,2020-11-11 13:00:00+00:00,0.0,0.0,uppsala,5f9fe38afd517828962fde29
13454,2020-11-11 14:00:00+00:00,0.0,0.0,uppsala,5f9fe38afd517828962fde29
13455,2020-11-11 15:00:00+00:00,0.0,0.0,uppsala,5f9fe38afd517828962fde29
13456,2020-11-11 16:00:00+00:00,0.0,0.0,uppsala,5f9fe38afd517828962fde29
13457,2020-11-11 17:00:00+00:00,0.0,0.0,uppsala,5f9fe38afd517828962fde29
13458,2020-11-11 18:00:00+00:00,0.0,0.0,uppsala,5f9fe38afd517828962fde29
13459,2020-11-11 19:00:00+00:00,0.0,0.0,uppsala,5f9fe38afd517828962fde29
13460,2020-11-11 20:00:00+00:00,0.0,0.0,uppsala,5f9fe38afd517828962fde29
13461,2020-11-11 21:00:00+00:00,0.0,0.0,uppsala,5f9fe38afd517828962fde29
13462,2020-11-11 22:00:00+00:00,0.0,0.0,uppsala,5f9fe38afd517828962fde29
13463,2020-11-11 23:00:00+00:00,0.0,0.0,uppsala,5f9fe38afd517828962fde29
13464,2020-11-12 00:00:00+00:00,0.0,0.0,uppsala,5f9fe38afd517828962fde29
13465,2020-11-12 01:00:00+00:00,0.0,0.0,uppsala,5f9fe38afd517828962fde29
13466,2020-11-12 02:00:00+00:00,0.0,0.0,uppsala,5f9fe38afd517828962fde29
13467,2020-11-12 03:00:00+00:00,0.0,0.0,uppsala,5f9fe38afd517828962fde29
13468,2020-11-12 04:00:00+00:00,0.0,0.0,uppsala,5f9fe38afd517828962fde29
13469,2020-11-12 05:00:00+00:00,0.0,0.0,uppsala,5f9fe38afd517828962fde29
13470,2020-11-12 06:00:00+00:00,0.0,0.0,uppsala,5f9fe38afd517828962fde29
13471,2020-11-12 07:00:00+00:00,0.0,0.0,uppsala,5f9fe38afd517828962fde29
13472,2020-11-12 08:00:00+00:00,0.0,0.0,uppsala,5f9fe38afd517828962fde29
13473,2020-11-12 09:00:00+00:00,1.1,0.05,uppsala,5f9fe38afd517828962fde29
13474,2020-11-12 10:00:00+00:00,3.6,0.06,uppsala,5f9fe38afd517828962fde29
13475,2020-11-12 11:00:00+00:00,4.3,0.03,uppsala,5f9fe38afd517828962fde29
13476,2020-11-12 12:00:00+00:00,3.1,0.0,uppsala,5f9fe38afd517828962fde29
13477,2020-11-12 13:00:00+00:00,0.0,0.0,uppsala,5f9fe38afd517828962fde29
13478,2020-11-12 14:00:00+00:00,0.0,0.0,uppsala,5f9fe38afd517828962fde29
13479,2020-11-12 15:00:00+00:00,0.0,0.0,uppsala,5f9fe38afd517828962fde29
13480,2020-11-12 16:00:00+00:00,0.0,0.0,uppsala,5f9fe38afd517828962fde29
13481,2020-11-12 17:00:00+00:00,0.0,0.0,uppsala,5f9fe38afd517828962fde29
13482,2020-11-12 18:00:00+00:00,0.0,0.0,uppsala,5f9fe38afd517828962fde29
13483,2020-11-12 19:00:00+00:00,0.0,0.0,uppsala,5f9fe38afd517828962fde29
13484,2020-11-12 20:00:00+00:00,0.0,0.0,uppsala,5f9fe38afd517828962fde29
13485,2020-11-12 21:00:00+00:00,0.0,0.0,uppsala,5f9fe38afd517828962fde29
13486,2020-11-12 22:00:00+00:00,0.0,0.0,uppsala,5f9fe38afd517828962fde29
13487,2020-11-12 23:00:00+00:00,0.0,0.0,uppsala,5f9fe38afd517828962fde29
13488,2020-11-13 00:00:00+00:00,0.0,0.0,uppsala,5f9fe38afd517828962fde29
13489,2020-11-13 01:00:00+00:00,0.0,0.0,uppsala,5f9fe38afd517828962fde29
13490,2020-11-13 02:00:00+00:00,0.0,0.0,uppsala,5f9fe38afd517828962fde29
13491,2020-11-13 03:00:00+00:00,0.0,0.0,uppsala,5f9fe38afd517828962fde29
13492,2020-11-13 04:00:00+00:00,0.0,0.0,uppsala,5f9fe38afd517828962fde29
13493,2020-11-13 05:00:00+00:00,0.0,0.0,uppsala,5f9fe38afd517828962fde29
13494,2020-11-13 06:00:00+00:00,0.0,0.0,uppsala,5f9fe38afd517828962fde29
13495,2020-11-13 07:00:00+00:00,0.0,0.0,uppsala,5f9fe38afd517828962fde29
13496,2020-11-13 08:00:00+00:00,0.0,0.36,uppsala,5f9fe38afd517828962fde29
13497,2020-11-13 09:00:00+00:00,1.1,0.4,uppsala,5f9fe38afd517828962fde29
13498,2020-11-13 10:00:00+00:00,6.2,0.49,uppsala,5f9fe38afd517828962fde29
13499,2020-11-13 11:00:00+00:00,2.2,1.15,uppsala,5f9fe38afd517828962fde29
13500,2020-11-13 12:00:00+00:00,8.6,0.53,uppsala,5f9fe38afd517828962fde29
13501,2020-11-13 13:00:00+00:00,0.0,0.07,uppsala,5f9fe38afd517828962fde29
13502,2020-11-13 14:00:00+00:00,0.0,0.0,uppsala,5f9fe38afd517828962fde29
13503,2020-11-13 15:00:00+00:00,0.0,0.0,uppsala,5f9fe38afd517828962fde29
13504,2020-11-13 16:00:00+00:00,0.0,0.0,uppsala,5f9fe38afd517828962fde29
13505,2020-11-13 17:00:00+00:00,0.0,0.0,uppsala,5f9fe38afd517828962fde29
13506,2020-11-13 18:00:00+00:00,0.0,0.0,uppsala,5f9fe38afd517828962fde29
13507,2020-11-13 19:00:00+00:00,0.0,0.0,uppsala,5f9fe38afd517828962fde29
13508,2020-11-13 20:00:00+00:00,0.0,0.0,uppsala,5f9fe38afd517828962fde29
13509,2020-11-13 21:00:00+00:00,0.0,0.0,uppsala,5f9fe38afd517828962fde29
13510,2020-11-13 22:00:00+00:00,0.0,0.0,uppsala,5f9fe38afd517828962fde29
13511,2020-11-13 23:00:00+00:00,0.0,0.0,uppsala,5f9fe38afd517828962fde29
13512,2020-11-14 00:00:00+00:00,0.0,0.0,uppsala,5f9fe38afd517828962fde29
13513,2020-11-14 01:00:00+00:00,0.0,0.0,uppsala,5f9fe38afd517828962fde29
13514,2020-11-14 02:00:00+00:00,0.0,0.0,uppsala,5f9fe38afd517828962fde29
13515,2020-11-14 03:00:00+00:00,0.0,0.0,uppsala,5f9fe38afd517828962fde29
13516,2020-11-14 04:00:00+00:00,0.0,0.0,uppsala,5f9fe38afd517828962fde29
13517,2020-11-14 05:00:00+00:00,0.0,0.0,uppsala,5f9fe38afd517828962fde29
13518,2020-11-14 06:00:00+00:00,0.0,0.0,uppsala,5f9fe38afd517828962fde29
13519,2020-11-14 07:00:00+00:00,0.0,0.0,uppsala,5f9fe38afd517828962fde29
13520,2020-11-14 08:00:00+00:00,0.0,0.85,uppsala,5f9fe38afd517828962fde29
13521,2020-11-14 09:00:00+00:00,17.1,1.52,uppsala,5f9fe38afd517828962fde29
13522,2020-11-14 10:00:00+00:00,2.4,1.48,uppsala,5f9fe38afd517828962fde29
13523,2020-11-14 11:00:00+00:00,5.2,0.29,uppsala,5f9fe38afd517828962fde29
13524,2020-11-14 12:00:00+00:00,0.7000000000000001,0.55,uppsala,5f9fe38afd517828962fde29
13525,2020-11-14 13:00:00+00:00,0.0,0.0,uppsala,5f9fe38afd517828962fde29
13526,2020-11-14 14:00:00+00:00,0.0,0.0,uppsala,5f9fe38afd517828962fde29
13527,2020-11-14 15:00:00+00:00,0.0,0.0,uppsala,5f9fe38afd517828962fde29
13528,2020-11-14 16:00:00+00:00,0.0,0.0,uppsala,5f9fe38afd517828962fde29
13529,2020-11-14 17:00:00+00:00,0.0,0.0,uppsala,5f9fe38afd517828962fde29
13530,2020-11-14 18:00:00+00:00,0.0,0.0,uppsala,5f9fe38afd517828962fde29
13531,2020-11-14 19:00:00+00:00,0.0,0.0,uppsala,5f9fe38afd517828962fde29
13532,2020-11-14 20:00:00+00:00,0.0,0.0,uppsala,5f9fe38afd517828962fde29
13533,2020-11-14 21:00:00+00:00,0.0,0.0,uppsala,5f9fe38afd517828962fde29
13534,2020-11-14 22:00:00+00:00,0.0,0.0,uppsala,5f9fe38afd517828962fde29
13535,2020-11-14 23:00:00+00:00,0.0,0.0,uppsala,5f9fe38afd517828962fde29
13536,2020-11-15 00:00:00+00:00,0.0,0.0,uppsala,5f9fe38afd517828962fde29
13537,2020-11-15 01:00:00+00:00,0.0,0.0,uppsala,5f9fe38afd517828962fde29
13538,2020-11-15 02:00:00+00:00,0.0,0.0,uppsala,5f9fe38afd517828962fde29
13539,2020-11-15 03:00:00+00:00,0.0,0.0,uppsala,5f9fe38afd517828962fde29
13540,2020-11-15 04:00:00+00:00,0.0,0.0,uppsala,5f9fe38afd517828962fde29
13541,2020-11-15 05:00:00+00:00,0.0,0.0,uppsala,5f9fe38afd517828962fde29
13542,2020-11-15 06:00:00+00:00,0.0,0.0,uppsala,5f9fe38afd517828962fde29
13543,2020-11-15 07:00:00+00:00,0.0,0.44,uppsala,5f9fe38afd517828962fde29
13544,2020-11-15 08:00:00+00:00,0.0,0.44,uppsala,5f9fe38afd517828962fde29
13545,2020-11-15 09:00:00+00:00,0.0,0.66,uppsala,5f9fe38afd517828962fde29
13546,2020-11-15 10:00:00+00:00,13.6,1.14,uppsala,5f9fe38afd517828962fde29
13547,2020-11-15 11:00:00+00:00,0.0,0.44,uppsala,5f9fe38afd517828962fde29
13548,2020-11-15 12:00:00+00:00,0.0,0.19,uppsala,5f9fe38afd517828962fde29
13549,2020-11-15 13:00:00+00:00,0.0,0.04,uppsala,5f9fe38afd517828962fde29
13550,2020-11-15 14:00:00+00:00,0.0,0.0,uppsala,5f9fe38afd517828962fde29
13551,2020-11-15 15:00:00+00:00,0.0,0.0,uppsala,5f9fe38afd517828962fde29
13552,2020-11-15 16:00:00+00:00,0.0,0.0,uppsala,5f9fe38afd517828962fde29
13553,2020-11-15 17:00:00+00:00,0.0,0.0,uppsala,5f9fe38afd517828962fde29
13554,2020-11-15 18:00:00+00:00,0.0,0.0,uppsala,5f9fe38afd517828962fde29
13555,2020-11-15 19:00:00+00:00,0.0,0.0,uppsala,5f9fe38afd517828962fde29
13556,2020-11-15 20:00:00+00:00,0.0,0.0,uppsala,5f9fe38afd517828962fde29
13557,2020-11-15 21:00:00+00:00,0.0,0.0,uppsala,5f9fe38afd517828962fde29
13558,2020-11-15 22:00:00+00:00,0.0,0.0,uppsala,5f9fe38afd517828962fde29
13559,2020-11-15 23:00:00+00:00,0.0,0.0,uppsala,5f9fe38afd517828962fde29
13560,2020-11-16 00:00:00+00:00,0.0,0.0,uppsala,5f9fe38afd517828962fde29
13561,2020-11-16 01:00:00+00:00,0.0,0.0,uppsala,5f9fe38afd517828962fde29
13562,2020-11-16 02:00:00+00:00,0.0,0.0,uppsala,5f9fe38afd517828962fde29
13563,2020-11-16 03:00:00+00:00,0.0,0.0,uppsala,5f9fe38afd517828962fde29
13564,2020-11-16 04:00:00+00:00,0.0,0.0,uppsala,5f9fe38afd517828962fde29
13565,2020-11-16 05:00:00+00:00,0.0,0.0,uppsala,5f9fe38afd517828962fde29
13566,2020-11-16 06:00:00+00:00,0.0,0.0,uppsala,5f9fe38afd517828962fde29
13567,2020-11-16 07:00:00+00:00,0.0,0.03,uppsala,5f9fe38afd517828962fde29
13568,2020-11-16 08:00:00+00:00,0.0,0.03,uppsala,5f9fe38afd517828962fde29
13569,2020-11-16 09:00:00+00:00,0.7000000000000001,0.06,uppsala,5f9fe38afd517828962fde29
13570,2020-11-16 10:00:00+00:00,0.0,0.34,uppsala,5f9fe38afd517828962fde29
13571,2020-11-16 11:00:00+00:00,0.0,0.33,uppsala,5f9fe38afd517828962fde29
13572,2020-11-16 12:00:00+00:00,0.1,0.04,uppsala,5f9fe38afd517828962fde29
13573,2020-11-16 13:00:00+00:00,0.0,0.0,uppsala,5f9fe38afd517828962fde29
13574,2020-11-16 14:00:00+00:00,0.0,0.0,uppsala,5f9fe38afd517828962fde29
13575,2020-11-16 15:00:00+00:00,0.0,0.0,uppsala,5f9fe38afd517828962fde29
13576,2020-11-16 16:00:00+00:00,0.0,0.0,uppsala,5f9fe38afd517828962fde29
13577,2020-11-16 17:00:00+00:00,0.0,0.0,uppsala,5f9fe38afd517828962fde29
13578,2020-11-16 18:00:00+00:00,0.0,0.0,uppsala,5f9fe38afd517828962fde29
13579,2020-11-16 19:00:00+00:00,0.0,0.0,uppsala,5f9fe38afd517828962fde29
13580,2020-11-16 20:00:00+00:00,0.0,0.0,uppsala,5f9fe38afd517828962fde29
13581,2020-11-16 21:00:00+00:00,0.0,0.0,uppsala,5f9fe38afd517828962fde29
13582,2020-11-16 22:00:00+00:00,0.0,0.0,uppsala,5f9fe38afd517828962fde29
13583,2020-11-16 23:00:00+00:00,0.0,0.0,uppsala,5f9fe38afd517828962fde29
13584,2020-11-17 00:00:00+00:00,0.0,0.0,uppsala,5f9fe38afd517828962fde29
13585,2020-11-17 01:00:00+00:00,0.0,0.0,uppsala,5f9fe38afd517828962fde29
13586,2020-11-17 02:00:00+00:00,0.0,0.0,uppsala,5f9fe38afd517828962fde29
13587,2020-11-17 03:00:00+00:00,0.0,0.0,uppsala,5f9fe38afd517828962fde29
13588,2020-11-17 04:00:00+00:00,0.0,0.0,uppsala,5f9fe38afd517828962fde29
13589,2020-11-17 05:00:00+00:00,0.0,0.0,uppsala,5f9fe38afd517828962fde29
13590,2020-11-17 06:00:00+00:00,0.0,0.0,uppsala,5f9fe38afd517828962fde29
13591,2020-11-17 07:00:00+00:00,0.0,0.23,uppsala,5f9fe38afd517828962fde29
13592,2020-11-17 08:00:00+00:00,146.6,0.94,uppsala,5f9fe38afd517828962fde29
13593,2020-11-17 09:00:00+00:00,18.0,0.73,uppsala,5f9fe38afd517828962fde29
13594,2020-11-17 10:00:00+00:00,295.5,1.01,uppsala,5f9fe38afd517828962fde29
13595,2020-11-17 11:00:00+00:00,157.8,2.02,uppsala,5f9fe38afd517828962fde29
13596,2020-11-17 12:00:00+00:00,171.3,0.23,uppsala,5f9fe38afd517828962fde29
13597,2020-11-17 13:00:00+00:00,0.0,0.02,uppsala,5f9fe38afd517828962fde29
13598,2020-11-17 14:00:00+00:00,0.0,0.0,uppsala,5f9fe38afd517828962fde29
13599,2020-11-17 15:00:00+00:00,0.0,0.0,uppsala,5f9fe38afd517828962fde29
13600,2020-11-17 16:00:00+00:00,0.0,0.0,uppsala,5f9fe38afd517828962fde29
13601,2020-11-17 17:00:00+00:00,0.0,0.0,uppsala,5f9fe38afd517828962fde29
13602,2020-11-17 18:00:00+00:00,0.0,0.0,uppsala,5f9fe38afd517828962fde29
13603,2020-11-17 19:00:00+00:00,0.0,0.0,uppsala,5f9fe38afd517828962fde29
13604,2020-11-17 20:00:00+00:00,0.0,0.0,uppsala,5f9fe38afd517828962fde29
13605,2020-11-17 21:00:00+00:00,0.0,0.0,uppsala,5f9fe38afd517828962fde29
13606,2020-11-17 22:00:00+00:00,0.0,0.0,uppsala,5f9fe38afd517828962fde29
13607,2020-11-17 23:00:00+00:00,0.0,0.0,uppsala,5f9fe38afd517828962fde29
13608,2020-11-18 00:00:00+00:00,0.0,0.0,uppsala,5f9fe38afd517828962fde29
13609,2020-11-18 01:00:00+00:00,0.0,0.0,uppsala,5f9fe38afd517828962fde29
13610,2020-11-18 02:00:00+00:00,0.0,0.0,uppsala,5f9fe38afd517828962fde29
13611,2020-11-18 03:00:00+00:00,0.0,0.0,uppsala,5f9fe38afd517828962fde29
13612,2020-11-18 04:00:00+00:00,0.0,0.0,uppsala,5f9fe38afd517828962fde29
13613,2020-11-18 05:00:00+00:00,0.0,0.0,uppsala,5f9fe38afd517828962fde29
13614,2020-11-18 06:00:00+00:00,0.0,0.0,uppsala,5f9fe38afd517828962fde29
13615,2020-11-18 07:00:00+00:00,0.0,0.06,uppsala,5f9fe38afd517828962fde29
13616,2020-11-18 08:00:00+00:00,181.9,0.33,uppsala,5f9fe38afd517828962fde29
13617,2020-11-18 09:00:00+00:00,0.0,0.33,uppsala,5f9fe38afd517828962fde29
13618,2020-11-18 10:00:00+00:00,0.0,0.3,uppsala,5f9fe38afd517828962fde29
13619,2020-11-18 11:00:00+00:00,0.0,0.27,uppsala,5f9fe38afd517828962fde29
13620,2020-11-18 12:00:00+00:00,0.0,0.22,uppsala,5f9fe38afd517828962fde29
13621,2020-11-18 13:00:00+00:00,0.0,0.04,uppsala,5f9fe38afd517828962fde29
13622,2020-11-18 14:00:00+00:00,0.0,0.0,uppsala,5f9fe38afd517828962fde29
13623,2020-11-18 15:00:00+00:00,0.0,0.0,uppsala,5f9fe38afd517828962fde29
13624,2020-11-18 16:00:00+00:00,0.0,0.0,uppsala,5f9fe38afd517828962fde29
13625,2020-11-18 17:00:00+00:00,0.0,0.0,uppsala,5f9fe38afd517828962fde29
13626,2020-11-18 18:00:00+00:00,0.0,0.0,uppsala,5f9fe38afd517828962fde29
13627,2020-11-18 19:00:00+00:00,0.0,0.0,uppsala,5f9fe38afd517828962fde29
13628,2020-11-18 20:00:00+00:00,0.0,0.0,uppsala,5f9fe38afd517828962fde29
13629,2020-11-18 21:00:00+00:00,0.0,0.0,uppsala,5f9fe38afd517828962fde29
13630,2020-11-18 22:00:00+00:00,0.0,0.0,uppsala,5f9fe38afd517828962fde29
13631,2020-11-18 23:00:00+00:00,0.0,0.0,uppsala,5f9fe38afd517828962fde29
13632,2020-11-19 00:00:00+00:00,0.0,0.0,uppsala,5f9fe38afd517828962fde29
13633,2020-11-19 01:00:00+00:00,0.0,0.0,uppsala,5f9fe38afd517828962fde29
13634,2020-11-19 02:00:00+00:00,0.0,0.0,uppsala,5f9fe38afd517828962fde29
13635,2020-11-19 03:00:00+00:00,0.0,0.0,uppsala,5f9fe38afd517828962fde29
13636,2020-11-19 04:00:00+00:00,0.0,0.0,uppsala,5f9fe38afd517828962fde29
13637,2020-11-19 05:00:00+00:00,0.0,0.0,uppsala,5f9fe38afd517828962fde29
13638,2020-11-19 06:00:00+00:00,0.0,0.0,uppsala,5f9fe38afd517828962fde29
13639,2020-11-19 07:00:00+00:00,0.0,0.03,uppsala,5f9fe38afd517828962fde29
13640,2020-11-19 08:00:00+00:00,363.3,0.19,uppsala,5f9fe38afd517828962fde29
13641,2020-11-19 09:00:00+00:00,15.7,0.56,uppsala,5f9fe38afd517828962fde29
13642,2020-11-19 10:00:00+00:00,313.6,0.27,uppsala,5f9fe38afd517828962fde29
13643,2020-11-19 11:00:00+00:00,45.2,0.27,uppsala,5f9fe38afd517828962fde29
13644,2020-11-19 12:00:00+00:00,0.0,0.18,uppsala,5f9fe38afd517828962fde29
13645,2020-11-19 13:00:00+00:00,0.0,0.09,uppsala,5f9fe38afd517828962fde29
13646,2020-11-19 14:00:00+00:00,0.0,0.0,uppsala,5f9fe38afd517828962fde29
13647,2020-11-19 15:00:00+00:00,0.0,0.0,uppsala,5f9fe38afd517828962fde29
13648,2020-11-19 16:00:00+00:00,0.0,0.0,uppsala,5f9fe38afd517828962fde29
13649,2020-11-19 17:00:00+00:00,0.0,0.0,uppsala,5f9fe38afd517828962fde29
13650,2020-11-19 18:00:00+00:00,0.0,0.0,uppsala,5f9fe38afd517828962fde29
13651,2020-11-19 19:00:00+00:00,0.0,0.0,uppsala,5f9fe38afd517828962fde29
13652,2020-11-19 20:00:00+00:00,0.0,0.0,uppsala,5f9fe38afd517828962fde29
13653,2020-11-19 21:00:00+00:00,0.0,0.0,uppsala,5f9fe38afd517828962fde29
13654,2020-11-19 22:00:00+00:00,0.0,0.0,uppsala,5f9fe38afd517828962fde29
13655,2020-11-19 23:00:00+00:00,0.0,0.0,uppsala,5f9fe38afd517828962fde29
13656,2020-11-20 00:00:00+00:00,0.0,0.0,uppsala,5f9fe38afd517828962fde29
13657,2020-11-20 01:00:00+00:00,0.0,0.0,uppsala,5f9fe38afd517828962fde29
13658,2020-11-20 02:00:00+00:00,0.0,0.0,uppsala,5f9fe38afd517828962fde29
13659,2020-11-20 03:00:00+00:00,0.0,0.0,uppsala,5f9fe38afd517828962fde29
13660,2020-11-20 04:00:00+00:00,0.0,0.0,uppsala,5f9fe38afd517828962fde29
13661,2020-11-20 05:00:00+00:00,0.0,0.0,uppsala,5f9fe38afd517828962fde29
13662,2020-11-20 06:00:00+00:00,0.0,0.0,uppsala,5f9fe38afd517828962fde29
13663,2020-11-20 07:00:00+00:00,0.0,0.31,uppsala,5f9fe38afd517828962fde29
13664,2020-11-20 08:00:00+00:00,376.8,1.44,uppsala,5f9fe38afd517828962fde29
13665,2020-11-20 09:00:00+00:00,560.0,3.11,uppsala,5f9fe38afd517828962fde29
13666,2020-11-20 10:00:00+00:00,625.1,3.16,uppsala,5f9fe38afd517828962fde29
13667,2020-11-20 11:00:00+00:00,628.8,4.27,uppsala,5f9fe38afd517828962fde29
13668,2020-11-20 12:00:00+00:00,576.9,3.37,uppsala,5f9fe38afd517828962fde29
13669,2020-11-20 13:00:00+00:00,419.5,1.44,uppsala,5f9fe38afd517828962fde29
13670,2020-11-20 14:00:00+00:00,41.5,0.0,uppsala,5f9fe38afd517828962fde29
13671,2020-11-20 15:00:00+00:00,0.0,0.0,uppsala,5f9fe38afd517828962fde29
13672,2020-11-20 16:00:00+00:00,0.0,0.0,uppsala,5f9fe38afd517828962fde29
13673,2020-11-20 17:00:00+00:00,0.0,0.0,uppsala,5f9fe38afd517828962fde29
13674,2020-11-20 18:00:00+00:00,0.0,0.0,uppsala,5f9fe38afd517828962fde29
13675,2020-11-20 19:00:00+00:00,0.0,0.0,uppsala,5f9fe38afd517828962fde29
13676,2020-11-20 20:00:00+00:00,0.0,0.0,uppsala,5f9fe38afd517828962fde29
13677,2020-11-20 21:00:00+00:00,0.0,0.0,uppsala,5f9fe38afd517828962fde29
13678,2020-11-20 22:00:00+00:00,0.0,0.0,uppsala,5f9fe38afd517828962fde29
13679,2020-11-20 23:00:00+00:00,0.0,0.0,uppsala,5f9fe38afd517828962fde29
13680,2020-11-21 00:00:00+00:00,0.0,0.0,uppsala,5f9fe38afd517828962fde29
13681,2020-11-21 01:00:00+00:00,0.0,0.0,uppsala,5f9fe38afd517828962fde29
13682,2020-11-21 02:00:00+00:00,0.0,0.0,uppsala,5f9fe38afd517828962fde29
13683,2020-11-21 03:00:00+00:00,0.0,0.0,uppsala,5f9fe38afd517828962fde29
13684,2020-11-21 04:00:00+00:00,0.0,0.0,uppsala,5f9fe38afd517828962fde29
13685,2020-11-21 05:00:00+00:00,0.0,0.0,uppsala,5f9fe38afd517828962fde29
13686,2020-11-21 06:00:00+00:00,0.0,0.0,uppsala,5f9fe38afd517828962fde29
13687,2020-11-21 07:00:00+00:00,0.0,0.0,uppsala,5f9fe38afd517828962fde29
13688,2020-11-21 08:00:00+00:00,0.0,0.02,uppsala,5f9fe38afd517828962fde29
13689,2020-11-21 09:00:00+00:00,0.0,0.08,uppsala,5f9fe38afd517828962fde29
13690,2020-11-21 10:00:00+00:00,0.0,0.03,uppsala,5f9fe38afd517828962fde29
13691,2020-11-21 11:00:00+00:00,0.0,0.0,uppsala,5f9fe38afd517828962fde29
13692,2020-11-21 12:00:00+00:00,0.0,0.0,uppsala,5f9fe38afd517828962fde29
13693,2020-11-21 13:00:00+00:00,0.0,0.0,uppsala,5f9fe38afd517828962fde29
13694,2020-11-21 14:00:00+00:00,0.0,0.0,uppsala,5f9fe38afd517828962fde29
13695,2020-11-21 15:00:00+00:00,0.0,0.0,uppsala,5f9fe38afd517828962fde29
13696,2020-11-21 16:00:00+00:00,0.0,0.0,uppsala,5f9fe38afd517828962fde29
13697,2020-11-21 17:00:00+00:00,0.0,0.0,uppsala,5f9fe38afd517828962fde29
13698,2020-11-21 18:00:00+00:00,0.0,0.0,uppsala,5f9fe38afd517828962fde29
13699,2020-11-21 19:00:00+00:00,0.0,0.0,uppsala,5f9fe38afd517828962fde29
13700,2020-11-21 20:00:00+00:00,0.0,0.0,uppsala,5f9fe38afd517828962fde29
13701,2020-11-21 21:00:00+00:00,0.0,0.0,uppsala,5f9fe38afd517828962fde29
13702,2020-11-21 22:00:00+00:00,0.0,0.0,uppsala,5f9fe38afd517828962fde29
13703,2020-11-21 23:00:00+00:00,0.0,0.0,uppsala,5f9fe38afd517828962fde29
13704,2020-11-22 00:00:00+00:00,0.0,0.0,uppsala,5f9fe38afd517828962fde29
13705,2020-11-22 01:00:00+00:00,0.0,0.0,uppsala,5f9fe38afd517828962fde29
13706,2020-11-22 02:00:00+00:00,0.0,0.0,uppsala,5f9fe38afd517828962fde29
13707,2020-11-22 03:00:00+00:00,0.0,0.0,uppsala,5f9fe38afd517828962fde29
13708,2020-11-22 04:00:00+00:00,0.0,0.0,uppsala,5f9fe38afd517828962fde29
13709,2020-11-22 05:00:00+00:00,0.0,0.0,uppsala,5f9fe38afd517828962fde29
13710,2020-11-22 06:00:00+00:00,0.0,0.0,uppsala,5f9fe38afd517828962fde29
13711,2020-11-22 07:00:00+00:00,0.0,0.23,uppsala,5f9fe38afd517828962fde29
13712,2020-11-22 08:00:00+00:00,316.6,1.21,uppsala,5f9fe38afd517828962fde29
13713,2020-11-22 09:00:00+00:00,507.5,2.78,uppsala,5f9fe38afd517828962fde29
13714,2020-11-22 10:00:00+00:00,595.5,1.86,uppsala,5f9fe38afd517828962fde29
13715,2020-11-22 11:00:00+00:00,619.7,3.6,uppsala,5f9fe38afd517828962fde29
13716,2020-11-22 12:00:00+00:00,562.8,2.23,uppsala,5f9fe38afd517828962fde29
13717,2020-11-22 13:00:00+00:00,435.8,0.3,uppsala,5f9fe38afd517828962fde29
13718,2020-11-22 14:00:00+00:00,5.8,0.0,uppsala,5f9fe38afd517828962fde29
13719,2020-11-22 15:00:00+00:00,0.0,0.0,uppsala,5f9fe38afd517828962fde29
13720,2020-11-22 16:00:00+00:00,0.0,0.0,uppsala,5f9fe38afd517828962fde29
13721,2020-11-22 17:00:00+00:00,0.0,0.0,uppsala,5f9fe38afd517828962fde29
13722,2020-11-22 18:00:00+00:00,0.0,0.0,uppsala,5f9fe38afd517828962fde29
13723,2020-11-22 19:00:00+00:00,0.0,0.0,uppsala,5f9fe38afd517828962fde29
13724,2020-11-22 20:00:00+00:00,0.0,0.0,uppsala,5f9fe38afd517828962fde29
13725,2020-11-22 21:00:00+00:00,0.0,0.0,uppsala,5f9fe38afd517828962fde29
13726,2020-11-22 22:00:00+00:00,0.0,0.0,uppsala,5f9fe38afd517828962fde29
13727,2020-11-22 23:00:00+00:00,0.0,0.0,uppsala,5f9fe38afd517828962fde29
13728,2020-11-23 00:00:00+00:00,0.0,0.0,uppsala,5f9fe38afd517828962fde29
13729,2020-11-23 01:00:00+00:00,0.0,0.0,uppsala,5f9fe38afd517828962fde29
13730,2020-11-23 02:00:00+00:00,0.0,0.0,uppsala,5f9fe38afd517828962fde29
13731,2020-11-23 03:00:00+00:00,0.0,0.0,uppsala,5f9fe38afd517828962fde29
13732,2020-11-23 04:00:00+00:00,0.0,0.0,uppsala,5f9fe38afd517828962fde29
13733,2020-11-23 05:00:00+00:00,0.0,0.0,uppsala,5f9fe38afd517828962fde29
13734,2020-11-23 06:00:00+00:00,0.0,0.0,uppsala,5f9fe38afd517828962fde29
13735,2020-11-23 07:00:00+00:00,0.0,0.23,uppsala,5f9fe38afd517828962fde29
13736,2020-11-23 08:00:00+00:00,373.1,1.16,uppsala,5f9fe38afd517828962fde29
13737,2020-11-23 09:00:00+00:00,565.3,2.54,uppsala,5f9fe38afd517828962fde29
13738,2020-11-23 10:00:00+00:00,631.2,3.29,uppsala,5f9fe38afd517828962fde29
13739,2020-11-23 11:00:00+00:00,654.5,3.98,uppsala,5f9fe38afd517828962fde29
13740,2020-11-23 12:00:00+00:00,596.3,1.77,uppsala,5f9fe38afd517828962fde29
13741,2020-11-23 13:00:00+00:00,103.3,0.06,uppsala,5f9fe38afd517828962fde29
13742,2020-11-23 14:00:00+00:00,0.0,0.0,uppsala,5f9fe38afd517828962fde29
13743,2020-11-23 15:00:00+00:00,0.0,0.0,uppsala,5f9fe38afd517828962fde29
13744,2020-11-23 16:00:00+00:00,0.0,0.0,uppsala,5f9fe38afd517828962fde29
13745,2020-11-23 17:00:00+00:00,0.0,0.0,uppsala,5f9fe38afd517828962fde29
13746,2020-11-23 18:00:00+00:00,0.0,0.0,uppsala,5f9fe38afd517828962fde29
13747,2020-11-23 19:00:00+00:00,0.0,0.0,uppsala,5f9fe38afd517828962fde29
13748,2020-11-23 20:00:00+00:00,0.0,0.0,uppsala,5f9fe38afd517828962fde29
13749,2020-11-23 21:00:00+00:00,0.0,0.0,uppsala,5f9fe38afd517828962fde29
13750,2020-11-23 22:00:00+00:00,0.0,0.0,uppsala,5f9fe38afd517828962fde29
13751,2020-11-23 23:00:00+00:00,0.0,0.0,uppsala,5f9fe38afd517828962fde29
13752,2020-11-24 00:00:00+00:00,0.0,0.0,uppsala,5f9fe38afd517828962fde29
13753,2020-11-24 01:00:00+00:00,0.0,0.0,uppsala,5f9fe38afd517828962fde29
13754,2020-11-24 02:00:00+00:00,0.0,0.0,uppsala,5f9fe38afd517828962fde29
13755,2020-11-24 03:00:00+00:00,0.0,0.0,uppsala,5f9fe38afd517828962fde29
13756,2020-11-24 04:00:00+00:00,0.0,0.0,uppsala,5f9fe38afd517828962fde29
13757,2020-11-24 05:00:00+00:00,0.0,0.0,uppsala,5f9fe38afd517828962fde29
13758,2020-11-24 06:00:00+00:00,0.0,0.0,uppsala,5f9fe38afd517828962fde29
13759,2020-11-24 07:00:00+00:00,0.0,0.0,uppsala,5f9fe38afd517828962fde29
13760,2020-11-24 08:00:00+00:00,0.0,0.17,uppsala,5f9fe38afd517828962fde29
13761,2020-11-24 09:00:00+00:00,0.0,0.51,uppsala,5f9fe38afd517828962fde29
13762,2020-11-24 10:00:00+00:00,0.0,0.81,uppsala,5f9fe38afd517828962fde29
13763,2020-11-24 11:00:00+00:00,0.0,0.31,uppsala,5f9fe38afd517828962fde29
13764,2020-11-24 12:00:00+00:00,0.0,0.16,uppsala,5f9fe38afd517828962fde29
13765,2020-11-24 13:00:00+00:00,0.0,0.0,uppsala,5f9fe38afd517828962fde29
13766,2020-11-24 14:00:00+00:00,0.0,0.0,uppsala,5f9fe38afd517828962fde29
13767,2020-11-24 15:00:00+00:00,0.0,0.0,uppsala,5f9fe38afd517828962fde29
13768,2020-11-24 16:00:00+00:00,0.0,0.0,uppsala,5f9fe38afd517828962fde29
13769,2020-11-24 17:00:00+00:00,0.0,0.0,uppsala,5f9fe38afd517828962fde29
13770,2020-11-24 18:00:00+00:00,0.0,0.0,uppsala,5f9fe38afd517828962fde29
13771,2020-11-24 19:00:00+00:00,0.0,0.0,uppsala,5f9fe38afd517828962fde29
13772,2020-11-24 20:00:00+00:00,0.0,0.0,uppsala,5f9fe38afd517828962fde29
13773,2020-11-24 21:00:00+00:00,0.0,0.0,uppsala,5f9fe38afd517828962fde29
13774,2020-11-24 22:00:00+00:00,0.0,0.0,uppsala,5f9fe38afd517828962fde29
13775,2020-11-24 23:00:00+00:00,0.0,0.0,uppsala,5f9fe38afd517828962fde29
13776,2020-11-25 00:00:00+00:00,0.0,0.0,uppsala,5f9fe38afd517828962fde29
13777,2020-11-25 01:00:00+00:00,0.0,0.0,uppsala,5f9fe38afd517828962fde29
13778,2020-11-25 02:00:00+00:00,0.0,0.0,uppsala,5f9fe38afd517828962fde29
13779,2020-11-25 03:00:00+00:00,0.0,0.0,uppsala,5f9fe38afd517828962fde29
13780,2020-11-25 04:00:00+00:00,0.0,0.0,uppsala,5f9fe38afd517828962fde29
13781,2020-11-25 05:00:00+00:00,0.0,0.0,uppsala,5f9fe38afd517828962fde29
13782,2020-11-25 06:00:00+00:00,0.0,0.0,uppsala,5f9fe38afd517828962fde29
13783,2020-11-25 07:00:00+00:00,0.0,0.0,uppsala,5f9fe38afd517828962fde29
13784,2020-11-25 08:00:00+00:00,0.0,0.04,uppsala,5f9fe38afd517828962fde29
13785,2020-11-25 09:00:00+00:00,0.0,0.17,uppsala,5f9fe38afd517828962fde29
13786,2020-11-25 10:00:00+00:00,0.0,0.09,uppsala,5f9fe38afd517828962fde29
13787,2020-11-25 11:00:00+00:00,0.0,0.14,uppsala,5f9fe38afd517828962fde29
13788,2020-11-25 12:00:00+00:00,0.0,0.07,uppsala,5f9fe38afd517828962fde29
13789,2020-11-25 13:00:00+00:00,0.0,0.02,uppsala,5f9fe38afd517828962fde29
13790,2020-11-25 14:00:00+00:00,0.0,0.0,uppsala,5f9fe38afd517828962fde29
13791,2020-11-25 15:00:00+00:00,0.0,0.0,uppsala,5f9fe38afd517828962fde29
13792,2020-11-25 16:00:00+00:00,0.0,0.0,uppsala,5f9fe38afd517828962fde29
13793,2020-11-25 17:00:00+00:00,0.0,0.0,uppsala,5f9fe38afd517828962fde29
13794,2020-11-25 18:00:00+00:00,0.0,0.0,uppsala,5f9fe38afd517828962fde29
13795,2020-11-25 19:00:00+00:00,0.0,0.0,uppsala,5f9fe38afd517828962fde29
13796,2020-11-25 20:00:00+00:00,0.0,0.0,uppsala,5f9fe38afd517828962fde29
13797,2020-11-25 21:00:00+00:00,0.0,0.0,uppsala,5f9fe38afd517828962fde29
13798,2020-11-25 22:00:00+00:00,0.0,0.0,uppsala,5f9fe38afd517828962fde29
13799,2020-11-25 23:00:00+00:00,0.0,0.0,uppsala,5f9fe38afd517828962fde29
13800,2020-11-26 00:00:00+00:00,0.0,0.0,uppsala,5f9fe38afd517828962fde29
13801,2020-11-26 01:00:00+00:00,0.0,0.0,uppsala,5f9fe38afd517828962fde29
13802,2020-11-26 02:00:00+00:00,0.0,0.0,uppsala,5f9fe38afd517828962fde29
13803,2020-11-26 03:00:00+00:00,0.0,0.0,uppsala,5f9fe38afd517828962fde29
13804,2020-11-26 04:00:00+00:00,0.0,0.0,uppsala,5f9fe38afd517828962fde29
13805,2020-11-26 05:00:00+00:00,0.0,0.0,uppsala,5f9fe38afd517828962fde29
13806,2020-11-26 06:00:00+00:00,0.0,0.0,uppsala,5f9fe38afd517828962fde29
13807,2020-11-26 07:00:00+00:00,0.0,0.0,uppsala,5f9fe38afd517828962fde29
13808,2020-11-26 08:00:00+00:00,300.4,0.15,uppsala,5f9fe38afd517828962fde29
13809,2020-11-26 09:00:00+00:00,48.8,0.39,uppsala,5f9fe38afd517828962fde29
13810,2020-11-26 10:00:00+00:00,8.9,0.22,uppsala,5f9fe38afd517828962fde29
13811,2020-11-26 11:00:00+00:00,1.3,1.36,uppsala,5f9fe38afd517828962fde29
13812,2020-11-26 12:00:00+00:00,530.4,2.57,uppsala,5f9fe38afd517828962fde29
13813,2020-11-26 13:00:00+00:00,362.4,1.03,uppsala,5f9fe38afd517828962fde29
13814,2020-11-26 14:00:00+00:00,0.0,0.0,uppsala,5f9fe38afd517828962fde29
13815,2020-11-26 15:00:00+00:00,0.0,0.0,uppsala,5f9fe38afd517828962fde29
13816,2020-11-26 16:00:00+00:00,0.0,0.0,uppsala,5f9fe38afd517828962fde29
13817,2020-11-26 17:00:00+00:00,0.0,0.0,uppsala,5f9fe38afd517828962fde29
13818,2020-11-26 18:00:00+00:00,0.0,0.0,uppsala,5f9fe38afd517828962fde29
13819,2020-11-26 19:00:00+00:00,0.0,0.0,uppsala,5f9fe38afd517828962fde29
13820,2020-11-26 20:00:00+00:00,0.0,0.0,uppsala,5f9fe38afd517828962fde29
13821,2020-11-26 21:00:00+00:00,0.0,0.0,uppsala,5f9fe38afd517828962fde29
13822,2020-11-26 22:00:00+00:00,0.0,0.0,uppsala,5f9fe38afd517828962fde29
13823,2020-11-26 23:00:00+00:00,0.0,0.0,uppsala,5f9fe38afd517828962fde29
13824,2020-11-27 00:00:00+00:00,0.0,0.0,uppsala,5f9fe38afd517828962fde29
13825,2020-11-27 01:00:00+00:00,0.0,0.0,uppsala,5f9fe38afd517828962fde29
13826,2020-11-27 02:00:00+00:00,0.0,0.0,uppsala,5f9fe38afd517828962fde29
13827,2020-11-27 03:00:00+00:00,0.0,0.0,uppsala,5f9fe38afd517828962fde29
13828,2020-11-27 04:00:00+00:00,0.0,0.0,uppsala,5f9fe38afd517828962fde29
13829,2020-11-27 05:00:00+00:00,0.0,0.0,uppsala,5f9fe38afd517828962fde29
13830,2020-11-27 06:00:00+00:00,0.0,0.0,uppsala,5f9fe38afd517828962fde29
13831,2020-11-27 07:00:00+00:00,0.0,0.14,uppsala,5f9fe38afd517828962fde29
13832,2020-11-27 08:00:00+00:00,351.3,1.05,uppsala,5f9fe38afd517828962fde29
13833,2020-11-27 09:00:00+00:00,565.5,2.18,uppsala,5f9fe38afd517828962fde29
13834,2020-11-27 10:00:00+00:00,640.5,2.79,uppsala,5f9fe38afd517828962fde29
13835,2020-11-27 11:00:00+00:00,643.7,2.36,uppsala,5f9fe38afd517828962fde29
13836,2020-11-27 12:00:00+00:00,586.7,2.93,uppsala,5f9fe38afd517828962fde29
13837,2020-11-27 13:00:00+00:00,412.2,1.14,uppsala,5f9fe38afd517828962fde29
13838,2020-11-27 14:00:00+00:00,0.0,0.0,uppsala,5f9fe38afd517828962fde29
13839,2020-11-27 15:00:00+00:00,0.0,0.0,uppsala,5f9fe38afd517828962fde29
13840,2020-11-27 16:00:00+00:00,0.0,0.0,uppsala,5f9fe38afd517828962fde29
13841,2020-11-27 17:00:00+00:00,0.0,0.0,uppsala,5f9fe38afd517828962fde29
13842,2020-11-27 18:00:00+00:00,0.0,0.0,uppsala,5f9fe38afd517828962fde29
13843,2020-11-27 19:00:00+00:00,0.0,0.0,uppsala,5f9fe38afd517828962fde29
13844,2020-11-27 20:00:00+00:00,0.0,0.0,uppsala,5f9fe38afd517828962fde29
13845,2020-11-27 21:00:00+00:00,0.0,0.0,uppsala,5f9fe38afd517828962fde29
13846,2020-11-27 22:00:00+00:00,0.0,0.0,uppsala,5f9fe38afd517828962fde29
13847,2020-11-27 23:00:00+00:00,0.0,0.0,uppsala,5f9fe38afd517828962fde29
13848,2020-11-28 00:00:00+00:00,0.0,0.0,uppsala,5f9fe38afd517828962fde29
13849,2020-11-28 01:00:00+00:00,0.0,0.0,uppsala,5f9fe38afd517828962fde29
13850,2020-11-28 02:00:00+00:00,0.0,0.0,uppsala,5f9fe38afd517828962fde29
13851,2020-11-28 03:00:00+00:00,0.0,0.0,uppsala,5f9fe38afd517828962fde29
13852,2020-11-28 04:00:00+00:00,0.0,0.0,uppsala,5f9fe38afd517828962fde29
13853,2020-11-28 05:00:00+00:00,0.0,0.0,uppsala,5f9fe38afd517828962fde29
13854,2020-11-28 06:00:00+00:00,0.0,0.0,uppsala,5f9fe38afd517828962fde29
13855,2020-11-28 07:00:00+00:00,0.0,0.01,uppsala,5f9fe38afd517828962fde29
13856,2020-11-28 08:00:00+00:00,29.9,0.22,uppsala,5f9fe38afd517828962fde29
13857,2020-11-28 09:00:00+00:00,129.0,0.6,uppsala,5f9fe38afd517828962fde29
13858,2020-11-28 10:00:00+00:00,100.4,1.03,uppsala,5f9fe38afd517828962fde29
13859,2020-11-28 11:00:00+00:00,8.0,0.73,uppsala,5f9fe38afd517828962fde29
13860,2020-11-28 12:00:00+00:00,52.2,0.26,uppsala,5f9fe38afd517828962fde29
13861,2020-11-28 13:00:00+00:00,0.0,0.0,uppsala,5f9fe38afd517828962fde29
13862,2020-11-28 14:00:00+00:00,0.0,0.0,uppsala,5f9fe38afd517828962fde29
13863,2020-11-28 15:00:00+00:00,0.0,0.0,uppsala,5f9fe38afd517828962fde29
13864,2020-11-28 16:00:00+00:00,0.0,0.0,uppsala,5f9fe38afd517828962fde29
13865,2020-11-28 17:00:00+00:00,0.0,0.0,uppsala,5f9fe38afd517828962fde29
13866,2020-11-28 18:00:00+00:00,0.0,0.0,uppsala,5f9fe38afd517828962fde29
13867,2020-11-28 19:00:00+00:00,0.0,0.0,uppsala,5f9fe38afd517828962fde29
13868,2020-11-28 20:00:00+00:00,0.0,0.0,uppsala,5f9fe38afd517828962fde29
13869,2020-11-28 21:00:00+00:00,0.0,0.0,uppsala,5f9fe38afd517828962fde29
13870,2020-11-28 22:00:00+00:00,0.0,0.0,uppsala,5f9fe38afd517828962fde29
13871,2020-11-28 23:00:00+00:00,0.0,0.0,uppsala,5f9fe38afd517828962fde29
13872,2020-11-29 00:00:00+00:00,0.0,0.0,uppsala,5f9fe38afd517828962fde29
13873,2020-11-29 01:00:00+00:00,0.0,0.0,uppsala,5f9fe38afd517828962fde29
13874,2020-11-29 02:00:00+00:00,0.0,0.0,uppsala,5f9fe38afd517828962fde29
13875,2020-11-29 03:00:00+00:00,0.0,0.0,uppsala,5f9fe38afd517828962fde29
13876,2020-11-29 04:00:00+00:00,0.0,0.0,uppsala,5f9fe38afd517828962fde29
13877,2020-11-29 05:00:00+00:00,0.0,0.0,uppsala,5f9fe38afd517828962fde29
13878,2020-11-29 06:00:00+00:00,0.0,0.0,uppsala,5f9fe38afd517828962fde29
13879,2020-11-29 07:00:00+00:00,0.0,0.0,uppsala,5f9fe38afd517828962fde29
13880,2020-11-29 08:00:00+00:00,81.5,0.08,uppsala,5f9fe38afd517828962fde29
13881,2020-11-29 09:00:00+00:00,0.0,0.15,uppsala,5f9fe38afd517828962fde29
13882,2020-11-29 10:00:00+00:00,2.9,0.58,uppsala,5f9fe38afd517828962fde29
13883,2020-11-29 11:00:00+00:00,7.4,0.39,uppsala,5f9fe38afd517828962fde29
13884,2020-11-29 12:00:00+00:00,34.1,0.03,uppsala,5f9fe38afd517828962fde29
13885,2020-11-29 13:00:00+00:00,24.2,0.0,uppsala,5f9fe38afd517828962fde29
13886,2020-11-29 14:00:00+00:00,0.0,0.0,uppsala,5f9fe38afd517828962fde29
13887,2020-11-29 15:00:00+00:00,0.0,0.0,uppsala,5f9fe38afd517828962fde29
13888,2020-11-29 16:00:00+00:00,0.0,0.0,uppsala,5f9fe38afd517828962fde29
13889,2020-11-29 17:00:00+00:00,0.0,0.0,uppsala,5f9fe38afd517828962fde29
13890,2020-11-29 18:00:00+00:00,0.0,0.0,uppsala,5f9fe38afd517828962fde29
13891,2020-11-29 19:00:00+00:00,0.0,0.0,uppsala,5f9fe38afd517828962fde29
13892,2020-11-29 20:00:00+00:00,0.0,0.0,uppsala,5f9fe38afd517828962fde29
13893,2020-11-29 21:00:00+00:00,0.0,0.0,uppsala,5f9fe38afd517828962fde29
13894,2020-11-29 22:00:00+00:00,0.0,0.0,uppsala,5f9fe38afd517828962fde29
13895,2020-11-29 23:00:00+00:00,0.0,0.0,uppsala,5f9fe38afd517828962fde29
13896,2020-11-30 00:00:00+00:00,0.0,0.0,uppsala,5f9fe38afd517828962fde29
13897,2020-11-30 01:00:00+00:00,0.0,0.0,uppsala,5f9fe38afd517828962fde29
13898,2020-11-30 02:00:00+00:00,0.0,0.0,uppsala,5f9fe38afd517828962fde29
13899,2020-11-30 03:00:00+00:00,0.0,0.0,uppsala,5f9fe38afd517828962fde29
13900,2020-11-30 04:00:00+00:00,0.0,0.0,uppsala,5f9fe38afd517828962fde29
13901,2020-11-30 05:00:00+00:00,0.0,0.0,uppsala,5f9fe38afd517828962fde29
13902,2020-11-30 06:00:00+00:00,0.0,0.0,uppsala,5f9fe38afd517828962fde29
13903,2020-11-30 07:00:00+00:00,0.0,0.0,uppsala,5f9fe38afd517828962fde29
13904,2020-11-30 08:00:00+00:00,49.3,0.03,uppsala,5f9fe38afd517828962fde29
13905,2020-11-30 09:00:00+00:00,100.3,0.16,uppsala,5f9fe38afd517828962fde29
13906,2020-11-30 10:00:00+00:00,0.0,0.13,uppsala,5f9fe38afd517828962fde29
13907,2020-11-30 11:00:00+00:00,0.0,0.0,uppsala,5f9fe38afd517828962fde29
13908,2020-11-30 12:00:00+00:00,0.0,0.0,uppsala,5f9fe38afd517828962fde29
13909,2020-11-30 13:00:00+00:00,0.0,0.0,uppsala,5f9fe38afd517828962fde29
13910,2020-11-30 14:00:00+00:00,0.0,0.0,uppsala,5f9fe38afd517828962fde29
13911,2020-11-30 15:00:00+00:00,0.0,0.0,uppsala,5f9fe38afd517828962fde29
13912,2020-11-30 16:00:00+00:00,0.0,0.0,uppsala,5f9fe38afd517828962fde29
13913,2020-11-30 17:00:00+00:00,0.0,0.0,uppsala,5f9fe38afd517828962fde29
13914,2020-11-30 18:00:00+00:00,0.0,0.0,uppsala,5f9fe38afd517828962fde29
13915,2020-11-30 19:00:00+00:00,0.0,0.0,uppsala,5f9fe38afd517828962fde29
13916,2020-11-30 20:00:00+00:00,0.0,0.0,uppsala,5f9fe38afd517828962fde29
13917,2020-11-30 21:00:00+00:00,0.0,0.0,uppsala,5f9fe38afd517828962fde29
13918,2020-11-30 22:00:00+00:00,0.0,0.0,uppsala,5f9fe38afd517828962fde29
13919,2020-11-30 23:00:00+00:00,0.0,0.0,uppsala,5f9fe38afd517828962fde29
13920,2020-12-01 00:00:00+00:00,0.0,0.0,uppsala,5f9fe38afd517828962fde29
13921,2020-12-01 01:00:00+00:00,0.0,0.0,uppsala,5f9fe38afd517828962fde29
13922,2020-12-01 02:00:00+00:00,0.0,0.0,uppsala,5f9fe38afd517828962fde29
13923,2020-12-01 03:00:00+00:00,0.0,0.0,uppsala,5f9fe38afd517828962fde29
13924,2020-12-01 04:00:00+00:00,0.0,0.0,uppsala,5f9fe38afd517828962fde29
13925,2020-12-01 05:00:00+00:00,0.0,0.0,uppsala,5f9fe38afd517828962fde29
13926,2020-12-01 06:00:00+00:00,0.0,0.0,uppsala,5f9fe38afd517828962fde29
13927,2020-12-01 07:00:00+00:00,0.0,0.0,uppsala,5f9fe38afd517828962fde29
13928,2020-12-01 08:00:00+00:00,0.0,0.07,uppsala,5f9fe38afd517828962fde29
13929,2020-12-01 09:00:00+00:00,1.7000000000000002,0.24,uppsala,5f9fe38afd517828962fde29
13930,2020-12-01 10:00:00+00:00,1.0,0.47,uppsala,5f9fe38afd517828962fde29
13931,2020-12-01 11:00:00+00:00,0.1,0.43,uppsala,5f9fe38afd517828962fde29
13932,2020-12-01 12:00:00+00:00,0.0,0.44,uppsala,5f9fe38afd517828962fde29
13933,2020-12-01 13:00:00+00:00,0.0,0.02,uppsala,5f9fe38afd517828962fde29
13934,2020-12-01 14:00:00+00:00,0.0,0.0,uppsala,5f9fe38afd517828962fde29
13935,2020-12-01 15:00:00+00:00,0.0,0.0,uppsala,5f9fe38afd517828962fde29
13936,2020-12-01 16:00:00+00:00,0.0,0.0,uppsala,5f9fe38afd517828962fde29
13937,2020-12-01 17:00:00+00:00,0.0,0.0,uppsala,5f9fe38afd517828962fde29
13938,2020-12-01 18:00:00+00:00,0.0,0.0,uppsala,5f9fe38afd517828962fde29
13939,2020-12-01 19:00:00+00:00,0.0,0.0,uppsala,5f9fe38afd517828962fde29
13940,2020-12-01 20:00:00+00:00,0.0,0.0,uppsala,5f9fe38afd517828962fde29
13941,2020-12-01 21:00:00+00:00,0.0,0.0,uppsala,5f9fe38afd517828962fde29
13942,2020-12-01 22:00:00+00:00,0.0,0.0,uppsala,5f9fe38afd517828962fde29
13943,2020-12-01 23:00:00+00:00,0.0,0.0,uppsala,5f9fe38afd517828962fde29
13944,2020-12-02 00:00:00+00:00,0.0,0.0,uppsala,5f9fe38afd517828962fde29
13945,2020-12-02 01:00:00+00:00,0.0,0.0,uppsala,5f9fe38afd517828962fde29
13946,2020-12-02 02:00:00+00:00,0.0,0.0,uppsala,5f9fe38afd517828962fde29
13947,2020-12-02 03:00:00+00:00,0.0,0.0,uppsala,5f9fe38afd517828962fde29
13948,2020-12-02 04:00:00+00:00,0.0,0.0,uppsala,5f9fe38afd517828962fde29
13949,2020-12-02 05:00:00+00:00,0.0,0.0,uppsala,5f9fe38afd517828962fde29
13950,2020-12-02 06:00:00+00:00,0.0,0.0,uppsala,5f9fe38afd517828962fde29
13951,2020-12-02 07:00:00+00:00,0.0,0.0,uppsala,5f9fe38afd517828962fde29
13952,2020-12-02 08:00:00+00:00,36.4,0.02,uppsala,5f9fe38afd517828962fde29
13953,2020-12-02 09:00:00+00:00,6.6,0.32,uppsala,5f9fe38afd517828962fde29
13954,2020-12-02 10:00:00+00:00,0.0,0.4,uppsala,5f9fe38afd517828962fde29
13955,2020-12-02 11:00:00+00:00,4.4,0.3,uppsala,5f9fe38afd517828962fde29
13956,2020-12-02 12:00:00+00:00,0.0,0.07,uppsala,5f9fe38afd517828962fde29
13957,2020-12-02 13:00:00+00:00,1.2,0.0,uppsala,5f9fe38afd517828962fde29
13958,2020-12-02 14:00:00+00:00,0.0,0.0,uppsala,5f9fe38afd517828962fde29
13959,2020-12-02 15:00:00+00:00,0.0,0.0,uppsala,5f9fe38afd517828962fde29
13960,2020-12-02 16:00:00+00:00,0.0,0.0,uppsala,5f9fe38afd517828962fde29
13961,2020-12-02 17:00:00+00:00,0.0,0.0,uppsala,5f9fe38afd517828962fde29
13962,2020-12-02 18:00:00+00:00,0.0,0.0,uppsala,5f9fe38afd517828962fde29
13963,2020-12-02 19:00:00+00:00,0.0,0.0,uppsala,5f9fe38afd517828962fde29
13964,2020-12-02 20:00:00+00:00,0.0,0.0,uppsala,5f9fe38afd517828962fde29
13965,2020-12-02 21:00:00+00:00,0.0,0.0,uppsala,5f9fe38afd517828962fde29
13966,2020-12-02 22:00:00+00:00,0.0,0.0,uppsala,5f9fe38afd517828962fde29
13967,2020-12-02 23:00:00+00:00,0.0,0.0,uppsala,5f9fe38afd517828962fde29
13968,2020-12-03 00:00:00+00:00,0.0,0.0,uppsala,5f9fe38afd517828962fde29
13969,2020-12-03 01:00:00+00:00,0.0,0.0,uppsala,5f9fe38afd517828962fde29
13970,2020-12-03 02:00:00+00:00,0.0,0.0,uppsala,5f9fe38afd517828962fde29
13971,2020-12-03 03:00:00+00:00,0.0,0.0,uppsala,5f9fe38afd517828962fde29
13972,2020-12-03 04:00:00+00:00,0.0,0.0,uppsala,5f9fe38afd517828962fde29
13973,2020-12-03 05:00:00+00:00,0.0,0.0,uppsala,5f9fe38afd517828962fde29
13974,2020-12-03 06:00:00+00:00,0.0,0.0,uppsala,5f9fe38afd517828962fde29
13975,2020-12-03 07:00:00+00:00,0.0,0.0,uppsala,5f9fe38afd517828962fde29
13976,2020-12-03 08:00:00+00:00,13.1,0.0,uppsala,5f9fe38afd517828962fde29
13977,2020-12-03 09:00:00+00:00,0.0,0.0,uppsala,5f9fe38afd517828962fde29
13978,2020-12-03 10:00:00+00:00,0.6000000000000001,0.02,uppsala,5f9fe38afd517828962fde29
13979,2020-12-03 11:00:00+00:00,12.1,0.0,uppsala,5f9fe38afd517828962fde29
13980,2020-12-03 12:00:00+00:00,381.3,0.0,uppsala,5f9fe38afd517828962fde29
13981,2020-12-03 13:00:00+00:00,42.1,0.0,uppsala,5f9fe38afd517828962fde29
13982,2020-12-03 14:00:00+00:00,0.0,0.0,uppsala,5f9fe38afd517828962fde29
13983,2020-12-03 15:00:00+00:00,0.0,0.0,uppsala,5f9fe38afd517828962fde29
13984,2020-12-03 16:00:00+00:00,0.0,0.0,uppsala,5f9fe38afd517828962fde29
13985,2020-12-03 17:00:00+00:00,0.0,0.0,uppsala,5f9fe38afd517828962fde29
13986,2020-12-03 18:00:00+00:00,0.0,0.0,uppsala,5f9fe38afd517828962fde29
13987,2020-12-03 19:00:00+00:00,0.0,0.0,uppsala,5f9fe38afd517828962fde29
13988,2020-12-03 20:00:00+00:00,0.0,0.0,uppsala,5f9fe38afd517828962fde29
13989,2020-12-03 21:00:00+00:00,0.0,0.0,uppsala,5f9fe38afd517828962fde29
13990,2020-12-03 22:00:00+00:00,0.0,0.0,uppsala,5f9fe38afd517828962fde29
13991,2020-12-03 23:00:00+00:00,0.0,0.0,uppsala,5f9fe38afd517828962fde29
13992,2020-12-04 00:00:00+00:00,0.0,0.0,uppsala,5f9fe38afd517828962fde29
13993,2020-12-04 01:00:00+00:00,0.0,0.0,uppsala,5f9fe38afd517828962fde29
13994,2020-12-04 02:00:00+00:00,0.0,0.0,uppsala,5f9fe38afd517828962fde29
13995,2020-12-04 03:00:00+00:00,0.0,0.0,uppsala,5f9fe38afd517828962fde29
13996,2020-12-04 04:00:00+00:00,0.0,0.0,uppsala,5f9fe38afd517828962fde29
13997,2020-12-04 05:00:00+00:00,0.0,0.0,uppsala,5f9fe38afd517828962fde29
13998,2020-12-04 06:00:00+00:00,0.0,0.0,uppsala,5f9fe38afd517828962fde29
13999,2020-12-04 07:00:00+00:00,0.0,0.0,uppsala,5f9fe38afd517828962fde29
14000,2020-12-04 08:00:00+00:00,0.0,0.02,uppsala,5f9fe38afd517828962fde29
14001,2020-12-04 09:00:00+00:00,0.0,0.1,uppsala,5f9fe38afd517828962fde29
14002,2020-12-04 10:00:00+00:00,0.0,0.02,uppsala,5f9fe38afd517828962fde29
14003,2020-12-04 11:00:00+00:00,23.4,0.01,uppsala,5f9fe38afd517828962fde29
14004,2020-12-04 12:00:00+00:00,0.0,0.0,uppsala,5f9fe38afd517828962fde29
14005,2020-12-04 13:00:00+00:00,0.0,0.0,uppsala,5f9fe38afd517828962fde29
14006,2020-12-04 14:00:00+00:00,0.0,0.0,uppsala,5f9fe38afd517828962fde29
14007,2020-12-04 15:00:00+00:00,0.0,0.0,uppsala,5f9fe38afd517828962fde29
14008,2020-12-04 16:00:00+00:00,0.0,0.0,uppsala,5f9fe38afd517828962fde29
14009,2020-12-04 17:00:00+00:00,0.0,0.0,uppsala,5f9fe38afd517828962fde29
14010,2020-12-04 18:00:00+00:00,0.0,0.0,uppsala,5f9fe38afd517828962fde29
14011,2020-12-04 19:00:00+00:00,0.0,0.0,uppsala,5f9fe38afd517828962fde29
14012,2020-12-04 20:00:00+00:00,0.0,0.0,uppsala,5f9fe38afd517828962fde29
14013,2020-12-04 21:00:00+00:00,0.0,0.0,uppsala,5f9fe38afd517828962fde29
14014,2020-12-04 22:00:00+00:00,0.0,0.0,uppsala,5f9fe38afd517828962fde29
14015,2020-12-04 23:00:00+00:00,0.0,0.0,uppsala,5f9fe38afd517828962fde29
14016,2020-12-05 00:00:00+00:00,0.0,0.0,uppsala,5f9fe38afd517828962fde29
14017,2020-12-05 01:00:00+00:00,0.0,0.0,uppsala,5f9fe38afd517828962fde29
14018,2020-12-05 02:00:00+00:00,0.0,0.0,uppsala,5f9fe38afd517828962fde29
14019,2020-12-05 03:00:00+00:00,0.0,0.0,uppsala,5f9fe38afd517828962fde29
14020,2020-12-05 04:00:00+00:00,0.0,0.0,uppsala,5f9fe38afd517828962fde29
14021,2020-12-05 05:00:00+00:00,0.0,0.0,uppsala,5f9fe38afd517828962fde29
14022,2020-12-05 06:00:00+00:00,0.0,0.0,uppsala,5f9fe38afd517828962fde29
14023,2020-12-05 07:00:00+00:00,0.0,0.0,uppsala,5f9fe38afd517828962fde29
14024,2020-12-05 08:00:00+00:00,0.0,0.0,uppsala,5f9fe38afd517828962fde29
14025,2020-12-05 09:00:00+00:00,0.0,0.0,uppsala,5f9fe38afd517828962fde29
14026,2020-12-05 10:00:00+00:00,0.30000000000000004,0.05,uppsala,5f9fe38afd517828962fde29
14027,2020-12-05 11:00:00+00:00,5.7,0.2,uppsala,5f9fe38afd517828962fde29
14028,2020-12-05 12:00:00+00:00,21.8,0.1,uppsala,5f9fe38afd517828962fde29
14029,2020-12-05 13:00:00+00:00,0.0,0.0,uppsala,5f9fe38afd517828962fde29
14030,2020-12-05 14:00:00+00:00,0.0,0.0,uppsala,5f9fe38afd517828962fde29
14031,2020-12-05 15:00:00+00:00,0.0,0.0,uppsala,5f9fe38afd517828962fde29
14032,2020-12-05 16:00:00+00:00,0.0,0.0,uppsala,5f9fe38afd517828962fde29
14033,2020-12-05 17:00:00+00:00,0.0,0.0,uppsala,5f9fe38afd517828962fde29
14034,2020-12-05 18:00:00+00:00,0.0,0.0,uppsala,5f9fe38afd517828962fde29
14035,2020-12-05 19:00:00+00:00,0.0,0.0,uppsala,5f9fe38afd517828962fde29
14036,2020-12-05 20:00:00+00:00,0.0,0.0,uppsala,5f9fe38afd517828962fde29
14037,2020-12-05 21:00:00+00:00,0.0,0.0,uppsala,5f9fe38afd517828962fde29
14038,2020-12-05 22:00:00+00:00,0.0,0.0,uppsala,5f9fe38afd517828962fde29
14039,2020-12-05 23:00:00+00:00,0.0,0.0,uppsala,5f9fe38afd517828962fde29
14040,2020-12-06 00:00:00+00:00,0.0,0.0,uppsala,5f9fe38afd517828962fde29
14041,2020-12-06 01:00:00+00:00,0.0,0.0,uppsala,5f9fe38afd517828962fde29
14042,2020-12-06 02:00:00+00:00,0.0,0.0,uppsala,5f9fe38afd517828962fde29
14043,2020-12-06 03:00:00+00:00,0.0,0.0,uppsala,5f9fe38afd517828962fde29
14044,2020-12-06 04:00:00+00:00,0.0,0.0,uppsala,5f9fe38afd517828962fde29
14045,2020-12-06 05:00:00+00:00,0.0,0.0,uppsala,5f9fe38afd517828962fde29
14046,2020-12-06 06:00:00+00:00,0.0,0.0,uppsala,5f9fe38afd517828962fde29
14047,2020-12-06 07:00:00+00:00,0.0,0.0,uppsala,5f9fe38afd517828962fde29
14048,2020-12-06 08:00:00+00:00,0.0,0.0,uppsala,5f9fe38afd517828962fde29
14049,2020-12-06 09:00:00+00:00,0.0,0.0,uppsala,5f9fe38afd517828962fde29
14050,2020-12-06 10:00:00+00:00,0.0,0.0,uppsala,5f9fe38afd517828962fde29
14051,2020-12-06 11:00:00+00:00,0.0,0.0,uppsala,5f9fe38afd517828962fde29
14052,2020-12-06 12:00:00+00:00,0.0,0.0,uppsala,5f9fe38afd517828962fde29
14053,2020-12-06 13:00:00+00:00,0.0,0.0,uppsala,5f9fe38afd517828962fde29
14054,2020-12-06 14:00:00+00:00,0.0,0.0,uppsala,5f9fe38afd517828962fde29
14055,2020-12-06 15:00:00+00:00,0.0,0.0,uppsala,5f9fe38afd517828962fde29
14056,2020-12-06 16:00:00+00:00,0.0,0.0,uppsala,5f9fe38afd517828962fde29
14057,2020-12-06 17:00:00+00:00,0.0,0.0,uppsala,5f9fe38afd517828962fde29
14058,2020-12-06 18:00:00+00:00,0.0,0.0,uppsala,5f9fe38afd517828962fde29
14059,2020-12-06 19:00:00+00:00,0.0,0.0,uppsala,5f9fe38afd517828962fde29
14060,2020-12-06 20:00:00+00:00,0.0,0.0,uppsala,5f9fe38afd517828962fde29
14061,2020-12-06 21:00:00+00:00,0.0,0.0,uppsala,5f9fe38afd517828962fde29
14062,2020-12-06 22:00:00+00:00,0.0,0.0,uppsala,5f9fe38afd517828962fde29
14063,2020-12-06 23:00:00+00:00,0.0,0.0,uppsala,5f9fe38afd517828962fde29
14064,2020-12-07 00:00:00+00:00,0.0,0.0,uppsala,5f9fe38afd517828962fde29
14065,2020-12-07 01:00:00+00:00,0.0,0.0,uppsala,5f9fe38afd517828962fde29
14066,2020-12-07 02:00:00+00:00,0.0,0.0,uppsala,5f9fe38afd517828962fde29
14067,2020-12-07 03:00:00+00:00,0.0,0.0,uppsala,5f9fe38afd517828962fde29
14068,2020-12-07 04:00:00+00:00,0.0,0.0,uppsala,5f9fe38afd517828962fde29
14069,2020-12-07 05:00:00+00:00,0.0,0.0,uppsala,5f9fe38afd517828962fde29
14070,2020-12-07 06:00:00+00:00,0.0,0.0,uppsala,5f9fe38afd517828962fde29
14071,2020-12-07 07:00:00+00:00,0.0,0.0,uppsala,5f9fe38afd517828962fde29
14072,2020-12-07 08:00:00+00:00,0.0,0.0,uppsala,5f9fe38afd517828962fde29
14073,2020-12-07 09:00:00+00:00,0.0,0.01,uppsala,5f9fe38afd517828962fde29
14074,2020-12-07 10:00:00+00:00,0.0,0.05,uppsala,5f9fe38afd517828962fde29
14075,2020-12-07 11:00:00+00:00,4.6,0.0,uppsala,5f9fe38afd517828962fde29
14076,2020-12-07 12:00:00+00:00,0.0,0.0,uppsala,5f9fe38afd517828962fde29
14077,2020-12-07 13:00:00+00:00,0.0,0.0,uppsala,5f9fe38afd517828962fde29
14078,2020-12-07 14:00:00+00:00,0.0,0.0,uppsala,5f9fe38afd517828962fde29
14079,2020-12-07 15:00:00+00:00,0.0,0.0,uppsala,5f9fe38afd517828962fde29
14080,2020-12-07 16:00:00+00:00,0.0,0.0,uppsala,5f9fe38afd517828962fde29
14081,2020-12-07 17:00:00+00:00,0.0,0.0,uppsala,5f9fe38afd517828962fde29
14082,2020-12-07 18:00:00+00:00,0.0,0.0,uppsala,5f9fe38afd517828962fde29
14083,2020-12-07 19:00:00+00:00,0.0,0.0,uppsala,5f9fe38afd517828962fde29
14084,2020-12-07 20:00:00+00:00,0.0,0.0,uppsala,5f9fe38afd517828962fde29
14085,2020-12-07 21:00:00+00:00,0.0,0.0,uppsala,5f9fe38afd517828962fde29
14086,2020-12-07 22:00:00+00:00,0.0,0.0,uppsala,5f9fe38afd517828962fde29
14087,2020-12-07 23:00:00+00:00,0.0,0.0,uppsala,5f9fe38afd517828962fde29
14088,2020-12-08 00:00:00+00:00,0.0,0.0,uppsala,5f9fe38afd517828962fde29
14089,2020-12-08 01:00:00+00:00,0.0,0.0,uppsala,5f9fe38afd517828962fde29
14090,2020-12-08 02:00:00+00:00,0.0,0.0,uppsala,5f9fe38afd517828962fde29
14091,2020-12-08 03:00:00+00:00,0.0,0.0,uppsala,5f9fe38afd517828962fde29
14092,2020-12-08 04:00:00+00:00,0.0,0.0,uppsala,5f9fe38afd517828962fde29
14093,2020-12-08 05:00:00+00:00,0.0,0.0,uppsala,5f9fe38afd517828962fde29
14094,2020-12-08 06:00:00+00:00,0.0,0.0,uppsala,5f9fe38afd517828962fde29
14095,2020-12-08 07:00:00+00:00,0.0,0.0,uppsala,5f9fe38afd517828962fde29
14096,2020-12-08 08:00:00+00:00,0.0,0.0,uppsala,5f9fe38afd517828962fde29
14097,2020-12-08 09:00:00+00:00,0.0,0.0,uppsala,5f9fe38afd517828962fde29
14098,2020-12-08 10:00:00+00:00,0.0,0.0,uppsala,5f9fe38afd517828962fde29
14099,2020-12-08 11:00:00+00:00,0.0,0.0,uppsala,5f9fe38afd517828962fde29
14100,2020-12-08 12:00:00+00:00,0.0,0.0,uppsala,5f9fe38afd517828962fde29
14101,2020-12-08 13:00:00+00:00,0.0,0.0,uppsala,5f9fe38afd517828962fde29
14102,2020-12-08 14:00:00+00:00,0.0,0.0,uppsala,5f9fe38afd517828962fde29
14103,2020-12-08 15:00:00+00:00,0.0,0.0,uppsala,5f9fe38afd517828962fde29
14104,2020-12-08 16:00:00+00:00,0.0,0.0,uppsala,5f9fe38afd517828962fde29
14105,2020-12-08 17:00:00+00:00,0.0,0.0,uppsala,5f9fe38afd517828962fde29
14106,2020-12-08 18:00:00+00:00,0.0,0.0,uppsala,5f9fe38afd517828962fde29
14107,2020-12-08 19:00:00+00:00,0.0,0.0,uppsala,5f9fe38afd517828962fde29
14108,2020-12-08 20:00:00+00:00,0.0,0.0,uppsala,5f9fe38afd517828962fde29
14109,2020-12-08 21:00:00+00:00,0.0,0.0,uppsala,5f9fe38afd517828962fde29
14110,2020-12-08 22:00:00+00:00,0.0,0.0,uppsala,5f9fe38afd517828962fde29
14111,2020-12-08 23:00:00+00:00,0.0,0.0,uppsala,5f9fe38afd517828962fde29
14112,2020-12-09 00:00:00+00:00,0.0,0.0,uppsala,5f9fe38afd517828962fde29
14113,2020-12-09 01:00:00+00:00,0.0,0.0,uppsala,5f9fe38afd517828962fde29
14114,2020-12-09 02:00:00+00:00,0.0,0.0,uppsala,5f9fe38afd517828962fde29
14115,2020-12-09 03:00:00+00:00,0.0,0.0,uppsala,5f9fe38afd517828962fde29
14116,2020-12-09 04:00:00+00:00,0.0,0.0,uppsala,5f9fe38afd517828962fde29
14117,2020-12-09 05:00:00+00:00,0.0,0.0,uppsala,5f9fe38afd517828962fde29
14118,2020-12-09 06:00:00+00:00,0.0,0.0,uppsala,5f9fe38afd517828962fde29
14119,2020-12-09 07:00:00+00:00,0.0,0.0,uppsala,5f9fe38afd517828962fde29
14120,2020-12-09 08:00:00+00:00,0.0,0.0,uppsala,5f9fe38afd517828962fde29
14121,2020-12-09 09:00:00+00:00,7.3,0.11,uppsala,5f9fe38afd517828962fde29
14122,2020-12-09 10:00:00+00:00,0.0,0.35,uppsala,5f9fe38afd517828962fde29
14123,2020-12-09 11:00:00+00:00,0.0,0.52,uppsala,5f9fe38afd517828962fde29
14124,2020-12-09 12:00:00+00:00,0.0,0.08,uppsala,5f9fe38afd517828962fde29
14125,2020-12-09 13:00:00+00:00,0.0,0.0,uppsala,5f9fe38afd517828962fde29
14126,2020-12-09 14:00:00+00:00,0.0,0.0,uppsala,5f9fe38afd517828962fde29
14127,2020-12-09 15:00:00+00:00,0.0,0.0,uppsala,5f9fe38afd517828962fde29
14128,2020-12-09 16:00:00+00:00,0.0,0.0,uppsala,5f9fe38afd517828962fde29
14129,2020-12-09 17:00:00+00:00,0.0,0.0,uppsala,5f9fe38afd517828962fde29
14130,2020-12-09 18:00:00+00:00,0.0,0.0,uppsala,5f9fe38afd517828962fde29
14131,2020-12-09 19:00:00+00:00,0.0,0.0,uppsala,5f9fe38afd517828962fde29
14132,2020-12-09 20:00:00+00:00,0.0,0.0,uppsala,5f9fe38afd517828962fde29
14133,2020-12-09 21:00:00+00:00,0.0,0.0,uppsala,5f9fe38afd517828962fde29
14134,2020-12-09 22:00:00+00:00,0.0,0.0,uppsala,5f9fe38afd517828962fde29
14135,2020-12-09 23:00:00+00:00,0.0,0.0,uppsala,5f9fe38afd517828962fde29
14136,2020-12-10 00:00:00+00:00,0.0,0.0,uppsala,5f9fe38afd517828962fde29
14137,2020-12-10 01:00:00+00:00,0.0,0.0,uppsala,5f9fe38afd517828962fde29
14138,2020-12-10 02:00:00+00:00,0.0,0.0,uppsala,5f9fe38afd517828962fde29
14139,2020-12-10 03:00:00+00:00,0.0,0.0,uppsala,5f9fe38afd517828962fde29
14140,2020-12-10 04:00:00+00:00,0.0,0.0,uppsala,5f9fe38afd517828962fde29
14141,2020-12-10 05:00:00+00:00,0.0,0.0,uppsala,5f9fe38afd517828962fde29
14142,2020-12-10 06:00:00+00:00,0.0,0.0,uppsala,5f9fe38afd517828962fde29
14143,2020-12-10 07:00:00+00:00,0.0,0.0,uppsala,5f9fe38afd517828962fde29
14144,2020-12-10 08:00:00+00:00,0.0,0.0,uppsala,5f9fe38afd517828962fde29
14145,2020-12-10 09:00:00+00:00,0.0,0.0,uppsala,5f9fe38afd517828962fde29
14146,2020-12-10 10:00:00+00:00,0.0,0.0,uppsala,5f9fe38afd517828962fde29
14147,2020-12-10 11:00:00+00:00,0.0,0.0,uppsala,5f9fe38afd517828962fde29
14148,2020-12-10 12:00:00+00:00,0.0,0.0,uppsala,5f9fe38afd517828962fde29
14149,2020-12-10 13:00:00+00:00,0.0,0.0,uppsala,5f9fe38afd517828962fde29
14150,2020-12-10 14:00:00+00:00,0.0,0.0,uppsala,5f9fe38afd517828962fde29
14151,2020-12-10 15:00:00+00:00,0.0,0.0,uppsala,5f9fe38afd517828962fde29
14152,2020-12-10 16:00:00+00:00,0.0,0.0,uppsala,5f9fe38afd517828962fde29
14153,2020-12-10 17:00:00+00:00,0.0,0.0,uppsala,5f9fe38afd517828962fde29
14154,2020-12-10 18:00:00+00:00,0.0,0.0,uppsala,5f9fe38afd517828962fde29
14155,2020-12-10 19:00:00+00:00,0.0,0.0,uppsala,5f9fe38afd517828962fde29
14156,2020-12-10 20:00:00+00:00,0.0,0.0,uppsala,5f9fe38afd517828962fde29
14157,2020-12-10 21:00:00+00:00,0.0,0.0,uppsala,5f9fe38afd517828962fde29
14158,2020-12-10 22:00:00+00:00,0.0,0.0,uppsala,5f9fe38afd517828962fde29
14159,2020-12-10 23:00:00+00:00,0.0,0.0,uppsala,5f9fe38afd517828962fde29
14160,2020-12-11 00:00:00+00:00,0.0,0.0,uppsala,5f9fe38afd517828962fde29
14161,2020-12-11 01:00:00+00:00,0.0,0.0,uppsala,5f9fe38afd517828962fde29
14162,2020-12-11 02:00:00+00:00,0.0,0.0,uppsala,5f9fe38afd517828962fde29
14163,2020-12-11 03:00:00+00:00,0.0,0.0,uppsala,5f9fe38afd517828962fde29
14164,2020-12-11 04:00:00+00:00,0.0,0.0,uppsala,5f9fe38afd517828962fde29
14165,2020-12-11 05:00:00+00:00,0.0,0.0,uppsala,5f9fe38afd517828962fde29
14166,2020-12-11 06:00:00+00:00,0.0,0.0,uppsala,5f9fe38afd517828962fde29
14167,2020-12-11 07:00:00+00:00,0.0,0.0,uppsala,5f9fe38afd517828962fde29
14168,2020-12-11 08:00:00+00:00,0.0,0.0,uppsala,5f9fe38afd517828962fde29
14169,2020-12-11 09:00:00+00:00,0.0,0.0,uppsala,5f9fe38afd517828962fde29
14170,2020-12-11 10:00:00+00:00,0.30000000000000004,0.0,uppsala,5f9fe38afd517828962fde29
14171,2020-12-11 11:00:00+00:00,0.0,0.01,uppsala,5f9fe38afd517828962fde29
14172,2020-12-11 12:00:00+00:00,0.0,0.0,uppsala,5f9fe38afd517828962fde29
14173,2020-12-11 13:00:00+00:00,0.0,0.0,uppsala,5f9fe38afd517828962fde29
14174,2020-12-11 14:00:00+00:00,0.0,0.0,uppsala,5f9fe38afd517828962fde29
14175,2020-12-11 15:00:00+00:00,0.0,0.0,uppsala,5f9fe38afd517828962fde29
14176,2020-12-11 16:00:00+00:00,0.0,0.0,uppsala,5f9fe38afd517828962fde29
14177,2020-12-11 17:00:00+00:00,0.0,0.0,uppsala,5f9fe38afd517828962fde29
14178,2020-12-11 18:00:00+00:00,0.0,0.0,uppsala,5f9fe38afd517828962fde29
14179,2020-12-11 19:00:00+00:00,0.0,0.0,uppsala,5f9fe38afd517828962fde29
14180,2020-12-11 20:00:00+00:00,0.0,0.0,uppsala,5f9fe38afd517828962fde29
14181,2020-12-11 21:00:00+00:00,0.0,0.0,uppsala,5f9fe38afd517828962fde29
14182,2020-12-11 22:00:00+00:00,0.0,0.0,uppsala,5f9fe38afd517828962fde29
14183,2020-12-11 23:00:00+00:00,0.0,0.0,uppsala,5f9fe38afd517828962fde29
14184,2020-12-12 00:00:00+00:00,0.0,0.0,uppsala,5f9fe38afd517828962fde29
14185,2020-12-12 01:00:00+00:00,0.0,0.0,uppsala,5f9fe38afd517828962fde29
14186,2020-12-12 02:00:00+00:00,0.0,0.0,uppsala,5f9fe38afd517828962fde29
14187,2020-12-12 03:00:00+00:00,0.0,0.0,uppsala,5f9fe38afd517828962fde29
14188,2020-12-12 04:00:00+00:00,0.0,0.0,uppsala,5f9fe38afd517828962fde29
14189,2020-12-12 05:00:00+00:00,0.0,0.0,uppsala,5f9fe38afd517828962fde29
14190,2020-12-12 06:00:00+00:00,0.0,0.0,uppsala,5f9fe38afd517828962fde29
14191,2020-12-12 07:00:00+00:00,0.0,0.0,uppsala,5f9fe38afd517828962fde29
14192,2020-12-12 08:00:00+00:00,0.0,0.0,uppsala,5f9fe38afd517828962fde29
14193,2020-12-12 09:00:00+00:00,6.2,0.0,uppsala,5f9fe38afd517828962fde29
14194,2020-12-12 10:00:00+00:00,0.0,0.0,uppsala,5f9fe38afd517828962fde29
14195,2020-12-12 11:00:00+00:00,0.0,0.0,uppsala,5f9fe38afd517828962fde29
14196,2020-12-12 12:00:00+00:00,0.0,0.0,uppsala,5f9fe38afd517828962fde29
14197,2020-12-12 13:00:00+00:00,0.0,0.0,uppsala,5f9fe38afd517828962fde29
14198,2020-12-12 14:00:00+00:00,0.0,0.0,uppsala,5f9fe38afd517828962fde29
14199,2020-12-12 15:00:00+00:00,0.0,0.0,uppsala,5f9fe38afd517828962fde29
14200,2020-12-12 16:00:00+00:00,0.0,0.0,uppsala,5f9fe38afd517828962fde29
14201,2020-12-12 17:00:00+00:00,0.0,0.0,uppsala,5f9fe38afd517828962fde29
14202,2020-12-12 18:00:00+00:00,0.0,0.0,uppsala,5f9fe38afd517828962fde29
14203,2020-12-12 19:00:00+00:00,0.0,0.0,uppsala,5f9fe38afd517828962fde29
14204,2020-12-12 20:00:00+00:00,0.0,0.0,uppsala,5f9fe38afd517828962fde29
14205,2020-12-12 21:00:00+00:00,0.0,0.0,uppsala,5f9fe38afd517828962fde29
14206,2020-12-12 22:00:00+00:00,0.0,0.0,uppsala,5f9fe38afd517828962fde29
14207,2020-12-12 23:00:00+00:00,0.0,0.0,uppsala,5f9fe38afd517828962fde29
14208,2020-12-13 00:00:00+00:00,0.0,0.0,uppsala,5f9fe38afd517828962fde29
14209,2020-12-13 01:00:00+00:00,0.0,0.0,uppsala,5f9fe38afd517828962fde29
14210,2020-12-13 02:00:00+00:00,0.0,0.0,uppsala,5f9fe38afd517828962fde29
14211,2020-12-13 03:00:00+00:00,0.0,0.0,uppsala,5f9fe38afd517828962fde29
14212,2020-12-13 04:00:00+00:00,0.0,0.0,uppsala,5f9fe38afd517828962fde29
14213,2020-12-13 05:00:00+00:00,0.0,0.0,uppsala,5f9fe38afd517828962fde29
14214,2020-12-13 06:00:00+00:00,0.0,0.0,uppsala,5f9fe38afd517828962fde29
14215,2020-12-13 07:00:00+00:00,0.0,0.0,uppsala,5f9fe38afd517828962fde29
14216,2020-12-13 08:00:00+00:00,0.0,0.0,uppsala,5f9fe38afd517828962fde29
14217,2020-12-13 09:00:00+00:00,0.0,0.0,uppsala,5f9fe38afd517828962fde29
14218,2020-12-13 10:00:00+00:00,0.0,0.02,uppsala,5f9fe38afd517828962fde29
14219,2020-12-13 11:00:00+00:00,0.0,0.04,uppsala,5f9fe38afd517828962fde29
14220,2020-12-13 12:00:00+00:00,0.0,0.02,uppsala,5f9fe38afd517828962fde29
14221,2020-12-13 13:00:00+00:00,0.0,0.0,uppsala,5f9fe38afd517828962fde29
14222,2020-12-13 14:00:00+00:00,0.0,0.0,uppsala,5f9fe38afd517828962fde29
14223,2020-12-13 15:00:00+00:00,0.0,0.0,uppsala,5f9fe38afd517828962fde29
14224,2020-12-13 16:00:00+00:00,0.0,0.0,uppsala,5f9fe38afd517828962fde29
14225,2020-12-13 17:00:00+00:00,0.0,0.0,uppsala,5f9fe38afd517828962fde29
14226,2020-12-13 18:00:00+00:00,0.0,0.0,uppsala,5f9fe38afd517828962fde29
14227,2020-12-13 19:00:00+00:00,0.0,0.0,uppsala,5f9fe38afd517828962fde29
14228,2020-12-13 20:00:00+00:00,0.0,0.0,uppsala,5f9fe38afd517828962fde29
14229,2020-12-13 21:00:00+00:00,0.0,0.0,uppsala,5f9fe38afd517828962fde29
14230,2020-12-13 22:00:00+00:00,0.0,0.0,uppsala,5f9fe38afd517828962fde29
14231,2020-12-13 23:00:00+00:00,0.0,0.0,uppsala,5f9fe38afd517828962fde29
14232,2020-12-14 00:00:00+00:00,0.0,0.0,uppsala,5f9fe38afd517828962fde29
14233,2020-12-14 01:00:00+00:00,0.0,0.0,uppsala,5f9fe38afd517828962fde29
14234,2020-12-14 02:00:00+00:00,0.0,0.0,uppsala,5f9fe38afd517828962fde29
14235,2020-12-14 03:00:00+00:00,0.0,0.0,uppsala,5f9fe38afd517828962fde29
14236,2020-12-14 04:00:00+00:00,0.0,0.0,uppsala,5f9fe38afd517828962fde29
14237,2020-12-14 05:00:00+00:00,0.0,0.0,uppsala,5f9fe38afd517828962fde29
14238,2020-12-14 06:00:00+00:00,0.0,0.0,uppsala,5f9fe38afd517828962fde29
14239,2020-12-14 07:00:00+00:00,0.0,0.0,uppsala,5f9fe38afd517828962fde29
14240,2020-12-14 08:00:00+00:00,0.0,0.01,uppsala,5f9fe38afd517828962fde29
14241,2020-12-14 09:00:00+00:00,0.0,0.33,uppsala,5f9fe38afd517828962fde29
14242,2020-12-14 10:00:00+00:00,15.3,0.34,uppsala,5f9fe38afd517828962fde29
14243,2020-12-14 11:00:00+00:00,362.8,0.23,uppsala,5f9fe38afd517828962fde29
14244,2020-12-14 12:00:00+00:00,0.0,0.07,uppsala,5f9fe38afd517828962fde29
14245,2020-12-14 13:00:00+00:00,0.0,0.0,uppsala,5f9fe38afd517828962fde29
14246,2020-12-14 14:00:00+00:00,0.0,0.0,uppsala,5f9fe38afd517828962fde29
14247,2020-12-14 15:00:00+00:00,0.0,0.0,uppsala,5f9fe38afd517828962fde29
14248,2020-12-14 16:00:00+00:00,0.0,0.0,uppsala,5f9fe38afd517828962fde29
14249,2020-12-14 17:00:00+00:00,0.0,0.0,uppsala,5f9fe38afd517828962fde29
14250,2020-12-14 18:00:00+00:00,0.0,0.0,uppsala,5f9fe38afd517828962fde29
14251,2020-12-14 19:00:00+00:00,0.0,0.0,uppsala,5f9fe38afd517828962fde29
14252,2020-12-14 20:00:00+00:00,0.0,0.0,uppsala,5f9fe38afd517828962fde29
14253,2020-12-14 21:00:00+00:00,0.0,0.0,uppsala,5f9fe38afd517828962fde29
14254,2020-12-14 22:00:00+00:00,0.0,0.0,uppsala,5f9fe38afd517828962fde29
14255,2020-12-14 23:00:00+00:00,0.0,0.0,uppsala,5f9fe38afd517828962fde29
14256,2020-12-15 00:00:00+00:00,0.0,0.0,uppsala,5f9fe38afd517828962fde29
14257,2020-12-15 01:00:00+00:00,0.0,0.0,uppsala,5f9fe38afd517828962fde29
14258,2020-12-15 02:00:00+00:00,0.0,0.0,uppsala,5f9fe38afd517828962fde29
14259,2020-12-15 03:00:00+00:00,0.0,0.0,uppsala,5f9fe38afd517828962fde29
14260,2020-12-15 04:00:00+00:00,0.0,0.0,uppsala,5f9fe38afd517828962fde29
14261,2020-12-15 05:00:00+00:00,0.0,0.0,uppsala,5f9fe38afd517828962fde29
14262,2020-12-15 06:00:00+00:00,0.0,0.0,uppsala,5f9fe38afd517828962fde29
14263,2020-12-15 07:00:00+00:00,0.0,0.0,uppsala,5f9fe38afd517828962fde29
14264,2020-12-15 08:00:00+00:00,0.0,0.01,uppsala,5f9fe38afd517828962fde29
14265,2020-12-15 09:00:00+00:00,0.0,0.06,uppsala,5f9fe38afd517828962fde29
14266,2020-12-15 10:00:00+00:00,0.0,0.26,uppsala,5f9fe38afd517828962fde29
14267,2020-12-15 11:00:00+00:00,0.0,0.1,uppsala,5f9fe38afd517828962fde29
14268,2020-12-15 12:00:00+00:00,0.0,0.04,uppsala,5f9fe38afd517828962fde29
14269,2020-12-15 13:00:00+00:00,0.0,0.0,uppsala,5f9fe38afd517828962fde29
14270,2020-12-15 14:00:00+00:00,0.0,0.0,uppsala,5f9fe38afd517828962fde29
14271,2020-12-15 15:00:00+00:00,0.0,0.0,uppsala,5f9fe38afd517828962fde29
14272,2020-12-15 16:00:00+00:00,0.0,0.0,uppsala,5f9fe38afd517828962fde29
14273,2020-12-15 17:00:00+00:00,0.0,0.0,uppsala,5f9fe38afd517828962fde29
14274,2020-12-15 18:00:00+00:00,0.0,0.0,uppsala,5f9fe38afd517828962fde29
14275,2020-12-15 19:00:00+00:00,0.0,0.0,uppsala,5f9fe38afd517828962fde29
14276,2020-12-15 20:00:00+00:00,0.0,0.0,uppsala,5f9fe38afd517828962fde29
14277,2020-12-15 21:00:00+00:00,0.0,0.0,uppsala,5f9fe38afd517828962fde29
14278,2020-12-15 22:00:00+00:00,0.0,0.0,uppsala,5f9fe38afd517828962fde29
14279,2020-12-15 23:00:00+00:00,0.0,0.0,uppsala,5f9fe38afd517828962fde29
14280,2020-12-16 00:00:00+00:00,0.0,0.0,uppsala,5f9fe38afd517828962fde29
14281,2020-12-16 01:00:00+00:00,0.0,0.0,uppsala,5f9fe38afd517828962fde29
14282,2020-12-16 02:00:00+00:00,0.0,0.0,uppsala,5f9fe38afd517828962fde29
14283,2020-12-16 03:00:00+00:00,0.0,0.0,uppsala,5f9fe38afd517828962fde29
14284,2020-12-16 04:00:00+00:00,0.0,0.0,uppsala,5f9fe38afd517828962fde29
14285,2020-12-16 05:00:00+00:00,0.0,0.0,uppsala,5f9fe38afd517828962fde29
14286,2020-12-16 06:00:00+00:00,0.0,0.0,uppsala,5f9fe38afd517828962fde29
14287,2020-12-16 07:00:00+00:00,0.0,0.0,uppsala,5f9fe38afd517828962fde29
14288,2020-12-16 08:00:00+00:00,0.0,0.0,uppsala,5f9fe38afd517828962fde29
14289,2020-12-16 09:00:00+00:00,12.2,0.13,uppsala,5f9fe38afd517828962fde29
14290,2020-12-16 10:00:00+00:00,0.0,0.31,uppsala,5f9fe38afd517828962fde29
14291,2020-12-16 11:00:00+00:00,0.0,0.27,uppsala,5f9fe38afd517828962fde29
14292,2020-12-16 12:00:00+00:00,51.8,0.1,uppsala,5f9fe38afd517828962fde29
14293,2020-12-16 13:00:00+00:00,7.0,0.0,uppsala,5f9fe38afd517828962fde29
14294,2020-12-16 14:00:00+00:00,0.0,0.0,uppsala,5f9fe38afd517828962fde29
14295,2020-12-16 15:00:00+00:00,0.0,0.0,uppsala,5f9fe38afd517828962fde29
14296,2020-12-16 16:00:00+00:00,0.0,0.0,uppsala,5f9fe38afd517828962fde29
14297,2020-12-16 17:00:00+00:00,0.0,0.0,uppsala,5f9fe38afd517828962fde29
14298,2020-12-16 18:00:00+00:00,0.0,0.0,uppsala,5f9fe38afd517828962fde29
14299,2020-12-16 19:00:00+00:00,0.0,0.0,uppsala,5f9fe38afd517828962fde29
14300,2020-12-16 20:00:00+00:00,0.0,0.0,uppsala,5f9fe38afd517828962fde29
14301,2020-12-16 21:00:00+00:00,0.0,0.0,uppsala,5f9fe38afd517828962fde29
14302,2020-12-16 22:00:00+00:00,0.0,0.0,uppsala,5f9fe38afd517828962fde29
14303,2020-12-16 23:00:00+00:00,0.0,0.0,uppsala,5f9fe38afd517828962fde29
14304,2020-12-17 00:00:00+00:00,0.0,0.0,uppsala,5f9fe38afd517828962fde29
14305,2020-12-17 01:00:00+00:00,0.0,0.0,uppsala,5f9fe38afd517828962fde29
14306,2020-12-17 02:00:00+00:00,0.0,0.0,uppsala,5f9fe38afd517828962fde29
14307,2020-12-17 03:00:00+00:00,0.0,0.0,uppsala,5f9fe38afd517828962fde29
14308,2020-12-17 04:00:00+00:00,0.0,0.0,uppsala,5f9fe38afd517828962fde29
14309,2020-12-17 05:00:00+00:00,0.0,0.0,uppsala,5f9fe38afd517828962fde29
14310,2020-12-17 06:00:00+00:00,0.0,0.0,uppsala,5f9fe38afd517828962fde29
14311,2020-12-17 07:00:00+00:00,0.0,0.0,uppsala,5f9fe38afd517828962fde29
14312,2020-12-17 08:00:00+00:00,0.0,0.0,uppsala,5f9fe38afd517828962fde29
14313,2020-12-17 09:00:00+00:00,0.0,0.0,uppsala,5f9fe38afd517828962fde29
14314,2020-12-17 10:00:00+00:00,0.0,0.01,uppsala,5f9fe38afd517828962fde29
14315,2020-12-17 11:00:00+00:00,0.0,0.0,uppsala,5f9fe38afd517828962fde29
14316,2020-12-17 12:00:00+00:00,0.0,0.01,uppsala,5f9fe38afd517828962fde29
14317,2020-12-17 13:00:00+00:00,0.0,0.0,uppsala,5f9fe38afd517828962fde29
14318,2020-12-17 14:00:00+00:00,0.0,0.0,uppsala,5f9fe38afd517828962fde29
14319,2020-12-17 15:00:00+00:00,0.0,0.0,uppsala,5f9fe38afd517828962fde29
14320,2020-12-17 16:00:00+00:00,0.0,0.0,uppsala,5f9fe38afd517828962fde29
14321,2020-12-17 17:00:00+00:00,0.0,0.0,uppsala,5f9fe38afd517828962fde29
14322,2020-12-17 18:00:00+00:00,0.0,0.0,uppsala,5f9fe38afd517828962fde29
14323,2020-12-17 19:00:00+00:00,0.0,0.0,uppsala,5f9fe38afd517828962fde29
14324,2020-12-17 20:00:00+00:00,0.0,0.0,uppsala,5f9fe38afd517828962fde29
14325,2020-12-17 21:00:00+00:00,0.0,0.0,uppsala,5f9fe38afd517828962fde29
14326,2020-12-17 22:00:00+00:00,0.0,0.0,uppsala,5f9fe38afd517828962fde29
14327,2020-12-17 23:00:00+00:00,0.0,0.0,uppsala,5f9fe38afd517828962fde29
14328,2020-12-18 00:00:00+00:00,0.0,0.0,uppsala,5f9fe38afd517828962fde29
14329,2020-12-18 01:00:00+00:00,0.0,0.0,uppsala,5f9fe38afd517828962fde29
14330,2020-12-18 02:00:00+00:00,0.0,0.0,uppsala,5f9fe38afd517828962fde29
14331,2020-12-18 03:00:00+00:00,0.0,0.0,uppsala,5f9fe38afd517828962fde29
14332,2020-12-18 04:00:00+00:00,0.0,0.0,uppsala,5f9fe38afd517828962fde29
14333,2020-12-18 05:00:00+00:00,0.0,0.0,uppsala,5f9fe38afd517828962fde29
14334,2020-12-18 06:00:00+00:00,0.0,0.0,uppsala,5f9fe38afd517828962fde29
14335,2020-12-18 07:00:00+00:00,0.0,0.0,uppsala,5f9fe38afd517828962fde29
14336,2020-12-18 08:00:00+00:00,3.3,0.0,uppsala,5f9fe38afd517828962fde29
14337,2020-12-18 09:00:00+00:00,0.30000000000000004,0.09,uppsala,5f9fe38afd517828962fde29
14338,2020-12-18 10:00:00+00:00,0.0,0.39,uppsala,5f9fe38afd517828962fde29
14339,2020-12-18 11:00:00+00:00,0.0,0.21,uppsala,5f9fe38afd517828962fde29
14340,2020-12-18 12:00:00+00:00,0.0,0.02,uppsala,5f9fe38afd517828962fde29
14341,2020-12-18 13:00:00+00:00,0.0,0.0,uppsala,5f9fe38afd517828962fde29
14342,2020-12-18 14:00:00+00:00,0.0,0.0,uppsala,5f9fe38afd517828962fde29
14343,2020-12-18 15:00:00+00:00,0.0,0.0,uppsala,5f9fe38afd517828962fde29
14344,2020-12-18 16:00:00+00:00,0.0,0.0,uppsala,5f9fe38afd517828962fde29
14345,2020-12-18 17:00:00+00:00,0.0,0.0,uppsala,5f9fe38afd517828962fde29
14346,2020-12-18 18:00:00+00:00,0.0,0.0,uppsala,5f9fe38afd517828962fde29
14347,2020-12-18 19:00:00+00:00,0.0,0.0,uppsala,5f9fe38afd517828962fde29
14348,2020-12-18 20:00:00+00:00,0.0,0.0,uppsala,5f9fe38afd517828962fde29
14349,2020-12-18 21:00:00+00:00,0.0,0.0,uppsala,5f9fe38afd517828962fde29
14350,2020-12-18 22:00:00+00:00,0.0,0.0,uppsala,5f9fe38afd517828962fde29
14351,2020-12-18 23:00:00+00:00,0.0,0.0,uppsala,5f9fe38afd517828962fde29
14352,2020-12-19 00:00:00+00:00,0.0,0.0,uppsala,5f9fe38afd517828962fde29
14353,2020-12-19 01:00:00+00:00,0.0,0.0,uppsala,5f9fe38afd517828962fde29
14354,2020-12-19 02:00:00+00:00,0.0,0.0,uppsala,5f9fe38afd517828962fde29
14355,2020-12-19 03:00:00+00:00,0.0,0.0,uppsala,5f9fe38afd517828962fde29
14356,2020-12-19 04:00:00+00:00,0.0,0.0,uppsala,5f9fe38afd517828962fde29
14357,2020-12-19 05:00:00+00:00,0.0,0.0,uppsala,5f9fe38afd517828962fde29
14358,2020-12-19 06:00:00+00:00,0.0,0.0,uppsala,5f9fe38afd517828962fde29
14359,2020-12-19 07:00:00+00:00,0.0,0.0,uppsala,5f9fe38afd517828962fde29
14360,2020-12-19 08:00:00+00:00,0.0,0.0,uppsala,5f9fe38afd517828962fde29
14361,2020-12-19 09:00:00+00:00,0.0,0.04,uppsala,5f9fe38afd517828962fde29
14362,2020-12-19 10:00:00+00:00,1.7000000000000002,0.15,uppsala,5f9fe38afd517828962fde29
14363,2020-12-19 11:00:00+00:00,2.4,0.11,uppsala,5f9fe38afd517828962fde29
14364,2020-12-19 12:00:00+00:00,1.7000000000000002,0.46,uppsala,5f9fe38afd517828962fde29
14365,2020-12-19 13:00:00+00:00,0.0,0.01,uppsala,5f9fe38afd517828962fde29
14366,2020-12-19 14:00:00+00:00,0.0,0.0,uppsala,5f9fe38afd517828962fde29
14367,2020-12-19 15:00:00+00:00,0.0,0.0,uppsala,5f9fe38afd517828962fde29
14368,2020-12-19 16:00:00+00:00,0.0,0.0,uppsala,5f9fe38afd517828962fde29
14369,2020-12-19 17:00:00+00:00,0.0,0.0,uppsala,5f9fe38afd517828962fde29
14370,2020-12-19 18:00:00+00:00,0.0,0.0,uppsala,5f9fe38afd517828962fde29
14371,2020-12-19 19:00:00+00:00,0.0,0.0,uppsala,5f9fe38afd517828962fde29
14372,2020-12-19 20:00:00+00:00,0.0,0.0,uppsala,5f9fe38afd517828962fde29
14373,2020-12-19 21:00:00+00:00,0.0,0.0,uppsala,5f9fe38afd517828962fde29
14374,2020-12-19 22:00:00+00:00,0.0,0.0,uppsala,5f9fe38afd517828962fde29
14375,2020-12-19 23:00:00+00:00,0.0,0.0,uppsala,5f9fe38afd517828962fde29
14376,2020-12-20 00:00:00+00:00,0.0,0.0,uppsala,5f9fe38afd517828962fde29
14377,2020-12-20 01:00:00+00:00,0.0,0.0,uppsala,5f9fe38afd517828962fde29
14378,2020-12-20 02:00:00+00:00,0.0,0.0,uppsala,5f9fe38afd517828962fde29
14379,2020-12-20 03:00:00+00:00,0.0,0.0,uppsala,5f9fe38afd517828962fde29
14380,2020-12-20 04:00:00+00:00,0.0,0.0,uppsala,5f9fe38afd517828962fde29
14381,2020-12-20 05:00:00+00:00,0.0,0.0,uppsala,5f9fe38afd517828962fde29
14382,2020-12-20 06:00:00+00:00,0.0,0.0,uppsala,5f9fe38afd517828962fde29
14383,2020-12-20 07:00:00+00:00,0.0,0.0,uppsala,5f9fe38afd517828962fde29
14384,2020-12-20 08:00:00+00:00,0.0,0.0,uppsala,5f9fe38afd517828962fde29
14385,2020-12-20 09:00:00+00:00,0.0,0.01,uppsala,5f9fe38afd517828962fde29
14386,2020-12-20 10:00:00+00:00,0.0,0.17,uppsala,5f9fe38afd517828962fde29
14387,2020-12-20 11:00:00+00:00,0.0,1.09,uppsala,5f9fe38afd517828962fde29
14388,2020-12-20 12:00:00+00:00,0.0,0.33,uppsala,5f9fe38afd517828962fde29
14389,2020-12-20 13:00:00+00:00,0.0,0.0,uppsala,5f9fe38afd517828962fde29
14390,2020-12-20 14:00:00+00:00,0.0,0.0,uppsala,5f9fe38afd517828962fde29
14391,2020-12-20 15:00:00+00:00,0.0,0.0,uppsala,5f9fe38afd517828962fde29
14392,2020-12-20 16:00:00+00:00,0.0,0.0,uppsala,5f9fe38afd517828962fde29
14393,2020-12-20 17:00:00+00:00,0.0,0.0,uppsala,5f9fe38afd517828962fde29
14394,2020-12-20 18:00:00+00:00,0.0,0.0,uppsala,5f9fe38afd517828962fde29
14395,2020-12-20 19:00:00+00:00,0.0,0.0,uppsala,5f9fe38afd517828962fde29
14396,2020-12-20 20:00:00+00:00,0.0,0.0,uppsala,5f9fe38afd517828962fde29
14397,2020-12-20 21:00:00+00:00,0.0,0.0,uppsala,5f9fe38afd517828962fde29
14398,2020-12-20 22:00:00+00:00,0.0,0.0,uppsala,5f9fe38afd517828962fde29
14399,2020-12-20 23:00:00+00:00,0.0,0.0,uppsala,5f9fe38afd517828962fde29
14400,2020-12-21 00:00:00+00:00,0.0,0.0,uppsala,5f9fe38afd517828962fde29
14401,2020-12-21 01:00:00+00:00,0.0,0.0,uppsala,5f9fe38afd517828962fde29
14402,2020-12-21 02:00:00+00:00,0.0,0.0,uppsala,5f9fe38afd517828962fde29
14403,2020-12-21 03:00:00+00:00,0.0,0.0,uppsala,5f9fe38afd517828962fde29
14404,2020-12-21 04:00:00+00:00,0.0,0.0,uppsala,5f9fe38afd517828962fde29
14405,2020-12-21 05:00:00+00:00,0.0,0.0,uppsala,5f9fe38afd517828962fde29
14406,2020-12-21 06:00:00+00:00,0.0,0.0,uppsala,5f9fe38afd517828962fde29
14407,2020-12-21 07:00:00+00:00,0.0,0.0,uppsala,5f9fe38afd517828962fde29
14408,2020-12-21 08:00:00+00:00,0.0,0.0,uppsala,5f9fe38afd517828962fde29
14409,2020-12-21 09:00:00+00:00,0.0,0.03,uppsala,5f9fe38afd517828962fde29
14410,2020-12-21 10:00:00+00:00,12.4,0.14,uppsala,5f9fe38afd517828962fde29
14411,2020-12-21 11:00:00+00:00,0.1,0.18,uppsala,5f9fe38afd517828962fde29
14412,2020-12-21 12:00:00+00:00,232.6,0.29,uppsala,5f9fe38afd517828962fde29
14413,2020-12-21 13:00:00+00:00,2.1,0.0,uppsala,5f9fe38afd517828962fde29
14414,2020-12-21 14:00:00+00:00,0.0,0.0,uppsala,5f9fe38afd517828962fde29
14415,2020-12-21 15:00:00+00:00,0.0,0.0,uppsala,5f9fe38afd517828962fde29
14416,2020-12-21 16:00:00+00:00,0.0,0.0,uppsala,5f9fe38afd517828962fde29
14417,2020-12-21 17:00:00+00:00,0.0,0.0,uppsala,5f9fe38afd517828962fde29
14418,2020-12-21 18:00:00+00:00,0.0,0.0,uppsala,5f9fe38afd517828962fde29
14419,2020-12-21 19:00:00+00:00,0.0,0.0,uppsala,5f9fe38afd517828962fde29
14420,2020-12-21 20:00:00+00:00,0.0,0.0,uppsala,5f9fe38afd517828962fde29
14421,2020-12-21 21:00:00+00:00,0.0,0.0,uppsala,5f9fe38afd517828962fde29
14422,2020-12-21 22:00:00+00:00,0.0,0.0,uppsala,5f9fe38afd517828962fde29
14423,2020-12-21 23:00:00+00:00,0.0,0.0,uppsala,5f9fe38afd517828962fde29
14424,2020-12-22 00:00:00+00:00,0.0,0.0,uppsala,5f9fe38afd517828962fde29
14425,2020-12-22 01:00:00+00:00,0.0,0.0,uppsala,5f9fe38afd517828962fde29
14426,2020-12-22 02:00:00+00:00,0.0,0.0,uppsala,5f9fe38afd517828962fde29
14427,2020-12-22 03:00:00+00:00,0.0,0.0,uppsala,5f9fe38afd517828962fde29
14428,2020-12-22 04:00:00+00:00,0.0,0.0,uppsala,5f9fe38afd517828962fde29
14429,2020-12-22 05:00:00+00:00,0.0,0.0,uppsala,5f9fe38afd517828962fde29
14430,2020-12-22 06:00:00+00:00,0.0,0.0,uppsala,5f9fe38afd517828962fde29
14431,2020-12-22 07:00:00+00:00,0.0,0.0,uppsala,5f9fe38afd517828962fde29
14432,2020-12-22 08:00:00+00:00,0.0,0.01,uppsala,5f9fe38afd517828962fde29
14433,2020-12-22 09:00:00+00:00,0.0,0.91,uppsala,5f9fe38afd517828962fde29
14434,2020-12-22 10:00:00+00:00,8.3,0.6,uppsala,5f9fe38afd517828962fde29
14435,2020-12-22 11:00:00+00:00,0.0,0.0,uppsala,5f9fe38afd517828962fde29
14436,2020-12-22 12:00:00+00:00,0.0,0.0,uppsala,5f9fe38afd517828962fde29
14437,2020-12-22 13:00:00+00:00,0.0,0.0,uppsala,5f9fe38afd517828962fde29
14438,2020-12-22 14:00:00+00:00,0.0,0.0,uppsala,5f9fe38afd517828962fde29
14439,2020-12-22 15:00:00+00:00,0.0,0.0,uppsala,5f9fe38afd517828962fde29
14440,2020-12-22 16:00:00+00:00,0.0,0.0,uppsala,5f9fe38afd517828962fde29
14441,2020-12-22 17:00:00+00:00,0.0,0.0,uppsala,5f9fe38afd517828962fde29
14442,2020-12-22 18:00:00+00:00,0.0,0.0,uppsala,5f9fe38afd517828962fde29
14443,2020-12-22 19:00:00+00:00,0.0,0.0,uppsala,5f9fe38afd517828962fde29
14444,2020-12-22 20:00:00+00:00,0.0,0.0,uppsala,5f9fe38afd517828962fde29
14445,2020-12-22 21:00:00+00:00,0.0,0.0,uppsala,5f9fe38afd517828962fde29
14446,2020-12-22 22:00:00+00:00,0.0,0.0,uppsala,5f9fe38afd517828962fde29
14447,2020-12-22 23:00:00+00:00,0.0,0.0,uppsala,5f9fe38afd517828962fde29
14448,2020-12-23 00:00:00+00:00,0.0,0.0,uppsala,5f9fe38afd517828962fde29
14449,2020-12-23 01:00:00+00:00,0.0,0.0,uppsala,5f9fe38afd517828962fde29
14450,2020-12-23 02:00:00+00:00,0.0,0.0,uppsala,5f9fe38afd517828962fde29
14451,2020-12-23 03:00:00+00:00,0.0,0.0,uppsala,5f9fe38afd517828962fde29
14452,2020-12-23 04:00:00+00:00,0.0,0.0,uppsala,5f9fe38afd517828962fde29
14453,2020-12-23 05:00:00+00:00,0.0,0.0,uppsala,5f9fe38afd517828962fde29
14454,2020-12-23 06:00:00+00:00,0.0,0.0,uppsala,5f9fe38afd517828962fde29
14455,2020-12-23 07:00:00+00:00,0.0,0.0,uppsala,5f9fe38afd517828962fde29
14456,2020-12-23 08:00:00+00:00,0.0,0.02,uppsala,5f9fe38afd517828962fde29
14457,2020-12-23 09:00:00+00:00,0.0,0.22,uppsala,5f9fe38afd517828962fde29
14458,2020-12-23 10:00:00+00:00,65.6,2.85,uppsala,5f9fe38afd517828962fde29
14459,2020-12-23 11:00:00+00:00,568.9,7.3,uppsala,5f9fe38afd517828962fde29
14460,2020-12-23 12:00:00+00:00,537.1,5.89,uppsala,5f9fe38afd517828962fde29
14461,2020-12-23 13:00:00+00:00,344.4,0.72,uppsala,5f9fe38afd517828962fde29
14462,2020-12-23 14:00:00+00:00,0.0,0.0,uppsala,5f9fe38afd517828962fde29
14463,2020-12-23 15:00:00+00:00,0.0,0.0,uppsala,5f9fe38afd517828962fde29
14464,2020-12-23 16:00:00+00:00,0.0,0.0,uppsala,5f9fe38afd517828962fde29
14465,2020-12-23 17:00:00+00:00,0.0,0.0,uppsala,5f9fe38afd517828962fde29
14466,2020-12-23 18:00:00+00:00,0.0,0.0,uppsala,5f9fe38afd517828962fde29
14467,2020-12-23 19:00:00+00:00,0.0,0.0,uppsala,5f9fe38afd517828962fde29
14468,2020-12-23 20:00:00+00:00,0.0,0.0,uppsala,5f9fe38afd517828962fde29
14469,2020-12-23 21:00:00+00:00,0.0,0.0,uppsala,5f9fe38afd517828962fde29
14470,2020-12-23 22:00:00+00:00,0.0,0.0,uppsala,5f9fe38afd517828962fde29
14471,2020-12-23 23:00:00+00:00,0.0,0.0,uppsala,5f9fe38afd517828962fde29
14472,2020-12-24 00:00:00+00:00,0.0,0.0,uppsala,5f9fe38afd517828962fde29
14473,2020-12-24 01:00:00+00:00,0.0,0.0,uppsala,5f9fe38afd517828962fde29
14474,2020-12-24 02:00:00+00:00,0.0,0.0,uppsala,5f9fe38afd517828962fde29
14475,2020-12-24 03:00:00+00:00,0.0,0.0,uppsala,5f9fe38afd517828962fde29
14476,2020-12-24 04:00:00+00:00,0.0,0.0,uppsala,5f9fe38afd517828962fde29
14477,2020-12-24 05:00:00+00:00,0.0,0.0,uppsala,5f9fe38afd517828962fde29
14478,2020-12-24 06:00:00+00:00,0.0,0.0,uppsala,5f9fe38afd517828962fde29
14479,2020-12-24 07:00:00+00:00,0.0,0.0,uppsala,5f9fe38afd517828962fde29
14480,2020-12-24 08:00:00+00:00,20.9,0.81,uppsala,5f9fe38afd517828962fde29
14481,2020-12-24 09:00:00+00:00,431.4,5.58,uppsala,5f9fe38afd517828962fde29
14482,2020-12-24 10:00:00+00:00,555.6,6.33,uppsala,5f9fe38afd517828962fde29
14483,2020-12-24 11:00:00+00:00,578.3,7.47,uppsala,5f9fe38afd517828962fde29
14484,2020-12-24 12:00:00+00:00,114.8,6.22,uppsala,5f9fe38afd517828962fde29
14485,2020-12-24 13:00:00+00:00,348.5,1.13,uppsala,5f9fe38afd517828962fde29
14486,2020-12-24 14:00:00+00:00,0.0,0.0,uppsala,5f9fe38afd517828962fde29
14487,2020-12-24 15:00:00+00:00,0.0,0.0,uppsala,5f9fe38afd517828962fde29
14488,2020-12-24 16:00:00+00:00,0.0,0.0,uppsala,5f9fe38afd517828962fde29
14489,2020-12-24 17:00:00+00:00,0.0,0.0,uppsala,5f9fe38afd517828962fde29
14490,2020-12-24 18:00:00+00:00,0.0,0.0,uppsala,5f9fe38afd517828962fde29
14491,2020-12-24 19:00:00+00:00,0.0,0.0,uppsala,5f9fe38afd517828962fde29
14492,2020-12-24 20:00:00+00:00,0.0,0.0,uppsala,5f9fe38afd517828962fde29
14493,2020-12-24 21:00:00+00:00,0.0,0.0,uppsala,5f9fe38afd517828962fde29
14494,2020-12-24 22:00:00+00:00,0.0,0.0,uppsala,5f9fe38afd517828962fde29
14495,2020-12-24 23:00:00+00:00,0.0,0.0,uppsala,5f9fe38afd517828962fde29
14496,2020-12-25 00:00:00+00:00,0.0,0.0,uppsala,5f9fe38afd517828962fde29
14497,2020-12-25 01:00:00+00:00,0.0,0.0,uppsala,5f9fe38afd517828962fde29
14498,2020-12-25 02:00:00+00:00,0.0,0.0,uppsala,5f9fe38afd517828962fde29
14499,2020-12-25 03:00:00+00:00,0.0,0.0,uppsala,5f9fe38afd517828962fde29
14500,2020-12-25 04:00:00+00:00,0.0,0.0,uppsala,5f9fe38afd517828962fde29
14501,2020-12-25 05:00:00+00:00,0.0,0.0,uppsala,5f9fe38afd517828962fde29
14502,2020-12-25 06:00:00+00:00,0.0,0.0,uppsala,5f9fe38afd517828962fde29
14503,2020-12-25 07:00:00+00:00,0.0,0.0,uppsala,5f9fe38afd517828962fde29
14504,2020-12-25 08:00:00+00:00,0.0,0.0,uppsala,5f9fe38afd517828962fde29
14505,2020-12-25 09:00:00+00:00,0.0,0.68,uppsala,5f9fe38afd517828962fde29
14506,2020-12-25 10:00:00+00:00,0.0,0.86,uppsala,5f9fe38afd517828962fde29
14507,2020-12-25 11:00:00+00:00,12.8,0.74,uppsala,5f9fe38afd517828962fde29
14508,2020-12-25 12:00:00+00:00,366.1,0.3,uppsala,5f9fe38afd517828962fde29
14509,2020-12-25 13:00:00+00:00,0.0,0.0,uppsala,5f9fe38afd517828962fde29
14510,2020-12-25 14:00:00+00:00,0.0,0.0,uppsala,5f9fe38afd517828962fde29
14511,2020-12-25 15:00:00+00:00,0.0,0.0,uppsala,5f9fe38afd517828962fde29
14512,2020-12-25 16:00:00+00:00,0.0,0.0,uppsala,5f9fe38afd517828962fde29
14513,2020-12-25 17:00:00+00:00,0.0,0.0,uppsala,5f9fe38afd517828962fde29
14514,2020-12-25 18:00:00+00:00,0.0,0.0,uppsala,5f9fe38afd517828962fde29
14515,2020-12-25 19:00:00+00:00,0.0,0.0,uppsala,5f9fe38afd517828962fde29
14516,2020-12-25 20:00:00+00:00,0.0,0.0,uppsala,5f9fe38afd517828962fde29
14517,2020-12-25 21:00:00+00:00,0.0,0.0,uppsala,5f9fe38afd517828962fde29
14518,2020-12-25 22:00:00+00:00,0.0,0.0,uppsala,5f9fe38afd517828962fde29
14519,2020-12-25 23:00:00+00:00,0.0,0.0,uppsala,5f9fe38afd517828962fde29
14520,2020-12-26 00:00:00+00:00,0.0,0.0,uppsala,5f9fe38afd517828962fde29
14521,2020-12-26 01:00:00+00:00,0.0,0.0,uppsala,5f9fe38afd517828962fde29
14522,2020-12-26 02:00:00+00:00,0.0,0.0,uppsala,5f9fe38afd517828962fde29
14523,2020-12-26 03:00:00+00:00,0.0,0.0,uppsala,5f9fe38afd517828962fde29
14524,2020-12-26 04:00:00+00:00,0.0,0.0,uppsala,5f9fe38afd517828962fde29
14525,2020-12-26 05:00:00+00:00,0.0,0.0,uppsala,5f9fe38afd517828962fde29
14526,2020-12-26 06:00:00+00:00,0.0,0.0,uppsala,5f9fe38afd517828962fde29
14527,2020-12-26 07:00:00+00:00,0.0,0.0,uppsala,5f9fe38afd517828962fde29
14528,2020-12-26 08:00:00+00:00,0.0,0.09,uppsala,5f9fe38afd517828962fde29
14529,2020-12-26 09:00:00+00:00,0.0,0.5,uppsala,5f9fe38afd517828962fde29
14530,2020-12-26 10:00:00+00:00,82.1,0.61,uppsala,5f9fe38afd517828962fde29
14531,2020-12-26 11:00:00+00:00,137.6,0.66,uppsala,5f9fe38afd517828962fde29
14532,2020-12-26 12:00:00+00:00,0.0,0.14,uppsala,5f9fe38afd517828962fde29
14533,2020-12-26 13:00:00+00:00,0.0,0.0,uppsala,5f9fe38afd517828962fde29
14534,2020-12-26 14:00:00+00:00,0.0,0.0,uppsala,5f9fe38afd517828962fde29
14535,2020-12-26 15:00:00+00:00,0.0,0.0,uppsala,5f9fe38afd517828962fde29
14536,2020-12-26 16:00:00+00:00,0.0,0.0,uppsala,5f9fe38afd517828962fde29
14537,2020-12-26 17:00:00+00:00,0.0,0.0,uppsala,5f9fe38afd517828962fde29
14538,2020-12-26 18:00:00+00:00,0.0,0.0,uppsala,5f9fe38afd517828962fde29
14539,2020-12-26 19:00:00+00:00,0.0,0.0,uppsala,5f9fe38afd517828962fde29
14540,2020-12-26 20:00:00+00:00,0.0,0.0,uppsala,5f9fe38afd517828962fde29
14541,2020-12-26 21:00:00+00:00,0.0,0.0,uppsala,5f9fe38afd517828962fde29
14542,2020-12-26 22:00:00+00:00,0.0,0.0,uppsala,5f9fe38afd517828962fde29
14543,2020-12-26 23:00:00+00:00,0.0,0.0,uppsala,5f9fe38afd517828962fde29
14544,2020-12-27 00:00:00+00:00,0.0,0.0,uppsala,5f9fe38afd517828962fde29
14545,2020-12-27 01:00:00+00:00,0.0,0.0,uppsala,5f9fe38afd517828962fde29
14546,2020-12-27 02:00:00+00:00,0.0,0.0,uppsala,5f9fe38afd517828962fde29
14547,2020-12-27 03:00:00+00:00,0.0,0.0,uppsala,5f9fe38afd517828962fde29
14548,2020-12-27 04:00:00+00:00,0.0,0.0,uppsala,5f9fe38afd517828962fde29
14549,2020-12-27 05:00:00+00:00,0.0,0.0,uppsala,5f9fe38afd517828962fde29
14550,2020-12-27 06:00:00+00:00,0.0,0.0,uppsala,5f9fe38afd517828962fde29
14551,2020-12-27 07:00:00+00:00,0.0,0.0,uppsala,5f9fe38afd517828962fde29
14552,2020-12-27 08:00:00+00:00,0.0,0.0,uppsala,5f9fe38afd517828962fde29
14553,2020-12-27 09:00:00+00:00,0.0,0.0,uppsala,5f9fe38afd517828962fde29
14554,2020-12-27 10:00:00+00:00,0.0,0.0,uppsala,5f9fe38afd517828962fde29
14555,2020-12-27 11:00:00+00:00,0.0,0.0,uppsala,5f9fe38afd517828962fde29
14556,2020-12-27 12:00:00+00:00,0.0,0.0,uppsala,5f9fe38afd517828962fde29
14557,2020-12-27 13:00:00+00:00,0.0,0.0,uppsala,5f9fe38afd517828962fde29
14558,2020-12-27 14:00:00+00:00,0.0,0.0,uppsala,5f9fe38afd517828962fde29
14559,2020-12-27 15:00:00+00:00,0.0,0.0,uppsala,5f9fe38afd517828962fde29
14560,2020-12-27 16:00:00+00:00,0.0,0.0,uppsala,5f9fe38afd517828962fde29
14561,2020-12-27 17:00:00+00:00,0.0,0.0,uppsala,5f9fe38afd517828962fde29
14562,2020-12-27 18:00:00+00:00,0.0,0.0,uppsala,5f9fe38afd517828962fde29
14563,2020-12-27 19:00:00+00:00,0.0,0.0,uppsala,5f9fe38afd517828962fde29
14564,2020-12-27 20:00:00+00:00,0.0,0.0,uppsala,5f9fe38afd517828962fde29
14565,2020-12-27 21:00:00+00:00,0.0,0.0,uppsala,5f9fe38afd517828962fde29
14566,2020-12-27 22:00:00+00:00,0.0,0.0,uppsala,5f9fe38afd517828962fde29
14567,2020-12-27 23:00:00+00:00,0.0,0.0,uppsala,5f9fe38afd517828962fde29
14568,2020-12-28 00:00:00+00:00,0.0,0.0,uppsala,5f9fe38afd517828962fde29
14569,2020-12-28 01:00:00+00:00,0.0,0.0,uppsala,5f9fe38afd517828962fde29
14570,2020-12-28 02:00:00+00:00,0.0,0.0,uppsala,5f9fe38afd517828962fde29
14571,2020-12-28 03:00:00+00:00,0.0,0.0,uppsala,5f9fe38afd517828962fde29
14572,2020-12-28 04:00:00+00:00,0.0,0.0,uppsala,5f9fe38afd517828962fde29
14573,2020-12-28 05:00:00+00:00,0.0,0.0,uppsala,5f9fe38afd517828962fde29
14574,2020-12-28 06:00:00+00:00,0.0,0.0,uppsala,5f9fe38afd517828962fde29
14575,2020-12-28 07:00:00+00:00,0.0,0.0,uppsala,5f9fe38afd517828962fde29
14576,2020-12-28 08:00:00+00:00,0.0,0.0,uppsala,5f9fe38afd517828962fde29
14577,2020-12-28 09:00:00+00:00,0.0,0.0,uppsala,5f9fe38afd517828962fde29
14578,2020-12-28 10:00:00+00:00,0.0,0.0,uppsala,5f9fe38afd517828962fde29
14579,2020-12-28 11:00:00+00:00,0.0,0.0,uppsala,5f9fe38afd517828962fde29
14580,2020-12-28 12:00:00+00:00,0.0,0.0,uppsala,5f9fe38afd517828962fde29
14581,2020-12-28 13:00:00+00:00,0.0,0.0,uppsala,5f9fe38afd517828962fde29
14582,2020-12-28 14:00:00+00:00,0.0,0.0,uppsala,5f9fe38afd517828962fde29
14583,2020-12-28 15:00:00+00:00,0.0,0.0,uppsala,5f9fe38afd517828962fde29
14584,2020-12-28 16:00:00+00:00,0.0,0.0,uppsala,5f9fe38afd517828962fde29
14585,2020-12-28 17:00:00+00:00,0.0,0.0,uppsala,5f9fe38afd517828962fde29
14586,2020-12-28 18:00:00+00:00,0.0,0.0,uppsala,5f9fe38afd517828962fde29
14587,2020-12-28 19:00:00+00:00,0.0,0.0,uppsala,5f9fe38afd517828962fde29
14588,2020-12-28 20:00:00+00:00,0.0,0.0,uppsala,5f9fe38afd517828962fde29
14589,2020-12-28 21:00:00+00:00,0.0,0.0,uppsala,5f9fe38afd517828962fde29
14590,2020-12-28 22:00:00+00:00,0.0,0.0,uppsala,5f9fe38afd517828962fde29
14591,2020-12-28 23:00:00+00:00,0.0,0.0,uppsala,5f9fe38afd517828962fde29
14592,2020-12-29 00:00:00+00:00,0.0,0.0,uppsala,5f9fe38afd517828962fde29
14593,2020-12-29 01:00:00+00:00,0.0,0.0,uppsala,5f9fe38afd517828962fde29
14594,2020-12-29 02:00:00+00:00,0.0,0.0,uppsala,5f9fe38afd517828962fde29
14595,2020-12-29 03:00:00+00:00,0.0,0.0,uppsala,5f9fe38afd517828962fde29
14596,2020-12-29 04:00:00+00:00,0.0,0.0,uppsala,5f9fe38afd517828962fde29
14597,2020-12-29 05:00:00+00:00,0.0,0.0,uppsala,5f9fe38afd517828962fde29
14598,2020-12-29 06:00:00+00:00,0.0,0.0,uppsala,5f9fe38afd517828962fde29
14599,2020-12-29 07:00:00+00:00,0.0,0.0,uppsala,5f9fe38afd517828962fde29
14600,2020-12-29 08:00:00+00:00,0.0,0.0,uppsala,5f9fe38afd517828962fde29
14601,2020-12-29 09:00:00+00:00,0.0,0.02,uppsala,5f9fe38afd517828962fde29
14602,2020-12-29 10:00:00+00:00,0.0,0.03,uppsala,5f9fe38afd517828962fde29
14603,2020-12-29 11:00:00+00:00,10.5,0.02,uppsala,5f9fe38afd517828962fde29
14604,2020-12-29 12:00:00+00:00,0.0,0.0,uppsala,5f9fe38afd517828962fde29
14605,2020-12-29 13:00:00+00:00,0.0,0.0,uppsala,5f9fe38afd517828962fde29
14606,2020-12-29 14:00:00+00:00,0.0,0.0,uppsala,5f9fe38afd517828962fde29
14607,2020-12-29 15:00:00+00:00,0.0,0.0,uppsala,5f9fe38afd517828962fde29
14608,2020-12-29 16:00:00+00:00,0.0,0.0,uppsala,5f9fe38afd517828962fde29
14609,2020-12-29 17:00:00+00:00,0.0,0.0,uppsala,5f9fe38afd517828962fde29
14610,2020-12-29 18:00:00+00:00,0.0,0.0,uppsala,5f9fe38afd517828962fde29
14611,2020-12-29 19:00:00+00:00,0.0,0.0,uppsala,5f9fe38afd517828962fde29
14612,2020-12-29 20:00:00+00:00,0.0,0.0,uppsala,5f9fe38afd517828962fde29
14613,2020-12-29 21:00:00+00:00,0.0,0.0,uppsala,5f9fe38afd517828962fde29
14614,2020-12-29 22:00:00+00:00,0.0,0.0,uppsala,5f9fe38afd517828962fde29
14615,2020-12-29 23:00:00+00:00,0.0,0.0,uppsala,5f9fe38afd517828962fde29
14616,2020-12-30 00:00:00+00:00,0.0,0.0,uppsala,5f9fe38afd517828962fde29
14617,2020-12-30 01:00:00+00:00,0.0,0.0,uppsala,5f9fe38afd517828962fde29
14618,2020-12-30 02:00:00+00:00,0.0,0.0,uppsala,5f9fe38afd517828962fde29
14619,2020-12-30 03:00:00+00:00,0.0,0.0,uppsala,5f9fe38afd517828962fde29
14620,2020-12-30 04:00:00+00:00,0.0,0.0,uppsala,5f9fe38afd517828962fde29
14621,2020-12-30 05:00:00+00:00,0.0,0.0,uppsala,5f9fe38afd517828962fde29
14622,2020-12-30 06:00:00+00:00,0.0,0.0,uppsala,5f9fe38afd517828962fde29
14623,2020-12-30 07:00:00+00:00,0.0,0.0,uppsala,5f9fe38afd517828962fde29
14624,2020-12-30 08:00:00+00:00,0.0,0.0,uppsala,5f9fe38afd517828962fde29
14625,2020-12-30 09:00:00+00:00,0.0,0.23,uppsala,5f9fe38afd517828962fde29
14626,2020-12-30 10:00:00+00:00,0.0,0.32,uppsala,5f9fe38afd517828962fde29
14627,2020-12-30 11:00:00+00:00,1.0,0.16,uppsala,5f9fe38afd517828962fde29
14628,2020-12-30 12:00:00+00:00,0.0,0.04,uppsala,5f9fe38afd517828962fde29
14629,2020-12-30 13:00:00+00:00,0.0,0.0,uppsala,5f9fe38afd517828962fde29
14630,2020-12-30 14:00:00+00:00,0.0,0.0,uppsala,5f9fe38afd517828962fde29
14631,2020-12-30 15:00:00+00:00,0.0,0.0,uppsala,5f9fe38afd517828962fde29
14632,2020-12-30 16:00:00+00:00,0.0,0.0,uppsala,5f9fe38afd517828962fde29
14633,2020-12-30 17:00:00+00:00,0.0,0.0,uppsala,5f9fe38afd517828962fde29
14634,2020-12-30 18:00:00+00:00,0.0,0.0,uppsala,5f9fe38afd517828962fde29
14635,2020-12-30 19:00:00+00:00,0.0,0.0,uppsala,5f9fe38afd517828962fde29
14636,2020-12-30 20:00:00+00:00,0.0,0.0,uppsala,5f9fe38afd517828962fde29
14637,2020-12-30 21:00:00+00:00,0.0,0.0,uppsala,5f9fe38afd517828962fde29
14638,2020-12-30 22:00:00+00:00,0.0,0.0,uppsala,5f9fe38afd517828962fde29
14639,2020-12-30 23:00:00+00:00,0.0,0.0,uppsala,5f9fe38afd517828962fde29
14640,2020-12-31 00:00:00+00:00,0.0,0.0,uppsala,5f9fe38afd517828962fde29
14641,2020-12-31 01:00:00+00:00,0.0,0.0,uppsala,5f9fe38afd517828962fde29
14642,2020-12-31 02:00:00+00:00,0.0,0.0,uppsala,5f9fe38afd517828962fde29
14643,2020-12-31 03:00:00+00:00,0.0,0.0,uppsala,5f9fe38afd517828962fde29
14644,2020-12-31 04:00:00+00:00,0.0,0.0,uppsala,5f9fe38afd517828962fde29
14645,2020-12-31 05:00:00+00:00,0.0,0.0,uppsala,5f9fe38afd517828962fde29
14646,2020-12-31 06:00:00+00:00,0.0,0.0,uppsala,5f9fe38afd517828962fde29
14647,2020-12-31 07:00:00+00:00,0.0,0.0,uppsala,5f9fe38afd517828962fde29
14648,2020-12-31 08:00:00+00:00,0.4,0.0,uppsala,5f9fe38afd517828962fde29
14649,2020-12-31 09:00:00+00:00,0.0,0.04,uppsala,5f9fe38afd517828962fde29
14650,2020-12-31 10:00:00+00:00,2.8,0.19,uppsala,5f9fe38afd517828962fde29
14651,2020-12-31 11:00:00+00:00,0.0,0.1,uppsala,5f9fe38afd517828962fde29
14652,2020-12-31 12:00:00+00:00,0.0,0.01,uppsala,5f9fe38afd517828962fde29
14653,2020-12-31 13:00:00+00:00,0.1,0.0,uppsala,5f9fe38afd517828962fde29
14654,2020-12-31 14:00:00+00:00,0.0,0.0,uppsala,5f9fe38afd517828962fde29
14655,2020-12-31 15:00:00+00:00,0.0,0.0,uppsala,5f9fe38afd517828962fde29
14656,2020-12-31 16:00:00+00:00,0.0,0.0,uppsala,5f9fe38afd517828962fde29
14657,2020-12-31 17:00:00+00:00,0.0,0.0,uppsala,5f9fe38afd517828962fde29
14658,2020-12-31 18:00:00+00:00,0.0,0.0,uppsala,5f9fe38afd517828962fde29
14659,2020-12-31 19:00:00+00:00,0.0,0.0,uppsala,5f9fe38afd517828962fde29
14660,2020-12-31 20:00:00+00:00,0.0,0.0,uppsala,5f9fe38afd517828962fde29
14661,2020-12-31 21:00:00+00:00,0.0,0.0,uppsala,5f9fe38afd517828962fde29
14662,2020-12-31 22:00:00+00:00,0.0,0.0,uppsala,5f9fe38afd517828962fde29
14663,2020-12-31 23:00:00+00:00,0.0,0.0,uppsala,5f9fe38afd517828962fde29
14664,2021-01-01 00:00:00+00:00,0.0,0.0,uppsala,5f9fe38afd517828962fde29
14665,2021-01-01 01:00:00+00:00,0.0,0.0,uppsala,5f9fe38afd517828962fde29
14666,2021-01-01 02:00:00+00:00,0.0,0.0,uppsala,5f9fe38afd517828962fde29
14667,2021-01-01 03:00:00+00:00,0.0,0.0,uppsala,5f9fe38afd517828962fde29
14668,2021-01-01 04:00:00+00:00,0.0,0.0,uppsala,5f9fe38afd517828962fde29
14669,2021-01-01 05:00:00+00:00,0.0,0.0,uppsala,5f9fe38afd517828962fde29
14670,2021-01-01 06:00:00+00:00,0.0,0.0,uppsala,5f9fe38afd517828962fde29
14671,2021-01-01 07:00:00+00:00,0.0,0.0,uppsala,5f9fe38afd517828962fde29
14672,2021-01-01 08:00:00+00:00,0.0,0.11,uppsala,5f9fe38afd517828962fde29
14673,2021-01-01 09:00:00+00:00,0.0,1.66,uppsala,5f9fe38afd517828962fde29
14674,2021-01-01 10:00:00+00:00,0.1,1.05,uppsala,5f9fe38afd517828962fde29
14675,2021-01-01 11:00:00+00:00,8.4,0.42,uppsala,5f9fe38afd517828962fde29
14676,2021-01-01 12:00:00+00:00,0.0,0.12,uppsala,5f9fe38afd517828962fde29
14677,2021-01-01 13:00:00+00:00,0.0,0.02,uppsala,5f9fe38afd517828962fde29
14678,2021-01-01 14:00:00+00:00,0.0,0.0,uppsala,5f9fe38afd517828962fde29
14679,2021-01-01 15:00:00+00:00,0.0,0.0,uppsala,5f9fe38afd517828962fde29
14680,2021-01-01 16:00:00+00:00,0.0,0.0,uppsala,5f9fe38afd517828962fde29
14681,2021-01-01 17:00:00+00:00,0.0,0.0,uppsala,5f9fe38afd517828962fde29
14682,2021-01-01 18:00:00+00:00,0.0,0.0,uppsala,5f9fe38afd517828962fde29
14683,2021-01-01 19:00:00+00:00,0.0,0.0,uppsala,5f9fe38afd517828962fde29
14684,2021-01-01 20:00:00+00:00,0.0,0.0,uppsala,5f9fe38afd517828962fde29
14685,2021-01-01 21:00:00+00:00,0.0,0.0,uppsala,5f9fe38afd517828962fde29
14686,2021-01-01 22:00:00+00:00,0.0,0.0,uppsala,5f9fe38afd517828962fde29
14687,2021-01-01 23:00:00+00:00,0.0,0.0,uppsala,5f9fe38afd517828962fde29
14688,2021-01-02 00:00:00+00:00,0.0,0.0,uppsala,5f9fe38afd517828962fde29
14689,2021-01-02 01:00:00+00:00,0.0,0.0,uppsala,5f9fe38afd517828962fde29
14690,2021-01-02 02:00:00+00:00,0.0,0.0,uppsala,5f9fe38afd517828962fde29
14691,2021-01-02 03:00:00+00:00,0.0,0.0,uppsala,5f9fe38afd517828962fde29
14692,2021-01-02 04:00:00+00:00,0.0,0.0,uppsala,5f9fe38afd517828962fde29
14693,2021-01-02 05:00:00+00:00,0.0,0.0,uppsala,5f9fe38afd517828962fde29
14694,2021-01-02 06:00:00+00:00,0.0,0.0,uppsala,5f9fe38afd517828962fde29
14695,2021-01-02 07:00:00+00:00,0.0,0.0,uppsala,5f9fe38afd517828962fde29
14696,2021-01-02 08:00:00+00:00,0.0,0.05,uppsala,5f9fe38afd517828962fde29
14697,2021-01-02 09:00:00+00:00,0.0,0.19,uppsala,5f9fe38afd517828962fde29
14698,2021-01-02 10:00:00+00:00,57.7,1.08,uppsala,5f9fe38afd517828962fde29
14699,2021-01-02 11:00:00+00:00,0.0,2.17,uppsala,5f9fe38afd517828962fde29
14700,2021-01-02 12:00:00+00:00,0.0,1.25,uppsala,5f9fe38afd517828962fde29
14701,2021-01-02 13:00:00+00:00,0.0,0.07,uppsala,5f9fe38afd517828962fde29
14702,2021-01-02 14:00:00+00:00,0.0,0.0,uppsala,5f9fe38afd517828962fde29
14703,2021-01-02 15:00:00+00:00,0.0,0.0,uppsala,5f9fe38afd517828962fde29
14704,2021-01-02 16:00:00+00:00,0.0,0.0,uppsala,5f9fe38afd517828962fde29
14705,2021-01-02 17:00:00+00:00,0.0,0.0,uppsala,5f9fe38afd517828962fde29
14706,2021-01-02 18:00:00+00:00,0.0,0.0,uppsala,5f9fe38afd517828962fde29
14707,2021-01-02 19:00:00+00:00,0.0,0.0,uppsala,5f9fe38afd517828962fde29
14708,2021-01-02 20:00:00+00:00,0.0,0.0,uppsala,5f9fe38afd517828962fde29
14709,2021-01-02 21:00:00+00:00,0.0,0.0,uppsala,5f9fe38afd517828962fde29
14710,2021-01-02 22:00:00+00:00,0.0,0.0,uppsala,5f9fe38afd517828962fde29
14711,2021-01-02 23:00:00+00:00,0.0,0.0,uppsala,5f9fe38afd517828962fde29
14712,2021-01-03 00:00:00+00:00,0.0,0.0,uppsala,5f9fe38afd517828962fde29
14713,2021-01-03 01:00:00+00:00,0.0,0.0,uppsala,5f9fe38afd517828962fde29
14714,2021-01-03 02:00:00+00:00,0.0,0.0,uppsala,5f9fe38afd517828962fde29
14715,2021-01-03 03:00:00+00:00,0.0,0.0,uppsala,5f9fe38afd517828962fde29
14716,2021-01-03 04:00:00+00:00,0.0,0.0,uppsala,5f9fe38afd517828962fde29
14717,2021-01-03 05:00:00+00:00,0.0,0.0,uppsala,5f9fe38afd517828962fde29
14718,2021-01-03 06:00:00+00:00,0.0,0.0,uppsala,5f9fe38afd517828962fde29
14719,2021-01-03 07:00:00+00:00,0.0,0.0,uppsala,5f9fe38afd517828962fde29
14720,2021-01-03 08:00:00+00:00,0.0,0.0,uppsala,5f9fe38afd517828962fde29
14721,2021-01-03 09:00:00+00:00,0.0,0.12,uppsala,5f9fe38afd517828962fde29
14722,2021-01-03 10:00:00+00:00,26.3,0.39,uppsala,5f9fe38afd517828962fde29
14723,2021-01-03 11:00:00+00:00,0.6000000000000001,0.15,uppsala,5f9fe38afd517828962fde29
14724,2021-01-03 12:00:00+00:00,81.4,0.04,uppsala,5f9fe38afd517828962fde29
14725,2021-01-03 13:00:00+00:00,112.4,0.0,uppsala,5f9fe38afd517828962fde29
14726,2021-01-03 14:00:00+00:00,0.0,0.0,uppsala,5f9fe38afd517828962fde29
14727,2021-01-03 15:00:00+00:00,0.0,0.0,uppsala,5f9fe38afd517828962fde29
14728,2021-01-03 16:00:00+00:00,0.0,0.0,uppsala,5f9fe38afd517828962fde29
14729,2021-01-03 17:00:00+00:00,0.0,0.0,uppsala,5f9fe38afd517828962fde29
14730,2021-01-03 18:00:00+00:00,0.0,0.0,uppsala,5f9fe38afd517828962fde29
14731,2021-01-03 19:00:00+00:00,0.0,0.0,uppsala,5f9fe38afd517828962fde29
14732,2021-01-03 20:00:00+00:00,0.0,0.0,uppsala,5f9fe38afd517828962fde29
14733,2021-01-03 21:00:00+00:00,0.0,0.0,uppsala,5f9fe38afd517828962fde29
14734,2021-01-03 22:00:00+00:00,0.0,0.0,uppsala,5f9fe38afd517828962fde29
14735,2021-01-03 23:00:00+00:00,0.0,0.0,uppsala,5f9fe38afd517828962fde29
14736,2021-01-04 00:00:00+00:00,0.0,0.0,uppsala,5f9fe38afd517828962fde29
14737,2021-01-04 01:00:00+00:00,0.0,0.0,uppsala,5f9fe38afd517828962fde29
14738,2021-01-04 02:00:00+00:00,0.0,0.0,uppsala,5f9fe38afd517828962fde29
14739,2021-01-04 03:00:00+00:00,0.0,0.0,uppsala,5f9fe38afd517828962fde29
14740,2021-01-04 04:00:00+00:00,0.0,0.0,uppsala,5f9fe38afd517828962fde29
14741,2021-01-04 05:00:00+00:00,0.0,0.0,uppsala,5f9fe38afd517828962fde29
14742,2021-01-04 06:00:00+00:00,0.0,0.0,uppsala,5f9fe38afd517828962fde29
14743,2021-01-04 07:00:00+00:00,0.0,0.0,uppsala,5f9fe38afd517828962fde29
14744,2021-01-04 08:00:00+00:00,0.0,0.0,uppsala,5f9fe38afd517828962fde29
14745,2021-01-04 09:00:00+00:00,0.0,0.08,uppsala,5f9fe38afd517828962fde29
14746,2021-01-04 10:00:00+00:00,1.5,0.24,uppsala,5f9fe38afd517828962fde29
14747,2021-01-04 11:00:00+00:00,0.0,0.03,uppsala,5f9fe38afd517828962fde29
14748,2021-01-04 12:00:00+00:00,0.0,0.02,uppsala,5f9fe38afd517828962fde29
14749,2021-01-04 13:00:00+00:00,0.0,0.0,uppsala,5f9fe38afd517828962fde29
14750,2021-01-04 14:00:00+00:00,0.0,0.0,uppsala,5f9fe38afd517828962fde29
14751,2021-01-04 15:00:00+00:00,0.0,0.0,uppsala,5f9fe38afd517828962fde29
14752,2021-01-04 16:00:00+00:00,0.0,0.0,uppsala,5f9fe38afd517828962fde29
14753,2021-01-04 17:00:00+00:00,0.0,0.0,uppsala,5f9fe38afd517828962fde29
14754,2021-01-04 18:00:00+00:00,0.0,0.0,uppsala,5f9fe38afd517828962fde29
14755,2021-01-04 19:00:00+00:00,0.0,0.0,uppsala,5f9fe38afd517828962fde29
14756,2021-01-04 20:00:00+00:00,0.0,0.0,uppsala,5f9fe38afd517828962fde29
14757,2021-01-04 21:00:00+00:00,0.0,0.0,uppsala,5f9fe38afd517828962fde29
14758,2021-01-04 22:00:00+00:00,0.0,0.0,uppsala,5f9fe38afd517828962fde29
14759,2021-01-04 23:00:00+00:00,0.0,0.0,uppsala,5f9fe38afd517828962fde29
14760,2021-01-05 00:00:00+00:00,0.0,0.0,uppsala,5f9fe38afd517828962fde29
14761,2021-01-05 01:00:00+00:00,0.0,0.0,uppsala,5f9fe38afd517828962fde29
14762,2021-01-05 02:00:00+00:00,0.0,0.0,uppsala,5f9fe38afd517828962fde29
14763,2021-01-05 03:00:00+00:00,0.0,0.0,uppsala,5f9fe38afd517828962fde29
14764,2021-01-05 04:00:00+00:00,0.0,0.0,uppsala,5f9fe38afd517828962fde29
14765,2021-01-05 05:00:00+00:00,0.0,0.0,uppsala,5f9fe38afd517828962fde29
14766,2021-01-05 06:00:00+00:00,0.0,0.0,uppsala,5f9fe38afd517828962fde29
14767,2021-01-05 07:00:00+00:00,0.0,0.0,uppsala,5f9fe38afd517828962fde29
14768,2021-01-05 08:00:00+00:00,0.0,0.0,uppsala,5f9fe38afd517828962fde29
14769,2021-01-05 09:00:00+00:00,12.0,0.1,uppsala,5f9fe38afd517828962fde29
14770,2021-01-05 10:00:00+00:00,228.4,0.54,uppsala,5f9fe38afd517828962fde29
14771,2021-01-05 11:00:00+00:00,375.2,2.3,uppsala,5f9fe38afd517828962fde29
14772,2021-01-05 12:00:00+00:00,515.6,5.29,uppsala,5f9fe38afd517828962fde29
14773,2021-01-05 13:00:00+00:00,417.6,2.01,uppsala,5f9fe38afd517828962fde29
14774,2021-01-05 14:00:00+00:00,0.0,0.0,uppsala,5f9fe38afd517828962fde29
14775,2021-01-05 15:00:00+00:00,0.0,0.0,uppsala,5f9fe38afd517828962fde29
14776,2021-01-05 16:00:00+00:00,0.0,0.0,uppsala,5f9fe38afd517828962fde29
14777,2021-01-05 17:00:00+00:00,0.0,0.0,uppsala,5f9fe38afd517828962fde29
14778,2021-01-05 18:00:00+00:00,0.0,0.0,uppsala,5f9fe38afd517828962fde29
14779,2021-01-05 19:00:00+00:00,0.0,0.0,uppsala,5f9fe38afd517828962fde29
14780,2021-01-05 20:00:00+00:00,0.0,0.0,uppsala,5f9fe38afd517828962fde29
14781,2021-01-05 21:00:00+00:00,0.0,0.0,uppsala,5f9fe38afd517828962fde29
14782,2021-01-05 22:00:00+00:00,0.0,0.0,uppsala,5f9fe38afd517828962fde29
14783,2021-01-05 23:00:00+00:00,0.0,0.0,uppsala,5f9fe38afd517828962fde29
14784,2021-01-06 00:00:00+00:00,0.0,0.0,uppsala,5f9fe38afd517828962fde29
14785,2021-01-06 01:00:00+00:00,0.0,0.0,uppsala,5f9fe38afd517828962fde29
14786,2021-01-06 02:00:00+00:00,0.0,0.0,uppsala,5f9fe38afd517828962fde29
14787,2021-01-06 03:00:00+00:00,0.0,0.0,uppsala,5f9fe38afd517828962fde29
14788,2021-01-06 04:00:00+00:00,0.0,0.0,uppsala,5f9fe38afd517828962fde29
14789,2021-01-06 05:00:00+00:00,0.0,0.0,uppsala,5f9fe38afd517828962fde29
14790,2021-01-06 06:00:00+00:00,0.0,0.0,uppsala,5f9fe38afd517828962fde29
14791,2021-01-06 07:00:00+00:00,0.0,0.0,uppsala,5f9fe38afd517828962fde29
14792,2021-01-06 08:00:00+00:00,23.4,0.37,uppsala,5f9fe38afd517828962fde29
14793,2021-01-06 09:00:00+00:00,56.0,0.5,uppsala,5f9fe38afd517828962fde29
14794,2021-01-06 10:00:00+00:00,86.2,0.98,uppsala,5f9fe38afd517828962fde29
14795,2021-01-06 11:00:00+00:00,5.9,0.18,uppsala,5f9fe38afd517828962fde29
14796,2021-01-06 12:00:00+00:00,2.5,0.0,uppsala,5f9fe38afd517828962fde29
14797,2021-01-06 13:00:00+00:00,2.2,0.0,uppsala,5f9fe38afd517828962fde29
14798,2021-01-06 14:00:00+00:00,0.0,0.0,uppsala,5f9fe38afd517828962fde29
14799,2021-01-06 15:00:00+00:00,0.0,0.0,uppsala,5f9fe38afd517828962fde29
14800,2021-01-06 16:00:00+00:00,0.0,0.0,uppsala,5f9fe38afd517828962fde29
14801,2021-01-06 17:00:00+00:00,0.0,0.0,uppsala,5f9fe38afd517828962fde29
14802,2021-01-06 18:00:00+00:00,0.0,0.0,uppsala,5f9fe38afd517828962fde29
14803,2021-01-06 19:00:00+00:00,0.0,0.0,uppsala,5f9fe38afd517828962fde29
14804,2021-01-06 20:00:00+00:00,0.0,0.0,uppsala,5f9fe38afd517828962fde29
14805,2021-01-06 21:00:00+00:00,0.0,0.0,uppsala,5f9fe38afd517828962fde29
14806,2021-01-06 22:00:00+00:00,0.0,0.0,uppsala,5f9fe38afd517828962fde29
14807,2021-01-06 23:00:00+00:00,0.0,0.0,uppsala,5f9fe38afd517828962fde29
14808,2021-01-07 00:00:00+00:00,0.0,0.0,uppsala,5f9fe38afd517828962fde29
14809,2021-01-07 01:00:00+00:00,0.0,0.0,uppsala,5f9fe38afd517828962fde29
14810,2021-01-07 02:00:00+00:00,0.0,0.0,uppsala,5f9fe38afd517828962fde29
14811,2021-01-07 03:00:00+00:00,0.0,0.0,uppsala,5f9fe38afd517828962fde29
14812,2021-01-07 04:00:00+00:00,0.0,0.0,uppsala,5f9fe38afd517828962fde29
14813,2021-01-07 05:00:00+00:00,0.0,0.0,uppsala,5f9fe38afd517828962fde29
14814,2021-01-07 06:00:00+00:00,0.0,0.0,uppsala,5f9fe38afd517828962fde29
14815,2021-01-07 07:00:00+00:00,0.0,0.0,uppsala,5f9fe38afd517828962fde29
14816,2021-01-07 08:00:00+00:00,0.0,0.0,uppsala,5f9fe38afd517828962fde29
14817,2021-01-07 09:00:00+00:00,0.0,0.0,uppsala,5f9fe38afd517828962fde29
14818,2021-01-07 10:00:00+00:00,0.0,0.0,uppsala,5f9fe38afd517828962fde29
14819,2021-01-07 11:00:00+00:00,1.0,0.0,uppsala,5f9fe38afd517828962fde29
14820,2021-01-07 12:00:00+00:00,0.0,0.09,uppsala,5f9fe38afd517828962fde29
14821,2021-01-07 13:00:00+00:00,0.0,0.0,uppsala,5f9fe38afd517828962fde29
14822,2021-01-07 14:00:00+00:00,0.0,0.0,uppsala,5f9fe38afd517828962fde29
14823,2021-01-07 15:00:00+00:00,0.0,0.0,uppsala,5f9fe38afd517828962fde29
14824,2021-01-07 16:00:00+00:00,0.0,0.0,uppsala,5f9fe38afd517828962fde29
14825,2021-01-07 17:00:00+00:00,0.0,0.0,uppsala,5f9fe38afd517828962fde29
14826,2021-01-07 18:00:00+00:00,0.0,0.0,uppsala,5f9fe38afd517828962fde29
14827,2021-01-07 19:00:00+00:00,0.0,0.0,uppsala,5f9fe38afd517828962fde29
14828,2021-01-07 20:00:00+00:00,0.0,0.0,uppsala,5f9fe38afd517828962fde29
14829,2021-01-07 21:00:00+00:00,0.0,0.0,uppsala,5f9fe38afd517828962fde29
14830,2021-01-07 22:00:00+00:00,0.0,0.0,uppsala,5f9fe38afd517828962fde29
14831,2021-01-07 23:00:00+00:00,0.0,0.0,uppsala,5f9fe38afd517828962fde29
14832,2021-01-08 00:00:00+00:00,0.0,0.0,uppsala,5f9fe38afd517828962fde29
14833,2021-01-08 01:00:00+00:00,0.0,0.0,uppsala,5f9fe38afd517828962fde29
14834,2021-01-08 02:00:00+00:00,0.0,0.0,uppsala,5f9fe38afd517828962fde29
14835,2021-01-08 03:00:00+00:00,0.0,0.0,uppsala,5f9fe38afd517828962fde29
14836,2021-01-08 04:00:00+00:00,0.0,0.0,uppsala,5f9fe38afd517828962fde29
14837,2021-01-08 05:00:00+00:00,0.0,0.0,uppsala,5f9fe38afd517828962fde29
14838,2021-01-08 06:00:00+00:00,0.0,0.0,uppsala,5f9fe38afd517828962fde29
14839,2021-01-08 07:00:00+00:00,0.0,0.0,uppsala,5f9fe38afd517828962fde29
14840,2021-01-08 08:00:00+00:00,0.0,0.0,uppsala,5f9fe38afd517828962fde29
14841,2021-01-08 09:00:00+00:00,0.0,0.08,uppsala,5f9fe38afd517828962fde29
14842,2021-01-08 10:00:00+00:00,0.0,0.37,uppsala,5f9fe38afd517828962fde29
14843,2021-01-08 11:00:00+00:00,0.9,0.31,uppsala,5f9fe38afd517828962fde29
14844,2021-01-08 12:00:00+00:00,0.0,0.16,uppsala,5f9fe38afd517828962fde29
14845,2021-01-08 13:00:00+00:00,0.0,0.0,uppsala,5f9fe38afd517828962fde29
14846,2021-01-08 14:00:00+00:00,0.0,0.0,uppsala,5f9fe38afd517828962fde29
14847,2021-01-08 15:00:00+00:00,0.0,0.0,uppsala,5f9fe38afd517828962fde29
14848,2021-01-08 16:00:00+00:00,0.0,0.0,uppsala,5f9fe38afd517828962fde29
14849,2021-01-08 17:00:00+00:00,0.0,0.0,uppsala,5f9fe38afd517828962fde29
14850,2021-01-08 18:00:00+00:00,0.0,0.0,uppsala,5f9fe38afd517828962fde29
14851,2021-01-08 19:00:00+00:00,0.0,0.0,uppsala,5f9fe38afd517828962fde29
14852,2021-01-08 20:00:00+00:00,0.0,0.0,uppsala,5f9fe38afd517828962fde29
14853,2021-01-08 21:00:00+00:00,0.0,0.0,uppsala,5f9fe38afd517828962fde29
14854,2021-01-08 22:00:00+00:00,0.0,0.0,uppsala,5f9fe38afd517828962fde29
14855,2021-01-08 23:00:00+00:00,0.0,0.0,uppsala,5f9fe38afd517828962fde29
14856,2021-01-09 00:00:00+00:00,0.0,0.0,uppsala,5f9fe38afd517828962fde29
14857,2021-01-09 01:00:00+00:00,0.0,0.0,uppsala,5f9fe38afd517828962fde29
14858,2021-01-09 02:00:00+00:00,0.0,0.0,uppsala,5f9fe38afd517828962fde29
14859,2021-01-09 03:00:00+00:00,0.0,0.0,uppsala,5f9fe38afd517828962fde29
14860,2021-01-09 04:00:00+00:00,0.0,0.0,uppsala,5f9fe38afd517828962fde29
14861,2021-01-09 05:00:00+00:00,0.0,0.0,uppsala,5f9fe38afd517828962fde29
14862,2021-01-09 06:00:00+00:00,0.0,0.0,uppsala,5f9fe38afd517828962fde29
14863,2021-01-09 07:00:00+00:00,0.0,0.0,uppsala,5f9fe38afd517828962fde29
14864,2021-01-09 08:00:00+00:00,25.1,0.0,uppsala,5f9fe38afd517828962fde29
14865,2021-01-09 09:00:00+00:00,0.0,0.13,uppsala,5f9fe38afd517828962fde29
14866,2021-01-09 10:00:00+00:00,33.4,1.09,uppsala,5f9fe38afd517828962fde29
14867,2021-01-09 11:00:00+00:00,11.5,4.0,uppsala,5f9fe38afd517828962fde29
14868,2021-01-09 12:00:00+00:00,0.6000000000000001,4.71,uppsala,5f9fe38afd517828962fde29
14869,2021-01-09 13:00:00+00:00,2.3,2.52,uppsala,5f9fe38afd517828962fde29
14870,2021-01-09 14:00:00+00:00,0.0,0.0,uppsala,5f9fe38afd517828962fde29
14871,2021-01-09 15:00:00+00:00,0.0,0.0,uppsala,5f9fe38afd517828962fde29
14872,2021-01-09 16:00:00+00:00,0.0,0.0,uppsala,5f9fe38afd517828962fde29
14873,2021-01-09 17:00:00+00:00,0.0,0.0,uppsala,5f9fe38afd517828962fde29
14874,2021-01-09 18:00:00+00:00,0.0,0.0,uppsala,5f9fe38afd517828962fde29
14875,2021-01-09 19:00:00+00:00,0.0,0.0,uppsala,5f9fe38afd517828962fde29
14876,2021-01-09 20:00:00+00:00,0.0,0.0,uppsala,5f9fe38afd517828962fde29
14877,2021-01-09 21:00:00+00:00,0.0,0.0,uppsala,5f9fe38afd517828962fde29
14878,2021-01-09 22:00:00+00:00,0.0,0.0,uppsala,5f9fe38afd517828962fde29
14879,2021-01-09 23:00:00+00:00,0.0,0.0,uppsala,5f9fe38afd517828962fde29
14880,2021-01-10 00:00:00+00:00,0.0,0.0,uppsala,5f9fe38afd517828962fde29
14881,2021-01-10 01:00:00+00:00,0.0,0.0,uppsala,5f9fe38afd517828962fde29
14882,2021-01-10 02:00:00+00:00,0.0,0.0,uppsala,5f9fe38afd517828962fde29
14883,2021-01-10 03:00:00+00:00,0.0,0.0,uppsala,5f9fe38afd517828962fde29
14884,2021-01-10 04:00:00+00:00,0.0,0.0,uppsala,5f9fe38afd517828962fde29
14885,2021-01-10 05:00:00+00:00,0.0,0.0,uppsala,5f9fe38afd517828962fde29
14886,2021-01-10 06:00:00+00:00,0.0,0.0,uppsala,5f9fe38afd517828962fde29
14887,2021-01-10 07:00:00+00:00,0.0,0.0,uppsala,5f9fe38afd517828962fde29
14888,2021-01-10 08:00:00+00:00,0.0,0.0,uppsala,5f9fe38afd517828962fde29
14889,2021-01-10 09:00:00+00:00,1.4,0.11,uppsala,5f9fe38afd517828962fde29
14890,2021-01-10 10:00:00+00:00,2.8,0.07,uppsala,5f9fe38afd517828962fde29
14891,2021-01-10 11:00:00+00:00,0.8,0.26,uppsala,5f9fe38afd517828962fde29
14892,2021-01-10 12:00:00+00:00,0.0,0.19,uppsala,5f9fe38afd517828962fde29
14893,2021-01-10 13:00:00+00:00,0.1,0.0,uppsala,5f9fe38afd517828962fde29
14894,2021-01-10 14:00:00+00:00,0.0,0.0,uppsala,5f9fe38afd517828962fde29
14895,2021-01-10 15:00:00+00:00,0.0,0.0,uppsala,5f9fe38afd517828962fde29
14896,2021-01-10 16:00:00+00:00,0.0,0.0,uppsala,5f9fe38afd517828962fde29
14897,2021-01-10 17:00:00+00:00,0.0,0.0,uppsala,5f9fe38afd517828962fde29
14898,2021-01-10 18:00:00+00:00,0.0,0.0,uppsala,5f9fe38afd517828962fde29
14899,2021-01-10 19:00:00+00:00,0.0,0.0,uppsala,5f9fe38afd517828962fde29
14900,2021-01-10 20:00:00+00:00,0.0,0.0,uppsala,5f9fe38afd517828962fde29
14901,2021-01-10 21:00:00+00:00,0.0,0.0,uppsala,5f9fe38afd517828962fde29
14902,2021-01-10 22:00:00+00:00,0.0,0.0,uppsala,5f9fe38afd517828962fde29
14903,2021-01-10 23:00:00+00:00,0.0,0.0,uppsala,5f9fe38afd517828962fde29
14904,2021-01-11 00:00:00+00:00,0.0,0.0,uppsala,5f9fe38afd517828962fde29
14905,2021-01-11 01:00:00+00:00,0.0,0.0,uppsala,5f9fe38afd517828962fde29
14906,2021-01-11 02:00:00+00:00,0.0,0.0,uppsala,5f9fe38afd517828962fde29
14907,2021-01-11 03:00:00+00:00,0.0,0.0,uppsala,5f9fe38afd517828962fde29
14908,2021-01-11 04:00:00+00:00,0.0,0.0,uppsala,5f9fe38afd517828962fde29
14909,2021-01-11 05:00:00+00:00,0.0,0.0,uppsala,5f9fe38afd517828962fde29
14910,2021-01-11 06:00:00+00:00,0.0,0.0,uppsala,5f9fe38afd517828962fde29
14911,2021-01-11 07:00:00+00:00,0.0,0.0,uppsala,5f9fe38afd517828962fde29
14912,2021-01-11 08:00:00+00:00,0.0,0.0,uppsala,5f9fe38afd517828962fde29
14913,2021-01-11 09:00:00+00:00,0.0,0.53,uppsala,5f9fe38afd517828962fde29
14914,2021-01-11 10:00:00+00:00,0.0,0.9,uppsala,5f9fe38afd517828962fde29
14915,2021-01-11 11:00:00+00:00,202.4,0.7,uppsala,5f9fe38afd517828962fde29
14916,2021-01-11 12:00:00+00:00,0.0,0.16,uppsala,5f9fe38afd517828962fde29
14917,2021-01-11 13:00:00+00:00,0.0,0.0,uppsala,5f9fe38afd517828962fde29
14918,2021-01-11 14:00:00+00:00,0.0,0.0,uppsala,5f9fe38afd517828962fde29
14919,2021-01-11 15:00:00+00:00,0.0,0.0,uppsala,5f9fe38afd517828962fde29
14920,2021-01-11 16:00:00+00:00,0.0,0.0,uppsala,5f9fe38afd517828962fde29
14921,2021-01-11 17:00:00+00:00,0.0,0.0,uppsala,5f9fe38afd517828962fde29
14922,2021-01-11 18:00:00+00:00,0.0,0.0,uppsala,5f9fe38afd517828962fde29
14923,2021-01-11 19:00:00+00:00,0.0,0.0,uppsala,5f9fe38afd517828962fde29
14924,2021-01-11 20:00:00+00:00,0.0,0.0,uppsala,5f9fe38afd517828962fde29
14925,2021-01-11 21:00:00+00:00,0.0,0.0,uppsala,5f9fe38afd517828962fde29
14926,2021-01-11 22:00:00+00:00,0.0,0.0,uppsala,5f9fe38afd517828962fde29
14927,2021-01-11 23:00:00+00:00,0.0,0.0,uppsala,5f9fe38afd517828962fde29
14928,2021-01-12 00:00:00+00:00,0.0,0.0,uppsala,5f9fe38afd517828962fde29
14929,2021-01-12 01:00:00+00:00,0.0,0.0,uppsala,5f9fe38afd517828962fde29
14930,2021-01-12 02:00:00+00:00,0.0,0.0,uppsala,5f9fe38afd517828962fde29
14931,2021-01-12 03:00:00+00:00,0.0,0.0,uppsala,5f9fe38afd517828962fde29
14932,2021-01-12 04:00:00+00:00,0.0,0.0,uppsala,5f9fe38afd517828962fde29
14933,2021-01-12 05:00:00+00:00,0.0,0.0,uppsala,5f9fe38afd517828962fde29
14934,2021-01-12 06:00:00+00:00,0.0,0.0,uppsala,5f9fe38afd517828962fde29
14935,2021-01-12 07:00:00+00:00,0.0,0.0,uppsala,5f9fe38afd517828962fde29
14936,2021-01-12 08:00:00+00:00,3.3,0.06,uppsala,5f9fe38afd517828962fde29
14937,2021-01-12 09:00:00+00:00,120.3,0.36,uppsala,5f9fe38afd517828962fde29
14938,2021-01-12 10:00:00+00:00,329.2,3.3,uppsala,5f9fe38afd517828962fde29
14939,2021-01-12 11:00:00+00:00,682.7,8.7,uppsala,5f9fe38afd517828962fde29
14940,2021-01-12 12:00:00+00:00,641.7,8.6,uppsala,5f9fe38afd517828962fde29
14941,2021-01-12 13:00:00+00:00,508.5,4.78,uppsala,5f9fe38afd517828962fde29
14942,2021-01-12 14:00:00+00:00,139.2,0.0,uppsala,5f9fe38afd517828962fde29
14943,2021-01-12 15:00:00+00:00,0.0,0.0,uppsala,5f9fe38afd517828962fde29
14944,2021-01-12 16:00:00+00:00,0.0,0.0,uppsala,5f9fe38afd517828962fde29
14945,2021-01-12 17:00:00+00:00,0.0,0.0,uppsala,5f9fe38afd517828962fde29
14946,2021-01-12 18:00:00+00:00,0.0,0.0,uppsala,5f9fe38afd517828962fde29
14947,2021-01-12 19:00:00+00:00,0.0,0.0,uppsala,5f9fe38afd517828962fde29
14948,2021-01-12 20:00:00+00:00,0.0,0.0,uppsala,5f9fe38afd517828962fde29
14949,2021-01-12 21:00:00+00:00,0.0,0.0,uppsala,5f9fe38afd517828962fde29
14950,2021-01-12 22:00:00+00:00,0.0,0.0,uppsala,5f9fe38afd517828962fde29
14951,2021-01-12 23:00:00+00:00,0.0,0.0,uppsala,5f9fe38afd517828962fde29
14952,2021-01-13 00:00:00+00:00,0.0,0.0,uppsala,5f9fe38afd517828962fde29
14953,2021-01-13 01:00:00+00:00,0.0,0.0,uppsala,5f9fe38afd517828962fde29
14954,2021-01-13 02:00:00+00:00,0.0,0.0,uppsala,5f9fe38afd517828962fde29
14955,2021-01-13 03:00:00+00:00,0.0,0.0,uppsala,5f9fe38afd517828962fde29
14956,2021-01-13 04:00:00+00:00,0.0,0.0,uppsala,5f9fe38afd517828962fde29
14957,2021-01-13 05:00:00+00:00,0.0,0.0,uppsala,5f9fe38afd517828962fde29
14958,2021-01-13 06:00:00+00:00,0.0,0.0,uppsala,5f9fe38afd517828962fde29
14959,2021-01-13 07:00:00+00:00,0.0,0.0,uppsala,5f9fe38afd517828962fde29
14960,2021-01-13 08:00:00+00:00,0.0,0.13,uppsala,5f9fe38afd517828962fde29
14961,2021-01-13 09:00:00+00:00,7.9,2.02,uppsala,5f9fe38afd517828962fde29
14962,2021-01-13 10:00:00+00:00,1.4,0.61,uppsala,5f9fe38afd517828962fde29
14963,2021-01-13 11:00:00+00:00,2.4,0.58,uppsala,5f9fe38afd517828962fde29
14964,2021-01-13 12:00:00+00:00,0.4,0.2,uppsala,5f9fe38afd517828962fde29
14965,2021-01-13 13:00:00+00:00,32.6,0.01,uppsala,5f9fe38afd517828962fde29
14966,2021-01-13 14:00:00+00:00,0.0,0.0,uppsala,5f9fe38afd517828962fde29
14967,2021-01-13 15:00:00+00:00,0.0,0.0,uppsala,5f9fe38afd517828962fde29
14968,2021-01-13 16:00:00+00:00,0.0,0.0,uppsala,5f9fe38afd517828962fde29
14969,2021-01-13 17:00:00+00:00,0.0,0.0,uppsala,5f9fe38afd517828962fde29
14970,2021-01-13 18:00:00+00:00,0.0,0.0,uppsala,5f9fe38afd517828962fde29
14971,2021-01-13 19:00:00+00:00,0.0,0.0,uppsala,5f9fe38afd517828962fde29
14972,2021-01-13 20:00:00+00:00,0.0,0.0,uppsala,5f9fe38afd517828962fde29
14973,2021-01-13 21:00:00+00:00,0.0,0.0,uppsala,5f9fe38afd517828962fde29
14974,2021-01-13 22:00:00+00:00,0.0,0.0,uppsala,5f9fe38afd517828962fde29
14975,2021-01-13 23:00:00+00:00,0.0,0.0,uppsala,5f9fe38afd517828962fde29
14976,2021-01-14 00:00:00+00:00,0.0,0.0,uppsala,5f9fe38afd517828962fde29
14977,2021-01-14 01:00:00+00:00,0.0,0.0,uppsala,5f9fe38afd517828962fde29
14978,2021-01-14 02:00:00+00:00,0.0,0.0,uppsala,5f9fe38afd517828962fde29
14979,2021-01-14 03:00:00+00:00,0.0,0.0,uppsala,5f9fe38afd517828962fde29
14980,2021-01-14 04:00:00+00:00,0.0,0.0,uppsala,5f9fe38afd517828962fde29
14981,2021-01-14 05:00:00+00:00,0.0,0.0,uppsala,5f9fe38afd517828962fde29
14982,2021-01-14 06:00:00+00:00,0.0,0.0,uppsala,5f9fe38afd517828962fde29
14983,2021-01-14 07:00:00+00:00,0.0,0.0,uppsala,5f9fe38afd517828962fde29
14984,2021-01-14 08:00:00+00:00,0.0,0.03,uppsala,5f9fe38afd517828962fde29
14985,2021-01-14 09:00:00+00:00,6.5,0.61,uppsala,5f9fe38afd517828962fde29
14986,2021-01-14 10:00:00+00:00,10.0,0.76,uppsala,5f9fe38afd517828962fde29
14987,2021-01-14 11:00:00+00:00,5.7,1.0,uppsala,5f9fe38afd517828962fde29
14988,2021-01-14 12:00:00+00:00,51.2,0.43,uppsala,5f9fe38afd517828962fde29
14989,2021-01-14 13:00:00+00:00,0.0,0.09,uppsala,5f9fe38afd517828962fde29
14990,2021-01-14 14:00:00+00:00,0.0,0.0,uppsala,5f9fe38afd517828962fde29
14991,2021-01-14 15:00:00+00:00,0.0,0.0,uppsala,5f9fe38afd517828962fde29
14992,2021-01-14 16:00:00+00:00,0.0,0.0,uppsala,5f9fe38afd517828962fde29
14993,2021-01-14 17:00:00+00:00,0.0,0.0,uppsala,5f9fe38afd517828962fde29
14994,2021-01-14 18:00:00+00:00,0.0,0.0,uppsala,5f9fe38afd517828962fde29
14995,2021-01-14 19:00:00+00:00,0.0,0.0,uppsala,5f9fe38afd517828962fde29
14996,2021-01-14 20:00:00+00:00,0.0,0.0,uppsala,5f9fe38afd517828962fde29
14997,2021-01-14 21:00:00+00:00,0.0,0.0,uppsala,5f9fe38afd517828962fde29
14998,2021-01-14 22:00:00+00:00,0.0,0.0,uppsala,5f9fe38afd517828962fde29
14999,2021-01-14 23:00:00+00:00,0.0,0.0,uppsala,5f9fe38afd517828962fde29
15000,2021-01-15 00:00:00+00:00,0.0,0.0,uppsala,5f9fe38afd517828962fde29
15001,2021-01-15 01:00:00+00:00,0.0,0.0,uppsala,5f9fe38afd517828962fde29
15002,2021-01-15 02:00:00+00:00,0.0,0.0,uppsala,5f9fe38afd517828962fde29
15003,2021-01-15 03:00:00+00:00,0.0,0.0,uppsala,5f9fe38afd517828962fde29
15004,2021-01-15 04:00:00+00:00,0.0,0.0,uppsala,5f9fe38afd517828962fde29
15005,2021-01-15 05:00:00+00:00,0.0,0.0,uppsala,5f9fe38afd517828962fde29
15006,2021-01-15 06:00:00+00:00,0.0,0.0,uppsala,5f9fe38afd517828962fde29
15007,2021-01-15 07:00:00+00:00,0.0,0.0,uppsala,5f9fe38afd517828962fde29
15008,2021-01-15 08:00:00+00:00,31.5,0.37,uppsala,5f9fe38afd517828962fde29
15009,2021-01-15 09:00:00+00:00,7.0,2.66,uppsala,5f9fe38afd517828962fde29
15010,2021-01-15 10:00:00+00:00,520.4,4.66,uppsala,5f9fe38afd517828962fde29
15011,2021-01-15 11:00:00+00:00,427.1,5.06,uppsala,5f9fe38afd517828962fde29
15012,2021-01-15 12:00:00+00:00,7.7,0.22,uppsala,5f9fe38afd517828962fde29
15013,2021-01-15 13:00:00+00:00,0.0,0.0,uppsala,5f9fe38afd517828962fde29
15014,2021-01-15 14:00:00+00:00,0.0,0.0,uppsala,5f9fe38afd517828962fde29
15015,2021-01-15 15:00:00+00:00,0.0,0.0,uppsala,5f9fe38afd517828962fde29
15016,2021-01-15 16:00:00+00:00,0.0,0.0,uppsala,5f9fe38afd517828962fde29
15017,2021-01-15 17:00:00+00:00,0.0,0.0,uppsala,5f9fe38afd517828962fde29
15018,2021-01-15 18:00:00+00:00,0.0,0.0,uppsala,5f9fe38afd517828962fde29
15019,2021-01-15 19:00:00+00:00,0.0,0.0,uppsala,5f9fe38afd517828962fde29
15020,2021-01-15 20:00:00+00:00,0.0,0.0,uppsala,5f9fe38afd517828962fde29
15021,2021-01-15 21:00:00+00:00,0.0,0.0,uppsala,5f9fe38afd517828962fde29
15022,2021-01-15 22:00:00+00:00,0.0,0.0,uppsala,5f9fe38afd517828962fde29
15023,2021-01-15 23:00:00+00:00,0.0,0.0,uppsala,5f9fe38afd517828962fde29
15024,2021-01-16 00:00:00+00:00,0.0,0.0,uppsala,5f9fe38afd517828962fde29
15025,2021-01-16 01:00:00+00:00,0.0,0.0,uppsala,5f9fe38afd517828962fde29
15026,2021-01-16 02:00:00+00:00,0.0,0.0,uppsala,5f9fe38afd517828962fde29
15027,2021-01-16 03:00:00+00:00,0.0,0.0,uppsala,5f9fe38afd517828962fde29
15028,2021-01-16 04:00:00+00:00,0.0,0.0,uppsala,5f9fe38afd517828962fde29
15029,2021-01-16 05:00:00+00:00,0.0,0.0,uppsala,5f9fe38afd517828962fde29
15030,2021-01-16 06:00:00+00:00,0.0,0.0,uppsala,5f9fe38afd517828962fde29
15031,2021-01-16 07:00:00+00:00,0.0,0.0,uppsala,5f9fe38afd517828962fde29
15032,2021-01-16 08:00:00+00:00,0.0,0.57,uppsala,5f9fe38afd517828962fde29
15033,2021-01-16 09:00:00+00:00,0.0,1.03,uppsala,5f9fe38afd517828962fde29
15034,2021-01-16 10:00:00+00:00,19.9,2.58,uppsala,5f9fe38afd517828962fde29
15035,2021-01-16 11:00:00+00:00,131.8,0.9,uppsala,5f9fe38afd517828962fde29
15036,2021-01-16 12:00:00+00:00,155.4,0.48,uppsala,5f9fe38afd517828962fde29
15037,2021-01-16 13:00:00+00:00,207.2,0.08,uppsala,5f9fe38afd517828962fde29
15038,2021-01-16 14:00:00+00:00,0.0,0.0,uppsala,5f9fe38afd517828962fde29
15039,2021-01-16 15:00:00+00:00,0.0,0.0,uppsala,5f9fe38afd517828962fde29
15040,2021-01-16 16:00:00+00:00,0.0,0.0,uppsala,5f9fe38afd517828962fde29
15041,2021-01-16 17:00:00+00:00,0.0,0.0,uppsala,5f9fe38afd517828962fde29
15042,2021-01-16 18:00:00+00:00,0.0,0.0,uppsala,5f9fe38afd517828962fde29
15043,2021-01-16 19:00:00+00:00,0.0,0.0,uppsala,5f9fe38afd517828962fde29
15044,2021-01-16 20:00:00+00:00,0.0,0.0,uppsala,5f9fe38afd517828962fde29
15045,2021-01-16 21:00:00+00:00,0.0,0.0,uppsala,5f9fe38afd517828962fde29
15046,2021-01-16 22:00:00+00:00,0.0,0.0,uppsala,5f9fe38afd517828962fde29
15047,2021-01-16 23:00:00+00:00,0.0,0.0,uppsala,5f9fe38afd517828962fde29
15048,2021-01-17 00:00:00+00:00,0.0,0.0,uppsala,5f9fe38afd517828962fde29
15049,2021-01-17 01:00:00+00:00,0.0,0.0,uppsala,5f9fe38afd517828962fde29
15050,2021-01-17 02:00:00+00:00,0.0,0.0,uppsala,5f9fe38afd517828962fde29
15051,2021-01-17 03:00:00+00:00,0.0,0.0,uppsala,5f9fe38afd517828962fde29
15052,2021-01-17 04:00:00+00:00,0.0,0.0,uppsala,5f9fe38afd517828962fde29
15053,2021-01-17 05:00:00+00:00,0.0,0.0,uppsala,5f9fe38afd517828962fde29
15054,2021-01-17 06:00:00+00:00,0.0,0.0,uppsala,5f9fe38afd517828962fde29
15055,2021-01-17 07:00:00+00:00,0.0,0.0,uppsala,5f9fe38afd517828962fde29
15056,2021-01-17 08:00:00+00:00,0.0,0.11,uppsala,5f9fe38afd517828962fde29
15057,2021-01-17 09:00:00+00:00,13.1,0.46,uppsala,5f9fe38afd517828962fde29
15058,2021-01-17 10:00:00+00:00,3.8,0.55,uppsala,5f9fe38afd517828962fde29
15059,2021-01-17 11:00:00+00:00,5.6,0.5,uppsala,5f9fe38afd517828962fde29
15060,2021-01-17 12:00:00+00:00,16.3,0.44,uppsala,5f9fe38afd517828962fde29
15061,2021-01-17 13:00:00+00:00,10.1,0.04,uppsala,5f9fe38afd517828962fde29
15062,2021-01-17 14:00:00+00:00,0.0,0.0,uppsala,5f9fe38afd517828962fde29
15063,2021-01-17 15:00:00+00:00,0.0,0.0,uppsala,5f9fe38afd517828962fde29
15064,2021-01-17 16:00:00+00:00,0.0,0.0,uppsala,5f9fe38afd517828962fde29
15065,2021-01-17 17:00:00+00:00,0.0,0.0,uppsala,5f9fe38afd517828962fde29
15066,2021-01-17 18:00:00+00:00,0.0,0.0,uppsala,5f9fe38afd517828962fde29
15067,2021-01-17 19:00:00+00:00,0.0,0.0,uppsala,5f9fe38afd517828962fde29
15068,2021-01-17 20:00:00+00:00,0.0,0.0,uppsala,5f9fe38afd517828962fde29
15069,2021-01-17 21:00:00+00:00,0.0,0.0,uppsala,5f9fe38afd517828962fde29
15070,2021-01-17 22:00:00+00:00,0.0,0.0,uppsala,5f9fe38afd517828962fde29
15071,2021-01-17 23:00:00+00:00,0.0,0.0,uppsala,5f9fe38afd517828962fde29
15072,2021-01-18 00:00:00+00:00,0.0,0.0,uppsala,5f9fe38afd517828962fde29
15073,2021-01-18 01:00:00+00:00,0.0,0.0,uppsala,5f9fe38afd517828962fde29
15074,2021-01-18 02:00:00+00:00,0.0,0.0,uppsala,5f9fe38afd517828962fde29
15075,2021-01-18 03:00:00+00:00,0.0,0.0,uppsala,5f9fe38afd517828962fde29
15076,2021-01-18 04:00:00+00:00,0.0,0.0,uppsala,5f9fe38afd517828962fde29
15077,2021-01-18 05:00:00+00:00,0.0,0.0,uppsala,5f9fe38afd517828962fde29
15078,2021-01-18 06:00:00+00:00,0.0,0.0,uppsala,5f9fe38afd517828962fde29
15079,2021-01-18 07:00:00+00:00,0.0,0.0,uppsala,5f9fe38afd517828962fde29
15080,2021-01-18 08:00:00+00:00,0.0,0.1,uppsala,5f9fe38afd517828962fde29
15081,2021-01-18 09:00:00+00:00,8.8,0.19,uppsala,5f9fe38afd517828962fde29
15082,2021-01-18 10:00:00+00:00,3.2,0.26,uppsala,5f9fe38afd517828962fde29
15083,2021-01-18 11:00:00+00:00,4.6,0.33,uppsala,5f9fe38afd517828962fde29
15084,2021-01-18 12:00:00+00:00,3.2,0.11,uppsala,5f9fe38afd517828962fde29
15085,2021-01-18 13:00:00+00:00,0.0,0.02,uppsala,5f9fe38afd517828962fde29
15086,2021-01-18 14:00:00+00:00,0.0,0.0,uppsala,5f9fe38afd517828962fde29
15087,2021-01-18 15:00:00+00:00,0.0,0.0,uppsala,5f9fe38afd517828962fde29
15088,2021-01-18 16:00:00+00:00,0.0,0.0,uppsala,5f9fe38afd517828962fde29
15089,2021-01-18 17:00:00+00:00,0.0,0.0,uppsala,5f9fe38afd517828962fde29
15090,2021-01-18 18:00:00+00:00,0.0,0.0,uppsala,5f9fe38afd517828962fde29
15091,2021-01-18 19:00:00+00:00,0.0,0.0,uppsala,5f9fe38afd517828962fde29
15092,2021-01-18 20:00:00+00:00,0.0,0.0,uppsala,5f9fe38afd517828962fde29
15093,2021-01-18 21:00:00+00:00,0.0,0.0,uppsala,5f9fe38afd517828962fde29
15094,2021-01-18 22:00:00+00:00,0.0,0.0,uppsala,5f9fe38afd517828962fde29
15095,2021-01-18 23:00:00+00:00,0.0,0.0,uppsala,5f9fe38afd517828962fde29
15096,2021-01-19 00:00:00+00:00,0.0,0.0,uppsala,5f9fe38afd517828962fde29
15097,2021-01-19 01:00:00+00:00,0.0,0.0,uppsala,5f9fe38afd517828962fde29
15098,2021-01-19 02:00:00+00:00,0.0,0.0,uppsala,5f9fe38afd517828962fde29
15099,2021-01-19 03:00:00+00:00,0.0,0.0,uppsala,5f9fe38afd517828962fde29
15100,2021-01-19 04:00:00+00:00,0.0,0.0,uppsala,5f9fe38afd517828962fde29
15101,2021-01-19 05:00:00+00:00,0.0,0.0,uppsala,5f9fe38afd517828962fde29
15102,2021-01-19 06:00:00+00:00,0.0,0.0,uppsala,5f9fe38afd517828962fde29
15103,2021-01-19 07:00:00+00:00,0.0,0.0,uppsala,5f9fe38afd517828962fde29
15104,2021-01-19 08:00:00+00:00,5.9,0.17,uppsala,5f9fe38afd517828962fde29
15105,2021-01-19 09:00:00+00:00,53.7,0.73,uppsala,5f9fe38afd517828962fde29
15106,2021-01-19 10:00:00+00:00,5.1,0.78,uppsala,5f9fe38afd517828962fde29
15107,2021-01-19 11:00:00+00:00,15.2,1.06,uppsala,5f9fe38afd517828962fde29
15108,2021-01-19 12:00:00+00:00,3.5,0.12,uppsala,5f9fe38afd517828962fde29
15109,2021-01-19 13:00:00+00:00,7.8,0.01,uppsala,5f9fe38afd517828962fde29
15110,2021-01-19 14:00:00+00:00,0.0,0.0,uppsala,5f9fe38afd517828962fde29
15111,2021-01-19 15:00:00+00:00,0.0,0.0,uppsala,5f9fe38afd517828962fde29
15112,2021-01-19 16:00:00+00:00,0.0,0.0,uppsala,5f9fe38afd517828962fde29
15113,2021-01-19 17:00:00+00:00,0.0,0.0,uppsala,5f9fe38afd517828962fde29
15114,2021-01-19 18:00:00+00:00,0.0,0.0,uppsala,5f9fe38afd517828962fde29
15115,2021-01-19 19:00:00+00:00,0.0,0.0,uppsala,5f9fe38afd517828962fde29
15116,2021-01-19 20:00:00+00:00,0.0,0.0,uppsala,5f9fe38afd517828962fde29
15117,2021-01-19 21:00:00+00:00,0.0,0.0,uppsala,5f9fe38afd517828962fde29
15118,2021-01-19 22:00:00+00:00,0.0,0.0,uppsala,5f9fe38afd517828962fde29
15119,2021-01-19 23:00:00+00:00,0.0,0.0124,uppsala,5f9fe38afd517828962fde29
15120,2021-01-20 00:00:00+00:00,0.0,0.0124,uppsala,5f9fe38afd517828962fde29
15121,2021-01-20 01:00:00+00:00,0.0,0.0124,uppsala,5f9fe38afd517828962fde29
15122,2021-01-20 02:00:00+00:00,0.0,0.0124,uppsala,5f9fe38afd517828962fde29
15123,2021-01-20 03:00:00+00:00,0.0,0.0124,uppsala,5f9fe38afd517828962fde29
15124,2021-01-20 04:00:00+00:00,0.0,0.0124,uppsala,5f9fe38afd517828962fde29
15125,2021-01-20 05:00:00+00:00,0.0,0.0124,uppsala,5f9fe38afd517828962fde29
15126,2021-01-20 06:00:00+00:00,0.0,0.0124,uppsala,5f9fe38afd517828962fde29
15127,2021-01-20 07:00:00+00:00,0.0,0.0124,uppsala,5f9fe38afd517828962fde29
15128,2021-01-20 08:00:00+00:00,0.0,0.0124,uppsala,5f9fe38afd517828962fde29
15129,2021-01-20 09:00:00+00:00,0.0,0.0124,uppsala,5f9fe38afd517828962fde29
15130,2021-01-20 10:00:00+00:00,4.3,0.0124,uppsala,5f9fe38afd517828962fde29
15131,2021-01-20 11:00:00+00:00,4.9,0.0124,uppsala,5f9fe38afd517828962fde29
15132,2021-01-20 12:00:00+00:00,3.3,0.0124,uppsala,5f9fe38afd517828962fde29
15133,2021-01-20 13:00:00+00:00,0.0,0.0124,uppsala,5f9fe38afd517828962fde29
15134,2021-01-20 14:00:00+00:00,0.0,0.0124,uppsala,5f9fe38afd517828962fde29
15135,2021-01-20 15:00:00+00:00,0.0,0.0124,uppsala,5f9fe38afd517828962fde29
15136,2021-01-20 16:00:00+00:00,0.0,0.0124,uppsala,5f9fe38afd517828962fde29
15137,2021-01-20 17:00:00+00:00,0.0,0.0124,uppsala,5f9fe38afd517828962fde29
15138,2021-01-20 18:00:00+00:00,0.0,0.0124,uppsala,5f9fe38afd517828962fde29
15139,2021-01-20 19:00:00+00:00,0.0,0.0124,uppsala,5f9fe38afd517828962fde29
15140,2021-01-20 20:00:00+00:00,0.0,0.0124,uppsala,5f9fe38afd517828962fde29
15141,2021-01-20 21:00:00+00:00,0.0,0.0124,uppsala,5f9fe38afd517828962fde29
15142,2021-01-20 22:00:00+00:00,0.0,0.0124,uppsala,5f9fe38afd517828962fde29
15143,2021-01-20 23:00:00+00:00,0.0,0.0124,uppsala,5f9fe38afd517828962fde29
15144,2021-01-21 00:00:00+00:00,0.0,0.0,uppsala,5f9fe38afd517828962fde29
15145,2021-01-21 01:00:00+00:00,0.0,0.0,uppsala,5f9fe38afd517828962fde29
15146,2021-01-21 02:00:00+00:00,0.0,0.0,uppsala,5f9fe38afd517828962fde29
15147,2021-01-21 03:00:00+00:00,0.0,0.0,uppsala,5f9fe38afd517828962fde29
15148,2021-01-21 04:00:00+00:00,0.0,0.0,uppsala,5f9fe38afd517828962fde29
15149,2021-01-21 05:00:00+00:00,0.0,0.0,uppsala,5f9fe38afd517828962fde29
15150,2021-01-21 06:00:00+00:00,0.0,0.0,uppsala,5f9fe38afd517828962fde29
15151,2021-01-21 07:00:00+00:00,0.0,0.0,uppsala,5f9fe38afd517828962fde29
15152,2021-01-21 08:00:00+00:00,0.0,0.0,uppsala,5f9fe38afd517828962fde29
15153,2021-01-21 09:00:00+00:00,0.0,0.06,uppsala,5f9fe38afd517828962fde29
15154,2021-01-21 10:00:00+00:00,0.0,0.36,uppsala,5f9fe38afd517828962fde29
15155,2021-01-21 11:00:00+00:00,3.7,0.28,uppsala,5f9fe38afd517828962fde29
15156,2021-01-21 12:00:00+00:00,0.0,0.7,uppsala,5f9fe38afd517828962fde29
15157,2021-01-21 13:00:00+00:00,0.0,0.23,uppsala,5f9fe38afd517828962fde29
15158,2021-01-21 14:00:00+00:00,15.1,0.02,uppsala,5f9fe38afd517828962fde29
15159,2021-01-21 15:00:00+00:00,0.0,0.0,uppsala,5f9fe38afd517828962fde29
15160,2021-01-21 16:00:00+00:00,0.0,0.0,uppsala,5f9fe38afd517828962fde29
15161,2021-01-21 17:00:00+00:00,0.0,0.0,uppsala,5f9fe38afd517828962fde29
15162,2021-01-21 18:00:00+00:00,0.0,0.0,uppsala,5f9fe38afd517828962fde29
15163,2021-01-21 19:00:00+00:00,0.0,0.0,uppsala,5f9fe38afd517828962fde29
15164,2021-01-21 20:00:00+00:00,0.0,0.0,uppsala,5f9fe38afd517828962fde29
15165,2021-01-21 21:00:00+00:00,0.0,0.0,uppsala,5f9fe38afd517828962fde29
15166,2021-01-21 22:00:00+00:00,0.0,0.0,uppsala,5f9fe38afd517828962fde29
15167,2021-01-21 23:00:00+00:00,0.0,0.0,uppsala,5f9fe38afd517828962fde29
15168,2021-01-22 00:00:00+00:00,0.0,0.0,uppsala,5f9fe38afd517828962fde29
15169,2021-01-22 01:00:00+00:00,0.0,0.0,uppsala,5f9fe38afd517828962fde29
15170,2021-01-22 02:00:00+00:00,0.0,0.0,uppsala,5f9fe38afd517828962fde29
15171,2021-01-22 03:00:00+00:00,0.0,0.0,uppsala,5f9fe38afd517828962fde29
15172,2021-01-22 04:00:00+00:00,0.0,0.0,uppsala,5f9fe38afd517828962fde29
15173,2021-01-22 05:00:00+00:00,0.0,0.0,uppsala,5f9fe38afd517828962fde29
15174,2021-01-22 06:00:00+00:00,0.0,0.0,uppsala,5f9fe38afd517828962fde29
15175,2021-01-22 07:00:00+00:00,0.0,0.0,uppsala,5f9fe38afd517828962fde29
15176,2021-01-22 08:00:00+00:00,23.6,0.0,uppsala,5f9fe38afd517828962fde29
15177,2021-01-22 09:00:00+00:00,14.2,0.02,uppsala,5f9fe38afd517828962fde29
15178,2021-01-22 10:00:00+00:00,1.5,0.3,uppsala,5f9fe38afd517828962fde29
15179,2021-01-22 11:00:00+00:00,2.7,0.02,uppsala,5f9fe38afd517828962fde29
15180,2021-01-22 12:00:00+00:00,1.0,0.01,uppsala,5f9fe38afd517828962fde29
15181,2021-01-22 13:00:00+00:00,0.0,0.0,uppsala,5f9fe38afd517828962fde29
15182,2021-01-22 14:00:00+00:00,0.0,0.0,uppsala,5f9fe38afd517828962fde29
15183,2021-01-22 15:00:00+00:00,0.0,0.0,uppsala,5f9fe38afd517828962fde29
15184,2021-01-22 16:00:00+00:00,0.0,0.0,uppsala,5f9fe38afd517828962fde29
15185,2021-01-22 17:00:00+00:00,0.0,0.0,uppsala,5f9fe38afd517828962fde29
15186,2021-01-22 18:00:00+00:00,0.0,0.0,uppsala,5f9fe38afd517828962fde29
15187,2021-01-22 19:00:00+00:00,0.0,0.0,uppsala,5f9fe38afd517828962fde29
15188,2021-01-22 20:00:00+00:00,0.0,0.0,uppsala,5f9fe38afd517828962fde29
15189,2021-01-22 21:00:00+00:00,0.0,0.0,uppsala,5f9fe38afd517828962fde29
15190,2021-01-22 22:00:00+00:00,0.0,0.0,uppsala,5f9fe38afd517828962fde29
15191,2021-01-22 23:00:00+00:00,0.0,0.0,uppsala,5f9fe38afd517828962fde29
15192,2021-01-23 00:00:00+00:00,0.0,0.0,uppsala,5f9fe38afd517828962fde29
15193,2021-01-23 01:00:00+00:00,0.0,0.0,uppsala,5f9fe38afd517828962fde29
15194,2021-01-23 02:00:00+00:00,0.0,0.0,uppsala,5f9fe38afd517828962fde29
15195,2021-01-23 03:00:00+00:00,0.0,0.0,uppsala,5f9fe38afd517828962fde29
15196,2021-01-23 04:00:00+00:00,0.0,0.0,uppsala,5f9fe38afd517828962fde29
15197,2021-01-23 05:00:00+00:00,0.0,0.0,uppsala,5f9fe38afd517828962fde29
15198,2021-01-23 06:00:00+00:00,0.0,0.0,uppsala,5f9fe38afd517828962fde29
15199,2021-01-23 07:00:00+00:00,0.0,0.0,uppsala,5f9fe38afd517828962fde29
15200,2021-01-23 08:00:00+00:00,0.0,0.66,uppsala,5f9fe38afd517828962fde29
15201,2021-01-23 09:00:00+00:00,0.0,1.36,uppsala,5f9fe38afd517828962fde29
15202,2021-01-23 10:00:00+00:00,3.4,3.06,uppsala,5f9fe38afd517828962fde29
15203,2021-01-23 11:00:00+00:00,55.2,6.49,uppsala,5f9fe38afd517828962fde29
15204,2021-01-23 12:00:00+00:00,507.3,9.13,uppsala,5f9fe38afd517828962fde29
15205,2021-01-23 13:00:00+00:00,0.2,6.46,uppsala,5f9fe38afd517828962fde29
15206,2021-01-23 14:00:00+00:00,309.4,0.64,uppsala,5f9fe38afd517828962fde29
15207,2021-01-23 15:00:00+00:00,0.0,0.0,uppsala,5f9fe38afd517828962fde29
15208,2021-01-23 16:00:00+00:00,0.0,0.0,uppsala,5f9fe38afd517828962fde29
15209,2021-01-23 17:00:00+00:00,0.0,0.0,uppsala,5f9fe38afd517828962fde29
15210,2021-01-23 18:00:00+00:00,0.0,0.0,uppsala,5f9fe38afd517828962fde29
15211,2021-01-23 19:00:00+00:00,0.0,0.0,uppsala,5f9fe38afd517828962fde29
15212,2021-01-23 20:00:00+00:00,0.0,0.0,uppsala,5f9fe38afd517828962fde29
15213,2021-01-23 21:00:00+00:00,0.0,0.0,uppsala,5f9fe38afd517828962fde29
15214,2021-01-23 22:00:00+00:00,0.0,0.0,uppsala,5f9fe38afd517828962fde29
15215,2021-01-23 23:00:00+00:00,0.0,0.0,uppsala,5f9fe38afd517828962fde29
15216,2021-01-24 00:00:00+00:00,0.0,0.0,uppsala,5f9fe38afd517828962fde29
15217,2021-01-24 01:00:00+00:00,0.0,0.0,uppsala,5f9fe38afd517828962fde29
15218,2021-01-24 02:00:00+00:00,0.0,0.0,uppsala,5f9fe38afd517828962fde29
15219,2021-01-24 03:00:00+00:00,0.0,0.0,uppsala,5f9fe38afd517828962fde29
15220,2021-01-24 04:00:00+00:00,0.0,0.0,uppsala,5f9fe38afd517828962fde29
15221,2021-01-24 05:00:00+00:00,0.0,0.0,uppsala,5f9fe38afd517828962fde29
15222,2021-01-24 06:00:00+00:00,0.0,0.0,uppsala,5f9fe38afd517828962fde29
15223,2021-01-24 07:00:00+00:00,0.0,0.35,uppsala,5f9fe38afd517828962fde29
15224,2021-01-24 08:00:00+00:00,302.2,3.76,uppsala,5f9fe38afd517828962fde29
15225,2021-01-24 09:00:00+00:00,546.8,6.57,uppsala,5f9fe38afd517828962fde29
15226,2021-01-24 10:00:00+00:00,652.1,6.3,uppsala,5f9fe38afd517828962fde29
15227,2021-01-24 11:00:00+00:00,26.2,7.45,uppsala,5f9fe38afd517828962fde29
15228,2021-01-24 12:00:00+00:00,665.9,4.82,uppsala,5f9fe38afd517828962fde29
15229,2021-01-24 13:00:00+00:00,0.7000000000000001,1.19,uppsala,5f9fe38afd517828962fde29
15230,2021-01-24 14:00:00+00:00,0.0,0.03,uppsala,5f9fe38afd517828962fde29
15231,2021-01-24 15:00:00+00:00,0.0,0.0,uppsala,5f9fe38afd517828962fde29
15232,2021-01-24 16:00:00+00:00,0.0,0.0,uppsala,5f9fe38afd517828962fde29
15233,2021-01-24 17:00:00+00:00,0.0,0.0,uppsala,5f9fe38afd517828962fde29
15234,2021-01-24 18:00:00+00:00,0.0,0.0,uppsala,5f9fe38afd517828962fde29
15235,2021-01-24 19:00:00+00:00,0.0,0.0,uppsala,5f9fe38afd517828962fde29
15236,2021-01-24 20:00:00+00:00,0.0,0.0,uppsala,5f9fe38afd517828962fde29
15237,2021-01-24 21:00:00+00:00,0.0,0.0,uppsala,5f9fe38afd517828962fde29
15238,2021-01-24 22:00:00+00:00,0.0,0.0,uppsala,5f9fe38afd517828962fde29
15239,2021-01-24 23:00:00+00:00,0.0,0.0,uppsala,5f9fe38afd517828962fde29
15240,2021-01-25 00:00:00+00:00,0.0,0.0,uppsala,5f9fe38afd517828962fde29
15241,2021-01-25 01:00:00+00:00,0.0,0.0,uppsala,5f9fe38afd517828962fde29
15242,2021-01-25 02:00:00+00:00,0.0,0.0,uppsala,5f9fe38afd517828962fde29
15243,2021-01-25 03:00:00+00:00,0.0,0.0,uppsala,5f9fe38afd517828962fde29
15244,2021-01-25 04:00:00+00:00,0.0,0.0,uppsala,5f9fe38afd517828962fde29
15245,2021-01-25 05:00:00+00:00,0.0,0.0,uppsala,5f9fe38afd517828962fde29
15246,2021-01-25 06:00:00+00:00,0.0,0.0,uppsala,5f9fe38afd517828962fde29
15247,2021-01-25 07:00:00+00:00,0.0,0.0,uppsala,5f9fe38afd517828962fde29
15248,2021-01-25 08:00:00+00:00,0.0,0.0,uppsala,5f9fe38afd517828962fde29
15249,2021-01-25 09:00:00+00:00,0.0,0.12,uppsala,5f9fe38afd517828962fde29
15250,2021-01-25 10:00:00+00:00,2.1,0.37,uppsala,5f9fe38afd517828962fde29
15251,2021-01-25 11:00:00+00:00,3.9,0.54,uppsala,5f9fe38afd517828962fde29
15252,2021-01-25 12:00:00+00:00,3.3,0.4,uppsala,5f9fe38afd517828962fde29
15253,2021-01-25 13:00:00+00:00,0.0,0.16,uppsala,5f9fe38afd517828962fde29
15254,2021-01-25 14:00:00+00:00,0.0,0.0,uppsala,5f9fe38afd517828962fde29
15255,2021-01-25 15:00:00+00:00,0.0,0.0,uppsala,5f9fe38afd517828962fde29
15256,2021-01-25 16:00:00+00:00,0.0,0.0,uppsala,5f9fe38afd517828962fde29
15257,2021-01-25 17:00:00+00:00,0.0,0.0,uppsala,5f9fe38afd517828962fde29
15258,2021-01-25 18:00:00+00:00,0.0,0.0,uppsala,5f9fe38afd517828962fde29
15259,2021-01-25 19:00:00+00:00,0.0,0.0,uppsala,5f9fe38afd517828962fde29
15260,2021-01-25 20:00:00+00:00,0.0,0.0,uppsala,5f9fe38afd517828962fde29
15261,2021-01-25 21:00:00+00:00,0.0,0.0,uppsala,5f9fe38afd517828962fde29
15262,2021-01-25 22:00:00+00:00,0.0,0.0,uppsala,5f9fe38afd517828962fde29
15263,2021-01-25 23:00:00+00:00,0.0,0.0,uppsala,5f9fe38afd517828962fde29
15264,2021-01-26 00:00:00+00:00,0.0,0.0,uppsala,5f9fe38afd517828962fde29
15265,2021-01-26 01:00:00+00:00,0.0,0.0,uppsala,5f9fe38afd517828962fde29
15266,2021-01-26 02:00:00+00:00,0.0,0.0,uppsala,5f9fe38afd517828962fde29
15267,2021-01-26 03:00:00+00:00,0.0,0.0,uppsala,5f9fe38afd517828962fde29
15268,2021-01-26 04:00:00+00:00,0.0,0.0,uppsala,5f9fe38afd517828962fde29
15269,2021-01-26 05:00:00+00:00,0.0,0.0,uppsala,5f9fe38afd517828962fde29
15270,2021-01-26 06:00:00+00:00,0.0,0.0,uppsala,5f9fe38afd517828962fde29
15271,2021-01-26 07:00:00+00:00,0.0,0.0,uppsala,5f9fe38afd517828962fde29
15272,2021-01-26 08:00:00+00:00,0.0,0.11,uppsala,5f9fe38afd517828962fde29
15273,2021-01-26 09:00:00+00:00,20.9,0.61,uppsala,5f9fe38afd517828962fde29
15274,2021-01-26 10:00:00+00:00,47.5,0.73,uppsala,5f9fe38afd517828962fde29
15275,2021-01-26 11:00:00+00:00,73.5,0.77,uppsala,5f9fe38afd517828962fde29
15276,2021-01-26 12:00:00+00:00,39.4,0.54,uppsala,5f9fe38afd517828962fde29
15277,2021-01-26 13:00:00+00:00,2.2,0.21,uppsala,5f9fe38afd517828962fde29
15278,2021-01-26 14:00:00+00:00,0.0,0.0,uppsala,5f9fe38afd517828962fde29
15279,2021-01-26 15:00:00+00:00,0.0,0.0,uppsala,5f9fe38afd517828962fde29
15280,2021-01-26 16:00:00+00:00,0.0,0.0,uppsala,5f9fe38afd517828962fde29
15281,2021-01-26 17:00:00+00:00,0.0,0.0,uppsala,5f9fe38afd517828962fde29
15282,2021-01-26 18:00:00+00:00,0.0,0.0,uppsala,5f9fe38afd517828962fde29
15283,2021-01-26 19:00:00+00:00,0.0,0.0,uppsala,5f9fe38afd517828962fde29
15284,2021-01-26 20:00:00+00:00,0.0,0.0,uppsala,5f9fe38afd517828962fde29
15285,2021-01-26 21:00:00+00:00,0.0,0.0,uppsala,5f9fe38afd517828962fde29
15286,2021-01-26 22:00:00+00:00,0.0,0.0,uppsala,5f9fe38afd517828962fde29
15287,2021-01-26 23:00:00+00:00,0.0,0.0,uppsala,5f9fe38afd517828962fde29
15288,2021-01-27 00:00:00+00:00,0.0,0.0,uppsala,5f9fe38afd517828962fde29
15289,2021-01-27 01:00:00+00:00,0.0,0.0,uppsala,5f9fe38afd517828962fde29
15290,2021-01-27 02:00:00+00:00,0.0,0.0,uppsala,5f9fe38afd517828962fde29
15291,2021-01-27 03:00:00+00:00,0.0,0.0,uppsala,5f9fe38afd517828962fde29
15292,2021-01-27 04:00:00+00:00,0.0,0.0,uppsala,5f9fe38afd517828962fde29
15293,2021-01-27 05:00:00+00:00,0.0,0.0,uppsala,5f9fe38afd517828962fde29
15294,2021-01-27 06:00:00+00:00,0.0,0.0,uppsala,5f9fe38afd517828962fde29
15295,2021-01-27 07:00:00+00:00,0.0,0.0,uppsala,5f9fe38afd517828962fde29
15296,2021-01-27 08:00:00+00:00,11.7,0.13,uppsala,5f9fe38afd517828962fde29
15297,2021-01-27 09:00:00+00:00,20.2,0.63,uppsala,5f9fe38afd517828962fde29
15298,2021-01-27 10:00:00+00:00,33.9,0.93,uppsala,5f9fe38afd517828962fde29
15299,2021-01-27 11:00:00+00:00,23.5,0.92,uppsala,5f9fe38afd517828962fde29
15300,2021-01-27 12:00:00+00:00,7.8,0.69,uppsala,5f9fe38afd517828962fde29
15301,2021-01-27 13:00:00+00:00,68.8,5.12,uppsala,5f9fe38afd517828962fde29
15302,2021-01-27 14:00:00+00:00,413.4,2.22,uppsala,5f9fe38afd517828962fde29
15303,2021-01-27 15:00:00+00:00,0.0,0.0,uppsala,5f9fe38afd517828962fde29
15304,2021-01-27 16:00:00+00:00,0.0,0.0,uppsala,5f9fe38afd517828962fde29
15305,2021-01-27 17:00:00+00:00,0.0,0.0,uppsala,5f9fe38afd517828962fde29
15306,2021-01-27 18:00:00+00:00,0.0,0.0,uppsala,5f9fe38afd517828962fde29
15307,2021-01-27 19:00:00+00:00,0.0,0.0,uppsala,5f9fe38afd517828962fde29
15308,2021-01-27 20:00:00+00:00,0.0,0.0,uppsala,5f9fe38afd517828962fde29
15309,2021-01-27 21:00:00+00:00,0.0,0.0,uppsala,5f9fe38afd517828962fde29
15310,2021-01-27 22:00:00+00:00,0.0,0.0,uppsala,5f9fe38afd517828962fde29
15311,2021-01-27 23:00:00+00:00,0.0,0.0,uppsala,5f9fe38afd517828962fde29
15312,2021-01-28 00:00:00+00:00,0.0,0.0,uppsala,5f9fe38afd517828962fde29
15313,2021-01-28 01:00:00+00:00,0.0,0.0,uppsala,5f9fe38afd517828962fde29
15314,2021-01-28 02:00:00+00:00,0.0,0.0,uppsala,5f9fe38afd517828962fde29
15315,2021-01-28 03:00:00+00:00,0.0,0.0,uppsala,5f9fe38afd517828962fde29
15316,2021-01-28 04:00:00+00:00,0.0,0.0,uppsala,5f9fe38afd517828962fde29
15317,2021-01-28 05:00:00+00:00,0.0,0.0,uppsala,5f9fe38afd517828962fde29
15318,2021-01-28 06:00:00+00:00,0.0,0.0,uppsala,5f9fe38afd517828962fde29
15319,2021-01-28 07:00:00+00:00,0.0,0.0,uppsala,5f9fe38afd517828962fde29
15320,2021-01-28 08:00:00+00:00,0.0,0.25,uppsala,5f9fe38afd517828962fde29
15321,2021-01-28 09:00:00+00:00,1.2,0.78,uppsala,5f9fe38afd517828962fde29
15322,2021-01-28 10:00:00+00:00,5.5,1.03,uppsala,5f9fe38afd517828962fde29
15323,2021-01-28 11:00:00+00:00,24.3,0.77,uppsala,5f9fe38afd517828962fde29
15324,2021-01-28 12:00:00+00:00,15.6,0.52,uppsala,5f9fe38afd517828962fde29
15325,2021-01-28 13:00:00+00:00,4.3,0.24,uppsala,5f9fe38afd517828962fde29
15326,2021-01-28 14:00:00+00:00,0.0,0.0,uppsala,5f9fe38afd517828962fde29
15327,2021-01-28 15:00:00+00:00,0.0,0.0,uppsala,5f9fe38afd517828962fde29
15328,2021-01-28 16:00:00+00:00,0.0,0.0,uppsala,5f9fe38afd517828962fde29
15329,2021-01-28 17:00:00+00:00,0.0,0.0,uppsala,5f9fe38afd517828962fde29
15330,2021-01-28 18:00:00+00:00,0.0,0.0,uppsala,5f9fe38afd517828962fde29
15331,2021-01-28 19:00:00+00:00,0.0,0.0,uppsala,5f9fe38afd517828962fde29
15332,2021-01-28 20:00:00+00:00,0.0,0.0,uppsala,5f9fe38afd517828962fde29
15333,2021-01-28 21:00:00+00:00,0.0,0.0,uppsala,5f9fe38afd517828962fde29
15334,2021-01-28 22:00:00+00:00,0.0,0.0,uppsala,5f9fe38afd517828962fde29
15335,2021-01-28 23:00:00+00:00,0.0,0.0,uppsala,5f9fe38afd517828962fde29
15336,2021-01-29 00:00:00+00:00,0.0,0.0,uppsala,5f9fe38afd517828962fde29
15337,2021-01-29 01:00:00+00:00,0.0,0.0,uppsala,5f9fe38afd517828962fde29
15338,2021-01-29 02:00:00+00:00,0.0,0.0,uppsala,5f9fe38afd517828962fde29
15339,2021-01-29 03:00:00+00:00,0.0,0.0,uppsala,5f9fe38afd517828962fde29
15340,2021-01-29 04:00:00+00:00,0.0,0.0,uppsala,5f9fe38afd517828962fde29
15341,2021-01-29 05:00:00+00:00,0.0,0.0,uppsala,5f9fe38afd517828962fde29
15342,2021-01-29 06:00:00+00:00,0.0,0.0,uppsala,5f9fe38afd517828962fde29
15343,2021-01-29 07:00:00+00:00,0.0,0.08,uppsala,5f9fe38afd517828962fde29
15344,2021-01-29 08:00:00+00:00,0.0,1.64,uppsala,5f9fe38afd517828962fde29
15345,2021-01-29 09:00:00+00:00,2.5,2.19,uppsala,5f9fe38afd517828962fde29
15346,2021-01-29 10:00:00+00:00,445.7,3.25,uppsala,5f9fe38afd517828962fde29
15347,2021-01-29 11:00:00+00:00,202.0,2.34,uppsala,5f9fe38afd517828962fde29
15348,2021-01-29 12:00:00+00:00,93.8,2.15,uppsala,5f9fe38afd517828962fde29
15349,2021-01-29 13:00:00+00:00,28.4,0.89,uppsala,5f9fe38afd517828962fde29
15350,2021-01-29 14:00:00+00:00,4.3,0.08,uppsala,5f9fe38afd517828962fde29
15351,2021-01-29 15:00:00+00:00,0.0,0.0,uppsala,5f9fe38afd517828962fde29
15352,2021-01-29 16:00:00+00:00,0.0,0.0,uppsala,5f9fe38afd517828962fde29
15353,2021-01-29 17:00:00+00:00,0.0,0.0,uppsala,5f9fe38afd517828962fde29
15354,2021-01-29 18:00:00+00:00,0.0,0.0,uppsala,5f9fe38afd517828962fde29
15355,2021-01-29 19:00:00+00:00,0.0,0.0,uppsala,5f9fe38afd517828962fde29
15356,2021-01-29 20:00:00+00:00,0.0,0.0,uppsala,5f9fe38afd517828962fde29
15357,2021-01-29 21:00:00+00:00,0.0,0.0,uppsala,5f9fe38afd517828962fde29
15358,2021-01-29 22:00:00+00:00,0.0,0.0,uppsala,5f9fe38afd517828962fde29
15359,2021-01-29 23:00:00+00:00,0.0,0.0,uppsala,5f9fe38afd517828962fde29
15360,2021-01-30 00:00:00+00:00,0.0,0.0,uppsala,5f9fe38afd517828962fde29
15361,2021-01-30 01:00:00+00:00,0.0,0.0,uppsala,5f9fe38afd517828962fde29
15362,2021-01-30 02:00:00+00:00,0.0,0.0,uppsala,5f9fe38afd517828962fde29
15363,2021-01-30 03:00:00+00:00,0.0,0.0,uppsala,5f9fe38afd517828962fde29
15364,2021-01-30 04:00:00+00:00,0.0,0.0,uppsala,5f9fe38afd517828962fde29
15365,2021-01-30 05:00:00+00:00,0.0,0.0,uppsala,5f9fe38afd517828962fde29
15366,2021-01-30 06:00:00+00:00,0.0,0.0,uppsala,5f9fe38afd517828962fde29
15367,2021-01-30 07:00:00+00:00,0.0,0.12,uppsala,5f9fe38afd517828962fde29
15368,2021-01-30 08:00:00+00:00,383.1,1.21,uppsala,5f9fe38afd517828962fde29
15369,2021-01-30 09:00:00+00:00,622.7,3.96,uppsala,5f9fe38afd517828962fde29
15370,2021-01-30 10:00:00+00:00,699.5,5.45,uppsala,5f9fe38afd517828962fde29
15371,2021-01-30 11:00:00+00:00,709.8,6.69,uppsala,5f9fe38afd517828962fde29
15372,2021-01-30 12:00:00+00:00,713.8,7.48,uppsala,5f9fe38afd517828962fde29
15373,2021-01-30 13:00:00+00:00,640.8,4.78,uppsala,5f9fe38afd517828962fde29
15374,2021-01-30 14:00:00+00:00,437.2,1.98,uppsala,5f9fe38afd517828962fde29
15375,2021-01-30 15:00:00+00:00,0.0,0.0,uppsala,5f9fe38afd517828962fde29
15376,2021-01-30 16:00:00+00:00,0.0,0.0,uppsala,5f9fe38afd517828962fde29
15377,2021-01-30 17:00:00+00:00,0.0,0.0,uppsala,5f9fe38afd517828962fde29
15378,2021-01-30 18:00:00+00:00,0.0,0.0,uppsala,5f9fe38afd517828962fde29
15379,2021-01-30 19:00:00+00:00,0.0,0.0,uppsala,5f9fe38afd517828962fde29
15380,2021-01-30 20:00:00+00:00,0.0,0.0,uppsala,5f9fe38afd517828962fde29
15381,2021-01-30 21:00:00+00:00,0.0,0.0,uppsala,5f9fe38afd517828962fde29
15382,2021-01-30 22:00:00+00:00,0.0,0.0,uppsala,5f9fe38afd517828962fde29
15383,2021-01-30 23:00:00+00:00,0.0,0.0,uppsala,5f9fe38afd517828962fde29
15384,2021-01-31 00:00:00+00:00,0.0,0.0,uppsala,5f9fe38afd517828962fde29
15385,2021-01-31 01:00:00+00:00,0.0,0.0,uppsala,5f9fe38afd517828962fde29
15386,2021-01-31 02:00:00+00:00,0.0,0.0,uppsala,5f9fe38afd517828962fde29
15387,2021-01-31 03:00:00+00:00,0.0,0.0,uppsala,5f9fe38afd517828962fde29
15388,2021-01-31 04:00:00+00:00,0.0,0.0,uppsala,5f9fe38afd517828962fde29
15389,2021-01-31 05:00:00+00:00,0.0,0.0,uppsala,5f9fe38afd517828962fde29
15390,2021-01-31 06:00:00+00:00,0.0,0.0,uppsala,5f9fe38afd517828962fde29
15391,2021-01-31 07:00:00+00:00,0.0,2.92,uppsala,5f9fe38afd517828962fde29
15392,2021-01-31 08:00:00+00:00,385.2,7.36,uppsala,5f9fe38afd517828962fde29
15393,2021-01-31 09:00:00+00:00,569.6,8.37,uppsala,5f9fe38afd517828962fde29
15394,2021-01-31 10:00:00+00:00,672.7,8.96,uppsala,5f9fe38afd517828962fde29
15395,2021-01-31 11:00:00+00:00,701.3,10.46,uppsala,5f9fe38afd517828962fde29
15396,2021-01-31 12:00:00+00:00,678.1,10.95,uppsala,5f9fe38afd517828962fde29
15397,2021-01-31 13:00:00+00:00,597.7,9.31,uppsala,5f9fe38afd517828962fde29
15398,2021-01-31 14:00:00+00:00,412.4,3.69,uppsala,5f9fe38afd517828962fde29
15399,2021-01-31 15:00:00+00:00,0.0,0.0,uppsala,5f9fe38afd517828962fde29
15400,2021-01-31 16:00:00+00:00,0.0,0.0,uppsala,5f9fe38afd517828962fde29
15401,2021-01-31 17:00:00+00:00,0.0,0.0,uppsala,5f9fe38afd517828962fde29
15402,2021-01-31 18:00:00+00:00,0.0,0.0,uppsala,5f9fe38afd517828962fde29
15403,2021-01-31 19:00:00+00:00,0.0,0.0,uppsala,5f9fe38afd517828962fde29
15404,2021-01-31 20:00:00+00:00,0.0,0.0,uppsala,5f9fe38afd517828962fde29
15405,2021-01-31 21:00:00+00:00,0.0,0.0,uppsala,5f9fe38afd517828962fde29
15406,2021-01-31 22:00:00+00:00,0.0,0.0,uppsala,5f9fe38afd517828962fde29
15407,2021-01-31 23:00:00+00:00,0.0,0.0,uppsala,5f9fe38afd517828962fde29
15408,2021-02-01 00:00:00+00:00,0.0,0.0,uppsala,5f9fe38afd517828962fde29
15409,2021-02-01 01:00:00+00:00,0.0,0.0,uppsala,5f9fe38afd517828962fde29
15410,2021-02-01 02:00:00+00:00,0.0,0.0,uppsala,5f9fe38afd517828962fde29
15411,2021-02-01 03:00:00+00:00,0.0,0.0,uppsala,5f9fe38afd517828962fde29
15412,2021-02-01 04:00:00+00:00,0.0,0.0,uppsala,5f9fe38afd517828962fde29
15413,2021-02-01 05:00:00+00:00,0.0,0.0,uppsala,5f9fe38afd517828962fde29
15414,2021-02-01 06:00:00+00:00,0.0,0.0,uppsala,5f9fe38afd517828962fde29
15415,2021-02-01 07:00:00+00:00,0.0,3.16,uppsala,5f9fe38afd517828962fde29
15416,2021-02-01 08:00:00+00:00,473.2,7.56,uppsala,5f9fe38afd517828962fde29
15417,2021-02-01 09:00:00+00:00,670.1,8.45,uppsala,5f9fe38afd517828962fde29
15418,2021-02-01 10:00:00+00:00,753.2,9.0,uppsala,5f9fe38afd517828962fde29
15419,2021-02-01 11:00:00+00:00,774.0,9.94,uppsala,5f9fe38afd517828962fde29
15420,2021-02-01 12:00:00+00:00,750.3,8.79,uppsala,5f9fe38afd517828962fde29
15421,2021-02-01 13:00:00+00:00,653.5,4.36,uppsala,5f9fe38afd517828962fde29
15422,2021-02-01 14:00:00+00:00,386.9,0.52,uppsala,5f9fe38afd517828962fde29
15423,2021-02-01 15:00:00+00:00,0.7000000000000001,0.0,uppsala,5f9fe38afd517828962fde29
15424,2021-02-01 16:00:00+00:00,0.0,0.0,uppsala,5f9fe38afd517828962fde29
15425,2021-02-01 17:00:00+00:00,0.0,0.0,uppsala,5f9fe38afd517828962fde29
15426,2021-02-01 18:00:00+00:00,0.0,0.0,uppsala,5f9fe38afd517828962fde29
15427,2021-02-01 19:00:00+00:00,0.0,0.0,uppsala,5f9fe38afd517828962fde29
15428,2021-02-01 20:00:00+00:00,0.0,0.0,uppsala,5f9fe38afd517828962fde29
15429,2021-02-01 21:00:00+00:00,0.0,0.0,uppsala,5f9fe38afd517828962fde29
15430,2021-02-01 22:00:00+00:00,0.0,0.0,uppsala,5f9fe38afd517828962fde29
15431,2021-02-01 23:00:00+00:00,0.0,0.0,uppsala,5f9fe38afd517828962fde29
15432,2021-02-02 00:00:00+00:00,0.0,0.0,uppsala,5f9fe38afd517828962fde29
15433,2021-02-02 01:00:00+00:00,0.0,0.0,uppsala,5f9fe38afd517828962fde29
15434,2021-02-02 02:00:00+00:00,0.0,0.0,uppsala,5f9fe38afd517828962fde29
15435,2021-02-02 03:00:00+00:00,0.0,0.0,uppsala,5f9fe38afd517828962fde29
15436,2021-02-02 04:00:00+00:00,0.0,0.0,uppsala,5f9fe38afd517828962fde29
15437,2021-02-02 05:00:00+00:00,0.0,0.0,uppsala,5f9fe38afd517828962fde29
15438,2021-02-02 06:00:00+00:00,0.0,0.0,uppsala,5f9fe38afd517828962fde29
15439,2021-02-02 07:00:00+00:00,0.0,0.02,uppsala,5f9fe38afd517828962fde29
15440,2021-02-02 08:00:00+00:00,0.0,0.24,uppsala,5f9fe38afd517828962fde29
15441,2021-02-02 09:00:00+00:00,2.6,0.82,uppsala,5f9fe38afd517828962fde29
15442,2021-02-02 10:00:00+00:00,6.2,1.22,uppsala,5f9fe38afd517828962fde29
15443,2021-02-02 11:00:00+00:00,12.1,1.11,uppsala,5f9fe38afd517828962fde29
15444,2021-02-02 12:00:00+00:00,7.1,1.28,uppsala,5f9fe38afd517828962fde29
15445,2021-02-02 13:00:00+00:00,3.6,0.55,uppsala,5f9fe38afd517828962fde29
15446,2021-02-02 14:00:00+00:00,0.0,0.0,uppsala,5f9fe38afd517828962fde29
15447,2021-02-02 15:00:00+00:00,0.0,0.0,uppsala,5f9fe38afd517828962fde29
15448,2021-02-02 16:00:00+00:00,0.0,0.0,uppsala,5f9fe38afd517828962fde29
15449,2021-02-02 17:00:00+00:00,0.0,0.0,uppsala,5f9fe38afd517828962fde29
15450,2021-02-02 18:00:00+00:00,0.0,0.0,uppsala,5f9fe38afd517828962fde29
15451,2021-02-02 19:00:00+00:00,0.0,0.0,uppsala,5f9fe38afd517828962fde29
15452,2021-02-02 20:00:00+00:00,0.0,0.0,uppsala,5f9fe38afd517828962fde29
15453,2021-02-02 21:00:00+00:00,0.0,0.0,uppsala,5f9fe38afd517828962fde29
15454,2021-02-02 22:00:00+00:00,0.0,0.0,uppsala,5f9fe38afd517828962fde29
15455,2021-02-02 23:00:00+00:00,0.0,0.0,uppsala,5f9fe38afd517828962fde29
15456,2021-02-03 00:00:00+00:00,0.0,0.0,uppsala,5f9fe38afd517828962fde29
15457,2021-02-03 01:00:00+00:00,0.0,0.0,uppsala,5f9fe38afd517828962fde29
15458,2021-02-03 02:00:00+00:00,0.0,0.0,uppsala,5f9fe38afd517828962fde29
15459,2021-02-03 03:00:00+00:00,0.0,0.0,uppsala,5f9fe38afd517828962fde29
15460,2021-02-03 04:00:00+00:00,0.0,0.0,uppsala,5f9fe38afd517828962fde29
15461,2021-02-03 05:00:00+00:00,0.0,0.0,uppsala,5f9fe38afd517828962fde29
15462,2021-02-03 06:00:00+00:00,0.0,0.0,uppsala,5f9fe38afd517828962fde29
15463,2021-02-03 07:00:00+00:00,0.0,0.4,uppsala,5f9fe38afd517828962fde29
15464,2021-02-03 08:00:00+00:00,249.0,2.15,uppsala,5f9fe38afd517828962fde29
15465,2021-02-03 09:00:00+00:00,96.1,4.77,uppsala,5f9fe38afd517828962fde29
15466,2021-02-03 10:00:00+00:00,25.8,4.43,uppsala,5f9fe38afd517828962fde29
15467,2021-02-03 11:00:00+00:00,36.5,8.32,uppsala,5f9fe38afd517828962fde29
15468,2021-02-03 12:00:00+00:00,44.4,7.02,uppsala,5f9fe38afd517828962fde29
15469,2021-02-03 13:00:00+00:00,6.0,3.79,uppsala,5f9fe38afd517828962fde29
15470,2021-02-03 14:00:00+00:00,170.5,0.72,uppsala,5f9fe38afd517828962fde29
15471,2021-02-03 15:00:00+00:00,0.30000000000000004,0.0,uppsala,5f9fe38afd517828962fde29
15472,2021-02-03 16:00:00+00:00,0.0,0.0,uppsala,5f9fe38afd517828962fde29
15473,2021-02-03 17:00:00+00:00,0.0,0.0,uppsala,5f9fe38afd517828962fde29
15474,2021-02-03 18:00:00+00:00,0.0,0.0,uppsala,5f9fe38afd517828962fde29
15475,2021-02-03 19:00:00+00:00,0.0,0.0,uppsala,5f9fe38afd517828962fde29
15476,2021-02-03 20:00:00+00:00,0.0,0.0,uppsala,5f9fe38afd517828962fde29
15477,2021-02-03 21:00:00+00:00,0.0,0.0,uppsala,5f9fe38afd517828962fde29
15478,2021-02-03 22:00:00+00:00,0.0,0.0,uppsala,5f9fe38afd517828962fde29
15479,2021-02-03 23:00:00+00:00,0.0,0.0,uppsala,5f9fe38afd517828962fde29
15480,2021-02-04 00:00:00+00:00,0.0,0.0,uppsala,5f9fe38afd517828962fde29
15481,2021-02-04 01:00:00+00:00,0.0,0.0,uppsala,5f9fe38afd517828962fde29
15482,2021-02-04 02:00:00+00:00,0.0,0.0,uppsala,5f9fe38afd517828962fde29
15483,2021-02-04 03:00:00+00:00,0.0,0.0,uppsala,5f9fe38afd517828962fde29
15484,2021-02-04 04:00:00+00:00,0.0,0.0,uppsala,5f9fe38afd517828962fde29
15485,2021-02-04 05:00:00+00:00,0.0,0.0,uppsala,5f9fe38afd517828962fde29
15486,2021-02-04 06:00:00+00:00,0.0,0.0,uppsala,5f9fe38afd517828962fde29
15487,2021-02-04 07:00:00+00:00,0.0,0.04,uppsala,5f9fe38afd517828962fde29
15488,2021-02-04 08:00:00+00:00,0.5,0.97,uppsala,5f9fe38afd517828962fde29
15489,2021-02-04 09:00:00+00:00,541.8,2.02,uppsala,5f9fe38afd517828962fde29
15490,2021-02-04 10:00:00+00:00,21.1,7.84,uppsala,5f9fe38afd517828962fde29
15491,2021-02-04 11:00:00+00:00,594.5,8.19,uppsala,5f9fe38afd517828962fde29
15492,2021-02-04 12:00:00+00:00,122.1,9.79,uppsala,5f9fe38afd517828962fde29
15493,2021-02-04 13:00:00+00:00,102.0,1.25,uppsala,5f9fe38afd517828962fde29
15494,2021-02-04 14:00:00+00:00,216.3,0.19,uppsala,5f9fe38afd517828962fde29
15495,2021-02-04 15:00:00+00:00,30.9,0.0,uppsala,5f9fe38afd517828962fde29
15496,2021-02-04 16:00:00+00:00,0.0,0.0,uppsala,5f9fe38afd517828962fde29
15497,2021-02-04 17:00:00+00:00,0.0,0.0,uppsala,5f9fe38afd517828962fde29
15498,2021-02-04 18:00:00+00:00,0.0,0.0,uppsala,5f9fe38afd517828962fde29
15499,2021-02-04 19:00:00+00:00,0.0,0.0,uppsala,5f9fe38afd517828962fde29
15500,2021-02-04 20:00:00+00:00,0.0,0.0,uppsala,5f9fe38afd517828962fde29
15501,2021-02-04 21:00:00+00:00,0.0,0.0,uppsala,5f9fe38afd517828962fde29
15502,2021-02-04 22:00:00+00:00,0.0,0.0,uppsala,5f9fe38afd517828962fde29
15503,2021-02-04 23:00:00+00:00,0.0,0.0,uppsala,5f9fe38afd517828962fde29
15504,2021-02-05 00:00:00+00:00,0.0,0.0,uppsala,5f9fe38afd517828962fde29
15505,2021-02-05 01:00:00+00:00,0.0,0.0,uppsala,5f9fe38afd517828962fde29
15506,2021-02-05 02:00:00+00:00,0.0,0.0,uppsala,5f9fe38afd517828962fde29
15507,2021-02-05 03:00:00+00:00,0.0,0.0,uppsala,5f9fe38afd517828962fde29
15508,2021-02-05 04:00:00+00:00,0.0,0.0,uppsala,5f9fe38afd517828962fde29
15509,2021-02-05 05:00:00+00:00,0.0,0.0,uppsala,5f9fe38afd517828962fde29
15510,2021-02-05 06:00:00+00:00,0.0,0.0,uppsala,5f9fe38afd517828962fde29
15511,2021-02-05 07:00:00+00:00,0.0,2.51,uppsala,5f9fe38afd517828962fde29
15512,2021-02-05 08:00:00+00:00,198.7,4.94,uppsala,5f9fe38afd517828962fde29
15513,2021-02-05 09:00:00+00:00,285.8,6.46,uppsala,5f9fe38afd517828962fde29
15514,2021-02-05 10:00:00+00:00,9.9,7.66,uppsala,5f9fe38afd517828962fde29
15515,2021-02-05 11:00:00+00:00,12.0,6.1,uppsala,5f9fe38afd517828962fde29
15516,2021-02-05 12:00:00+00:00,14.1,6.6,uppsala,5f9fe38afd517828962fde29
15517,2021-02-05 13:00:00+00:00,637.3,7.46,uppsala,5f9fe38afd517828962fde29
15518,2021-02-05 14:00:00+00:00,467.0,3.66,uppsala,5f9fe38afd517828962fde29
15519,2021-02-05 15:00:00+00:00,22.7,0.02,uppsala,5f9fe38afd517828962fde29
15520,2021-02-05 16:00:00+00:00,0.0,0.0,uppsala,5f9fe38afd517828962fde29
15521,2021-02-05 17:00:00+00:00,0.0,0.0,uppsala,5f9fe38afd517828962fde29
15522,2021-02-05 18:00:00+00:00,0.0,0.0,uppsala,5f9fe38afd517828962fde29
15523,2021-02-05 19:00:00+00:00,0.0,0.0,uppsala,5f9fe38afd517828962fde29
15524,2021-02-05 20:00:00+00:00,0.0,0.0,uppsala,5f9fe38afd517828962fde29
15525,2021-02-05 21:00:00+00:00,0.0,0.0,uppsala,5f9fe38afd517828962fde29
15526,2021-02-05 22:00:00+00:00,0.0,0.0,uppsala,5f9fe38afd517828962fde29
15527,2021-02-05 23:00:00+00:00,0.0,0.0,uppsala,5f9fe38afd517828962fde29
15528,2021-02-06 00:00:00+00:00,0.0,0.0,uppsala,5f9fe38afd517828962fde29
15529,2021-02-06 01:00:00+00:00,0.0,0.0,uppsala,5f9fe38afd517828962fde29
15530,2021-02-06 02:00:00+00:00,0.0,0.0,uppsala,5f9fe38afd517828962fde29
15531,2021-02-06 03:00:00+00:00,0.0,0.0,uppsala,5f9fe38afd517828962fde29
15532,2021-02-06 04:00:00+00:00,0.0,0.0,uppsala,5f9fe38afd517828962fde29
15533,2021-02-06 05:00:00+00:00,0.0,0.0,uppsala,5f9fe38afd517828962fde29
15534,2021-02-06 06:00:00+00:00,0.0,0.0,uppsala,5f9fe38afd517828962fde29
15535,2021-02-06 07:00:00+00:00,4.8,2.65,uppsala,5f9fe38afd517828962fde29
15536,2021-02-06 08:00:00+00:00,440.9,7.56,uppsala,5f9fe38afd517828962fde29
15537,2021-02-06 09:00:00+00:00,630.4,3.21,uppsala,5f9fe38afd517828962fde29
15538,2021-02-06 10:00:00+00:00,737.3,8.56,uppsala,5f9fe38afd517828962fde29
15539,2021-02-06 11:00:00+00:00,755.4,11.09,uppsala,5f9fe38afd517828962fde29
15540,2021-02-06 12:00:00+00:00,739.8,10.85,uppsala,5f9fe38afd517828962fde29
15541,2021-02-06 13:00:00+00:00,673.5,2.33,uppsala,5f9fe38afd517828962fde29
15542,2021-02-06 14:00:00+00:00,0.0,0.73,uppsala,5f9fe38afd517828962fde29
15543,2021-02-06 15:00:00+00:00,14.9,0.04,uppsala,5f9fe38afd517828962fde29
15544,2021-02-06 16:00:00+00:00,0.0,0.0,uppsala,5f9fe38afd517828962fde29
15545,2021-02-06 17:00:00+00:00,0.0,0.0,uppsala,5f9fe38afd517828962fde29
15546,2021-02-06 18:00:00+00:00,0.0,0.0,uppsala,5f9fe38afd517828962fde29
15547,2021-02-06 19:00:00+00:00,0.0,0.0,uppsala,5f9fe38afd517828962fde29
15548,2021-02-06 20:00:00+00:00,0.0,0.0,uppsala,5f9fe38afd517828962fde29
15549,2021-02-06 21:00:00+00:00,0.0,0.0,uppsala,5f9fe38afd517828962fde29
15550,2021-02-06 22:00:00+00:00,0.0,0.0,uppsala,5f9fe38afd517828962fde29
15551,2021-02-06 23:00:00+00:00,0.0,0.0,uppsala,5f9fe38afd517828962fde29
15552,2021-02-07 00:00:00+00:00,0.0,0.0,uppsala,5f9fe38afd517828962fde29
15553,2021-02-07 01:00:00+00:00,0.0,0.0,uppsala,5f9fe38afd517828962fde29
15554,2021-02-07 02:00:00+00:00,0.0,0.0,uppsala,5f9fe38afd517828962fde29
15555,2021-02-07 03:00:00+00:00,0.0,0.0,uppsala,5f9fe38afd517828962fde29
15556,2021-02-07 04:00:00+00:00,0.0,0.0,uppsala,5f9fe38afd517828962fde29
15557,2021-02-07 05:00:00+00:00,0.0,0.0,uppsala,5f9fe38afd517828962fde29
15558,2021-02-07 06:00:00+00:00,0.0,0.0,uppsala,5f9fe38afd517828962fde29
15559,2021-02-07 07:00:00+00:00,4.8,0.52,uppsala,5f9fe38afd517828962fde29
15560,2021-02-07 08:00:00+00:00,90.8,3.57,uppsala,5f9fe38afd517828962fde29
15561,2021-02-07 09:00:00+00:00,4.9,8.04,uppsala,5f9fe38afd517828962fde29
15562,2021-02-07 10:00:00+00:00,9.8,5.37,uppsala,5f9fe38afd517828962fde29
15563,2021-02-07 11:00:00+00:00,310.1,2.89,uppsala,5f9fe38afd517828962fde29
15564,2021-02-07 12:00:00+00:00,97.4,2.55,uppsala,5f9fe38afd517828962fde29
15565,2021-02-07 13:00:00+00:00,645.9,6.95,uppsala,5f9fe38afd517828962fde29
15566,2021-02-07 14:00:00+00:00,511.9,5.74,uppsala,5f9fe38afd517828962fde29
15567,2021-02-07 15:00:00+00:00,122.3,0.1,uppsala,5f9fe38afd517828962fde29
15568,2021-02-07 16:00:00+00:00,0.0,0.0,uppsala,5f9fe38afd517828962fde29
15569,2021-02-07 17:00:00+00:00,0.0,0.0,uppsala,5f9fe38afd517828962fde29
15570,2021-02-07 18:00:00+00:00,0.0,0.0,uppsala,5f9fe38afd517828962fde29
15571,2021-02-07 19:00:00+00:00,0.0,0.0,uppsala,5f9fe38afd517828962fde29
15572,2021-02-07 20:00:00+00:00,0.0,0.0,uppsala,5f9fe38afd517828962fde29
15573,2021-02-07 21:00:00+00:00,0.0,0.0,uppsala,5f9fe38afd517828962fde29
15574,2021-02-07 22:00:00+00:00,0.0,0.0,uppsala,5f9fe38afd517828962fde29
15575,2021-02-07 23:00:00+00:00,0.0,0.0,uppsala,5f9fe38afd517828962fde29
15576,2021-02-08 00:00:00+00:00,0.0,0.0,uppsala,5f9fe38afd517828962fde29
15577,2021-02-08 01:00:00+00:00,0.0,0.0,uppsala,5f9fe38afd517828962fde29
15578,2021-02-08 02:00:00+00:00,0.0,0.0,uppsala,5f9fe38afd517828962fde29
15579,2021-02-08 03:00:00+00:00,0.0,0.0,uppsala,5f9fe38afd517828962fde29
15580,2021-02-08 04:00:00+00:00,0.0,0.0,uppsala,5f9fe38afd517828962fde29
15581,2021-02-08 05:00:00+00:00,0.0,0.0,uppsala,5f9fe38afd517828962fde29
15582,2021-02-08 06:00:00+00:00,0.0,0.0,uppsala,5f9fe38afd517828962fde29
15583,2021-02-08 07:00:00+00:00,3.5,0.61,uppsala,5f9fe38afd517828962fde29
15584,2021-02-08 08:00:00+00:00,9.0,1.02,uppsala,5f9fe38afd517828962fde29
15585,2021-02-08 09:00:00+00:00,25.8,1.52,uppsala,5f9fe38afd517828962fde29
15586,2021-02-08 10:00:00+00:00,682.6,1.88,uppsala,5f9fe38afd517828962fde29
15587,2021-02-08 11:00:00+00:00,41.4,8.0,uppsala,5f9fe38afd517828962fde29
15588,2021-02-08 12:00:00+00:00,756.3,12.07,uppsala,5f9fe38afd517828962fde29
15589,2021-02-08 13:00:00+00:00,684.6,8.59,uppsala,5f9fe38afd517828962fde29
15590,2021-02-08 14:00:00+00:00,505.3,5.91,uppsala,5f9fe38afd517828962fde29
15591,2021-02-08 15:00:00+00:00,215.6,0.02,uppsala,5f9fe38afd517828962fde29
15592,2021-02-08 16:00:00+00:00,0.0,0.0,uppsala,5f9fe38afd517828962fde29
15593,2021-02-08 17:00:00+00:00,0.0,0.0,uppsala,5f9fe38afd517828962fde29
15594,2021-02-08 18:00:00+00:00,0.0,0.0,uppsala,5f9fe38afd517828962fde29
15595,2021-02-08 19:00:00+00:00,0.0,0.0,uppsala,5f9fe38afd517828962fde29
15596,2021-02-08 20:00:00+00:00,0.0,0.0,uppsala,5f9fe38afd517828962fde29
15597,2021-02-08 21:00:00+00:00,0.0,0.0,uppsala,5f9fe38afd517828962fde29
15598,2021-02-08 22:00:00+00:00,0.0,0.0,uppsala,5f9fe38afd517828962fde29
15599,2021-02-08 23:00:00+00:00,0.0,0.0,uppsala,5f9fe38afd517828962fde29
15600,2021-02-09 00:00:00+00:00,0.0,0.0,uppsala,5f9fe38afd517828962fde29
15601,2021-02-09 01:00:00+00:00,0.0,0.0,uppsala,5f9fe38afd517828962fde29
15602,2021-02-09 02:00:00+00:00,0.0,0.0,uppsala,5f9fe38afd517828962fde29
15603,2021-02-09 03:00:00+00:00,0.0,0.0,uppsala,5f9fe38afd517828962fde29
15604,2021-02-09 04:00:00+00:00,0.0,0.0,uppsala,5f9fe38afd517828962fde29
15605,2021-02-09 05:00:00+00:00,0.0,0.0,uppsala,5f9fe38afd517828962fde29
15606,2021-02-09 06:00:00+00:00,0.0,0.05,uppsala,5f9fe38afd517828962fde29
15607,2021-02-09 07:00:00+00:00,39.7,4.13,uppsala,5f9fe38afd517828962fde29
15608,2021-02-09 08:00:00+00:00,561.3,8.59,uppsala,5f9fe38afd517828962fde29
15609,2021-02-09 09:00:00+00:00,582.2,9.41,uppsala,5f9fe38afd517828962fde29
15610,2021-02-09 10:00:00+00:00,782.8,10.09,uppsala,5f9fe38afd517828962fde29
15611,2021-02-09 11:00:00+00:00,786.5,11.47,uppsala,5f9fe38afd517828962fde29
15612,2021-02-09 12:00:00+00:00,767.7,12.26,uppsala,5f9fe38afd517828962fde29
15613,2021-02-09 13:00:00+00:00,704.5,8.57,uppsala,5f9fe38afd517828962fde29
15614,2021-02-09 14:00:00+00:00,561.7,3.83,uppsala,5f9fe38afd517828962fde29
15615,2021-02-09 15:00:00+00:00,284.8,0.04,uppsala,5f9fe38afd517828962fde29
15616,2021-02-09 16:00:00+00:00,0.0,0.0,uppsala,5f9fe38afd517828962fde29
15617,2021-02-09 17:00:00+00:00,0.0,0.0,uppsala,5f9fe38afd517828962fde29
15618,2021-02-09 18:00:00+00:00,0.0,0.0,uppsala,5f9fe38afd517828962fde29
15619,2021-02-09 19:00:00+00:00,0.0,0.0,uppsala,5f9fe38afd517828962fde29
15620,2021-02-09 20:00:00+00:00,0.0,0.0,uppsala,5f9fe38afd517828962fde29
15621,2021-02-09 21:00:00+00:00,0.0,0.0,uppsala,5f9fe38afd517828962fde29
15622,2021-02-09 22:00:00+00:00,0.0,0.0,uppsala,5f9fe38afd517828962fde29
15623,2021-02-09 23:00:00+00:00,0.0,0.0,uppsala,5f9fe38afd517828962fde29
15624,2021-02-10 00:00:00+00:00,0.0,0.0,uppsala,5f9fe38afd517828962fde29
15625,2021-02-10 01:00:00+00:00,0.0,0.0,uppsala,5f9fe38afd517828962fde29
15626,2021-02-10 02:00:00+00:00,0.0,0.0,uppsala,5f9fe38afd517828962fde29
15627,2021-02-10 03:00:00+00:00,0.0,0.0,uppsala,5f9fe38afd517828962fde29
15628,2021-02-10 04:00:00+00:00,0.0,0.0,uppsala,5f9fe38afd517828962fde29
15629,2021-02-10 05:00:00+00:00,0.0,0.0,uppsala,5f9fe38afd517828962fde29
15630,2021-02-10 06:00:00+00:00,0.0,0.0,uppsala,5f9fe38afd517828962fde29
15631,2021-02-10 07:00:00+00:00,0.0,0.18,uppsala,5f9fe38afd517828962fde29
15632,2021-02-10 08:00:00+00:00,0.7000000000000001,1.11,uppsala,5f9fe38afd517828962fde29
15633,2021-02-10 09:00:00+00:00,53.9,2.93,uppsala,5f9fe38afd517828962fde29
15634,2021-02-10 10:00:00+00:00,19.3,1.95,uppsala,5f9fe38afd517828962fde29
15635,2021-02-10 11:00:00+00:00,12.6,2.66,uppsala,5f9fe38afd517828962fde29
15636,2021-02-10 12:00:00+00:00,32.7,1.51,uppsala,5f9fe38afd517828962fde29
15637,2021-02-10 13:00:00+00:00,24.5,0.67,uppsala,5f9fe38afd517828962fde29
15638,2021-02-10 14:00:00+00:00,4.9,0.31,uppsala,5f9fe38afd517828962fde29
15639,2021-02-10 15:00:00+00:00,0.0,0.0,uppsala,5f9fe38afd517828962fde29
15640,2021-02-10 16:00:00+00:00,0.0,0.0,uppsala,5f9fe38afd517828962fde29
15641,2021-02-10 17:00:00+00:00,0.0,0.0,uppsala,5f9fe38afd517828962fde29
15642,2021-02-10 18:00:00+00:00,0.0,0.0,uppsala,5f9fe38afd517828962fde29
15643,2021-02-10 19:00:00+00:00,0.0,0.0,uppsala,5f9fe38afd517828962fde29
15644,2021-02-10 20:00:00+00:00,0.0,0.0,uppsala,5f9fe38afd517828962fde29
15645,2021-02-10 21:00:00+00:00,0.0,0.0,uppsala,5f9fe38afd517828962fde29
15646,2021-02-10 22:00:00+00:00,0.0,0.0,uppsala,5f9fe38afd517828962fde29
15647,2021-02-10 23:00:00+00:00,0.0,0.0,uppsala,5f9fe38afd517828962fde29
15648,2021-02-11 00:00:00+00:00,0.0,0.0,uppsala,5f9fe38afd517828962fde29
15649,2021-02-11 01:00:00+00:00,0.0,0.0,uppsala,5f9fe38afd517828962fde29
15650,2021-02-11 02:00:00+00:00,0.0,0.0,uppsala,5f9fe38afd517828962fde29
15651,2021-02-11 03:00:00+00:00,0.0,0.0,uppsala,5f9fe38afd517828962fde29
15652,2021-02-11 04:00:00+00:00,0.0,0.0,uppsala,5f9fe38afd517828962fde29
15653,2021-02-11 05:00:00+00:00,0.0,0.0,uppsala,5f9fe38afd517828962fde29
15654,2021-02-11 06:00:00+00:00,0.0,0.29,uppsala,5f9fe38afd517828962fde29
15655,2021-02-11 07:00:00+00:00,78.2,2.04,uppsala,5f9fe38afd517828962fde29
15656,2021-02-11 08:00:00+00:00,0.4,1.97,uppsala,5f9fe38afd517828962fde29
15657,2021-02-11 09:00:00+00:00,8.1,7.3,uppsala,5f9fe38afd517828962fde29
15658,2021-02-11 10:00:00+00:00,744.0,4.63,uppsala,5f9fe38afd517828962fde29
15659,2021-02-11 11:00:00+00:00,514.3,2.12,uppsala,5f9fe38afd517828962fde29
15660,2021-02-11 12:00:00+00:00,544.6,5.01,uppsala,5f9fe38afd517828962fde29
15661,2021-02-11 13:00:00+00:00,188.8,1.87,uppsala,5f9fe38afd517828962fde29
15662,2021-02-11 14:00:00+00:00,176.8,1.2,uppsala,5f9fe38afd517828962fde29
15663,2021-02-11 15:00:00+00:00,0.0,0.02,uppsala,5f9fe38afd517828962fde29
15664,2021-02-11 16:00:00+00:00,0.0,0.0,uppsala,5f9fe38afd517828962fde29
15665,2021-02-11 17:00:00+00:00,0.0,0.0,uppsala,5f9fe38afd517828962fde29
15666,2021-02-11 18:00:00+00:00,0.0,0.0,uppsala,5f9fe38afd517828962fde29
15667,2021-02-11 19:00:00+00:00,0.0,0.0,uppsala,5f9fe38afd517828962fde29
15668,2021-02-11 20:00:00+00:00,0.0,0.0,uppsala,5f9fe38afd517828962fde29
15669,2021-02-11 21:00:00+00:00,0.0,0.0,uppsala,5f9fe38afd517828962fde29
15670,2021-02-11 22:00:00+00:00,0.0,0.0,uppsala,5f9fe38afd517828962fde29
15671,2021-02-11 23:00:00+00:00,0.0,0.0,uppsala,5f9fe38afd517828962fde29
15672,2021-02-12 00:00:00+00:00,0.0,0.0,uppsala,5f9fe38afd517828962fde29
15673,2021-02-12 01:00:00+00:00,0.0,0.0,uppsala,5f9fe38afd517828962fde29
15674,2021-02-12 02:00:00+00:00,0.0,0.0,uppsala,5f9fe38afd517828962fde29
15675,2021-02-12 03:00:00+00:00,0.0,0.0,uppsala,5f9fe38afd517828962fde29
15676,2021-02-12 04:00:00+00:00,0.0,0.0,uppsala,5f9fe38afd517828962fde29
15677,2021-02-12 05:00:00+00:00,0.0,0.0,uppsala,5f9fe38afd517828962fde29
15678,2021-02-12 06:00:00+00:00,0.0,0.01,uppsala,5f9fe38afd517828962fde29
15679,2021-02-12 07:00:00+00:00,91.4,2.01,uppsala,5f9fe38afd517828962fde29
15680,2021-02-12 08:00:00+00:00,541.7,8.66,uppsala,5f9fe38afd517828962fde29
15681,2021-02-12 09:00:00+00:00,712.9,2.9,uppsala,5f9fe38afd517828962fde29
15682,2021-02-12 10:00:00+00:00,10.5,2.85,uppsala,5f9fe38afd517828962fde29
15683,2021-02-12 11:00:00+00:00,397.9,8.81,uppsala,5f9fe38afd517828962fde29
15684,2021-02-12 12:00:00+00:00,773.7,12.07,uppsala,5f9fe38afd517828962fde29
15685,2021-02-12 13:00:00+00:00,710.2,10.93,uppsala,5f9fe38afd517828962fde29
15686,2021-02-12 14:00:00+00:00,586.8,7.2,uppsala,5f9fe38afd517828962fde29
15687,2021-02-12 15:00:00+00:00,269.0,0.87,uppsala,5f9fe38afd517828962fde29
15688,2021-02-12 16:00:00+00:00,0.0,0.0,uppsala,5f9fe38afd517828962fde29
15689,2021-02-12 17:00:00+00:00,0.0,0.0,uppsala,5f9fe38afd517828962fde29
15690,2021-02-12 18:00:00+00:00,0.0,0.0,uppsala,5f9fe38afd517828962fde29
15691,2021-02-12 19:00:00+00:00,0.0,0.0,uppsala,5f9fe38afd517828962fde29
15692,2021-02-12 20:00:00+00:00,0.0,0.0,uppsala,5f9fe38afd517828962fde29
15693,2021-02-12 21:00:00+00:00,0.0,0.0,uppsala,5f9fe38afd517828962fde29
15694,2021-02-12 22:00:00+00:00,0.0,0.0,uppsala,5f9fe38afd517828962fde29
15695,2021-02-12 23:00:00+00:00,0.0,0.0,uppsala,5f9fe38afd517828962fde29
15696,2021-02-13 00:00:00+00:00,0.0,0.0,uppsala,5f9fe38afd517828962fde29
15697,2021-02-13 01:00:00+00:00,0.0,0.0,uppsala,5f9fe38afd517828962fde29
15698,2021-02-13 02:00:00+00:00,0.0,0.0,uppsala,5f9fe38afd517828962fde29
15699,2021-02-13 03:00:00+00:00,0.0,0.0,uppsala,5f9fe38afd517828962fde29
15700,2021-02-13 04:00:00+00:00,0.0,0.0,uppsala,5f9fe38afd517828962fde29
15701,2021-02-13 05:00:00+00:00,0.0,0.0,uppsala,5f9fe38afd517828962fde29
15702,2021-02-13 06:00:00+00:00,0.0,0.69,uppsala,5f9fe38afd517828962fde29
15703,2021-02-13 07:00:00+00:00,324.2,6.39,uppsala,5f9fe38afd517828962fde29
15704,2021-02-13 08:00:00+00:00,634.9,8.67,uppsala,5f9fe38afd517828962fde29
15705,2021-02-13 09:00:00+00:00,749.9,9.64,uppsala,5f9fe38afd517828962fde29
15706,2021-02-13 10:00:00+00:00,803.6,10.03,uppsala,5f9fe38afd517828962fde29
15707,2021-02-13 11:00:00+00:00,823.5,11.52,uppsala,5f9fe38afd517828962fde29
15708,2021-02-13 12:00:00+00:00,806.8,12.27,uppsala,5f9fe38afd517828962fde29
15709,2021-02-13 13:00:00+00:00,756.0,11.37,uppsala,5f9fe38afd517828962fde29
15710,2021-02-13 14:00:00+00:00,613.3,8.15,uppsala,5f9fe38afd517828962fde29
15711,2021-02-13 15:00:00+00:00,378.6,1.32,uppsala,5f9fe38afd517828962fde29
15712,2021-02-13 16:00:00+00:00,0.0,0.0,uppsala,5f9fe38afd517828962fde29
15713,2021-02-13 17:00:00+00:00,0.0,0.0,uppsala,5f9fe38afd517828962fde29
15714,2021-02-13 18:00:00+00:00,0.0,0.0,uppsala,5f9fe38afd517828962fde29
15715,2021-02-13 19:00:00+00:00,0.0,0.0,uppsala,5f9fe38afd517828962fde29
15716,2021-02-13 20:00:00+00:00,0.0,0.0,uppsala,5f9fe38afd517828962fde29
15717,2021-02-13 21:00:00+00:00,0.0,0.0,uppsala,5f9fe38afd517828962fde29
15718,2021-02-13 22:00:00+00:00,0.0,0.0,uppsala,5f9fe38afd517828962fde29
15719,2021-02-13 23:00:00+00:00,0.0,0.0,uppsala,5f9fe38afd517828962fde29
15720,2021-02-14 00:00:00+00:00,0.0,0.0,uppsala,5f9fe38afd517828962fde29
15721,2021-02-14 01:00:00+00:00,0.0,0.0,uppsala,5f9fe38afd517828962fde29
15722,2021-02-14 02:00:00+00:00,0.0,0.0,uppsala,5f9fe38afd517828962fde29
15723,2021-02-14 03:00:00+00:00,0.0,0.0,uppsala,5f9fe38afd517828962fde29
15724,2021-02-14 04:00:00+00:00,0.0,0.0,uppsala,5f9fe38afd517828962fde29
15725,2021-02-14 05:00:00+00:00,0.0,0.0,uppsala,5f9fe38afd517828962fde29
15726,2021-02-14 06:00:00+00:00,0.0,0.64,uppsala,5f9fe38afd517828962fde29
15727,2021-02-14 07:00:00+00:00,0.0,1.27,uppsala,5f9fe38afd517828962fde29
15728,2021-02-14 08:00:00+00:00,2.0,2.57,uppsala,5f9fe38afd517828962fde29
15729,2021-02-14 09:00:00+00:00,60.4,3.33,uppsala,5f9fe38afd517828962fde29
15730,2021-02-14 10:00:00+00:00,84.8,2.32,uppsala,5f9fe38afd517828962fde29
15731,2021-02-14 11:00:00+00:00,289.4,3.32,uppsala,5f9fe38afd517828962fde29
15732,2021-02-14 12:00:00+00:00,610.6,5.4,uppsala,5f9fe38afd517828962fde29
15733,2021-02-14 13:00:00+00:00,353.6,8.59,uppsala,5f9fe38afd517828962fde29
15734,2021-02-14 14:00:00+00:00,64.0,3.01,uppsala,5f9fe38afd517828962fde29
15735,2021-02-14 15:00:00+00:00,0.30000000000000004,0.06,uppsala,5f9fe38afd517828962fde29
15736,2021-02-14 16:00:00+00:00,0.0,0.0,uppsala,5f9fe38afd517828962fde29
15737,2021-02-14 17:00:00+00:00,0.0,0.0,uppsala,5f9fe38afd517828962fde29
15738,2021-02-14 18:00:00+00:00,0.0,0.0,uppsala,5f9fe38afd517828962fde29
15739,2021-02-14 19:00:00+00:00,0.0,0.0,uppsala,5f9fe38afd517828962fde29
15740,2021-02-14 20:00:00+00:00,0.0,0.0,uppsala,5f9fe38afd517828962fde29
15741,2021-02-14 21:00:00+00:00,0.0,0.0,uppsala,5f9fe38afd517828962fde29
15742,2021-02-14 22:00:00+00:00,0.0,0.0,uppsala,5f9fe38afd517828962fde29
15743,2021-02-14 23:00:00+00:00,0.0,0.0,uppsala,5f9fe38afd517828962fde29
15744,2021-02-15 00:00:00+00:00,0.0,0.0,uppsala,5f9fe38afd517828962fde29
15745,2021-02-15 01:00:00+00:00,0.0,0.0,uppsala,5f9fe38afd517828962fde29
15746,2021-02-15 02:00:00+00:00,0.0,0.0,uppsala,5f9fe38afd517828962fde29
15747,2021-02-15 03:00:00+00:00,0.0,0.0,uppsala,5f9fe38afd517828962fde29
15748,2021-02-15 04:00:00+00:00,0.0,0.0,uppsala,5f9fe38afd517828962fde29
15749,2021-02-15 05:00:00+00:00,0.0,0.0,uppsala,5f9fe38afd517828962fde29
15750,2021-02-15 06:00:00+00:00,0.0,0.61,uppsala,5f9fe38afd517828962fde29
15751,2021-02-15 07:00:00+00:00,349.0,7.19,uppsala,5f9fe38afd517828962fde29
15752,2021-02-15 08:00:00+00:00,642.6,9.6,uppsala,5f9fe38afd517828962fde29
15753,2021-02-15 09:00:00+00:00,760.8,10.02,uppsala,5f9fe38afd517828962fde29
15754,2021-02-15 10:00:00+00:00,825.7,10.49,uppsala,5f9fe38afd517828962fde29
15755,2021-02-15 11:00:00+00:00,826.6,11.5,uppsala,5f9fe38afd517828962fde29
15756,2021-02-15 12:00:00+00:00,813.3,13.14,uppsala,5f9fe38afd517828962fde29
15757,2021-02-15 13:00:00+00:00,745.6,10.12,uppsala,5f9fe38afd517828962fde29
15758,2021-02-15 14:00:00+00:00,632.9,2.35,uppsala,5f9fe38afd517828962fde29
15759,2021-02-15 15:00:00+00:00,371.6,0.05,uppsala,5f9fe38afd517828962fde29
15760,2021-02-15 16:00:00+00:00,0.0,0.0,uppsala,5f9fe38afd517828962fde29
15761,2021-02-15 17:00:00+00:00,0.0,0.0,uppsala,5f9fe38afd517828962fde29
15762,2021-02-15 18:00:00+00:00,0.0,0.0,uppsala,5f9fe38afd517828962fde29
15763,2021-02-15 19:00:00+00:00,0.0,0.0,uppsala,5f9fe38afd517828962fde29
15764,2021-02-15 20:00:00+00:00,0.0,0.0,uppsala,5f9fe38afd517828962fde29
15765,2021-02-15 21:00:00+00:00,0.0,0.0,uppsala,5f9fe38afd517828962fde29
15766,2021-02-15 22:00:00+00:00,0.0,0.0,uppsala,5f9fe38afd517828962fde29
15767,2021-02-15 23:00:00+00:00,0.0,0.0,uppsala,5f9fe38afd517828962fde29
15768,2021-02-16 00:00:00+00:00,0.0,0.0,uppsala,5f9fe38afd517828962fde29
15769,2021-02-16 01:00:00+00:00,0.0,0.0,uppsala,5f9fe38afd517828962fde29
15770,2021-02-16 02:00:00+00:00,0.0,0.0,uppsala,5f9fe38afd517828962fde29
15771,2021-02-16 03:00:00+00:00,0.0,0.0,uppsala,5f9fe38afd517828962fde29
15772,2021-02-16 04:00:00+00:00,0.0,0.0,uppsala,5f9fe38afd517828962fde29
15773,2021-02-16 05:00:00+00:00,0.0,0.0,uppsala,5f9fe38afd517828962fde29
15774,2021-02-16 06:00:00+00:00,0.0,0.55,uppsala,5f9fe38afd517828962fde29
15775,2021-02-16 07:00:00+00:00,245.0,2.46,uppsala,5f9fe38afd517828962fde29
15776,2021-02-16 08:00:00+00:00,122.1,1.83,uppsala,5f9fe38afd517828962fde29
15777,2021-02-16 09:00:00+00:00,166.6,1.77,uppsala,5f9fe38afd517828962fde29
15778,2021-02-16 10:00:00+00:00,8.9,2.01,uppsala,5f9fe38afd517828962fde29
15779,2021-02-16 11:00:00+00:00,36.9,2.18,uppsala,5f9fe38afd517828962fde29
15780,2021-02-16 12:00:00+00:00,28.0,2.18,uppsala,5f9fe38afd517828962fde29
15781,2021-02-16 13:00:00+00:00,18.0,1.06,uppsala,5f9fe38afd517828962fde29
15782,2021-02-16 14:00:00+00:00,58.2,0.3,uppsala,5f9fe38afd517828962fde29
15783,2021-02-16 15:00:00+00:00,0.0,0.01,uppsala,5f9fe38afd517828962fde29
15784,2021-02-16 16:00:00+00:00,0.0,0.0,uppsala,5f9fe38afd517828962fde29
15785,2021-02-16 17:00:00+00:00,0.0,0.0,uppsala,5f9fe38afd517828962fde29
15786,2021-02-16 18:00:00+00:00,0.0,0.0,uppsala,5f9fe38afd517828962fde29
15787,2021-02-16 19:00:00+00:00,0.0,0.0,uppsala,5f9fe38afd517828962fde29
15788,2021-02-16 20:00:00+00:00,0.0,0.0,uppsala,5f9fe38afd517828962fde29
15789,2021-02-16 21:00:00+00:00,0.0,0.0,uppsala,5f9fe38afd517828962fde29
15790,2021-02-16 22:00:00+00:00,0.0,0.0,uppsala,5f9fe38afd517828962fde29
15791,2021-02-16 23:00:00+00:00,0.0,0.0,uppsala,5f9fe38afd517828962fde29
15792,2021-02-17 00:00:00+00:00,0.0,0.0,uppsala,5f9fe38afd517828962fde29
15793,2021-02-17 01:00:00+00:00,0.0,0.0,uppsala,5f9fe38afd517828962fde29
15794,2021-02-17 02:00:00+00:00,0.0,0.0,uppsala,5f9fe38afd517828962fde29
15795,2021-02-17 03:00:00+00:00,0.0,0.0,uppsala,5f9fe38afd517828962fde29
15796,2021-02-17 04:00:00+00:00,0.0,0.0,uppsala,5f9fe38afd517828962fde29
15797,2021-02-17 05:00:00+00:00,0.0,0.0,uppsala,5f9fe38afd517828962fde29
15798,2021-02-17 06:00:00+00:00,0.0,0.16,uppsala,5f9fe38afd517828962fde29
15799,2021-02-17 07:00:00+00:00,0.0,0.63,uppsala,5f9fe38afd517828962fde29
15800,2021-02-17 08:00:00+00:00,177.9,1.01,uppsala,5f9fe38afd517828962fde29
15801,2021-02-17 09:00:00+00:00,12.8,1.95,uppsala,5f9fe38afd517828962fde29
15802,2021-02-17 10:00:00+00:00,14.7,2.85,uppsala,5f9fe38afd517828962fde29
15803,2021-02-17 11:00:00+00:00,15.3,4.66,uppsala,5f9fe38afd517828962fde29
15804,2021-02-17 12:00:00+00:00,18.3,4.07,uppsala,5f9fe38afd517828962fde29
15805,2021-02-17 13:00:00+00:00,14.7,1.25,uppsala,5f9fe38afd517828962fde29
15806,2021-02-17 14:00:00+00:00,14.0,0.34,uppsala,5f9fe38afd517828962fde29
15807,2021-02-17 15:00:00+00:00,22.3,0.0,uppsala,5f9fe38afd517828962fde29
15808,2021-02-17 16:00:00+00:00,0.0,0.0,uppsala,5f9fe38afd517828962fde29
15809,2021-02-17 17:00:00+00:00,0.0,0.0,uppsala,5f9fe38afd517828962fde29
15810,2021-02-17 18:00:00+00:00,0.0,0.0,uppsala,5f9fe38afd517828962fde29
15811,2021-02-17 19:00:00+00:00,0.0,0.0,uppsala,5f9fe38afd517828962fde29
15812,2021-02-17 20:00:00+00:00,0.0,0.0,uppsala,5f9fe38afd517828962fde29
15813,2021-02-17 21:00:00+00:00,0.0,0.0,uppsala,5f9fe38afd517828962fde29
15814,2021-02-17 22:00:00+00:00,0.0,0.0,uppsala,5f9fe38afd517828962fde29
15815,2021-02-17 23:00:00+00:00,0.0,0.0,uppsala,5f9fe38afd517828962fde29
15816,2021-02-18 00:00:00+00:00,0.0,0.0,uppsala,5f9fe38afd517828962fde29
15817,2021-02-18 01:00:00+00:00,0.0,0.0,uppsala,5f9fe38afd517828962fde29
15818,2021-02-18 02:00:00+00:00,0.0,0.0,uppsala,5f9fe38afd517828962fde29
15819,2021-02-18 03:00:00+00:00,0.0,0.0,uppsala,5f9fe38afd517828962fde29
15820,2021-02-18 04:00:00+00:00,0.0,0.0,uppsala,5f9fe38afd517828962fde29
15821,2021-02-18 05:00:00+00:00,0.0,0.0,uppsala,5f9fe38afd517828962fde29
15822,2021-02-18 06:00:00+00:00,0.0,0.03,uppsala,5f9fe38afd517828962fde29
15823,2021-02-18 07:00:00+00:00,0.0,0.55,uppsala,5f9fe38afd517828962fde29
15824,2021-02-18 08:00:00+00:00,6.1,1.09,uppsala,5f9fe38afd517828962fde29
15825,2021-02-18 09:00:00+00:00,238.9,2.65,uppsala,5f9fe38afd517828962fde29
15826,2021-02-18 10:00:00+00:00,9.4,2.79,uppsala,5f9fe38afd517828962fde29
15827,2021-02-18 11:00:00+00:00,9.7,4.22,uppsala,5f9fe38afd517828962fde29
15828,2021-02-18 12:00:00+00:00,8.5,3.27,uppsala,5f9fe38afd517828962fde29
15829,2021-02-18 13:00:00+00:00,37.0,1.32,uppsala,5f9fe38afd517828962fde29
15830,2021-02-18 14:00:00+00:00,4.6,0.46,uppsala,5f9fe38afd517828962fde29
15831,2021-02-18 15:00:00+00:00,0.0,0.03,uppsala,5f9fe38afd517828962fde29
15832,2021-02-18 16:00:00+00:00,0.0,0.0,uppsala,5f9fe38afd517828962fde29
15833,2021-02-18 17:00:00+00:00,0.0,0.0,uppsala,5f9fe38afd517828962fde29
15834,2021-02-18 18:00:00+00:00,0.0,0.0,uppsala,5f9fe38afd517828962fde29
15835,2021-02-18 19:00:00+00:00,0.0,0.0,uppsala,5f9fe38afd517828962fde29
15836,2021-02-18 20:00:00+00:00,0.0,0.0,uppsala,5f9fe38afd517828962fde29
15837,2021-02-18 21:00:00+00:00,0.0,0.0,uppsala,5f9fe38afd517828962fde29
15838,2021-02-18 22:00:00+00:00,0.0,0.0,uppsala,5f9fe38afd517828962fde29
15839,2021-02-18 23:00:00+00:00,0.0,0.0,uppsala,5f9fe38afd517828962fde29
15840,2021-02-19 00:00:00+00:00,0.0,0.0,uppsala,5f9fe38afd517828962fde29
15841,2021-02-19 01:00:00+00:00,0.0,0.0,uppsala,5f9fe38afd517828962fde29
15842,2021-02-19 02:00:00+00:00,0.0,0.0,uppsala,5f9fe38afd517828962fde29
15843,2021-02-19 03:00:00+00:00,0.0,0.0,uppsala,5f9fe38afd517828962fde29
15844,2021-02-19 04:00:00+00:00,0.0,0.0,uppsala,5f9fe38afd517828962fde29
15845,2021-02-19 05:00:00+00:00,0.0,0.0,uppsala,5f9fe38afd517828962fde29
15846,2021-02-19 06:00:00+00:00,0.0,0.0,uppsala,5f9fe38afd517828962fde29
15847,2021-02-19 07:00:00+00:00,0.0,0.17,uppsala,5f9fe38afd517828962fde29
15848,2021-02-19 08:00:00+00:00,0.4,0.81,uppsala,5f9fe38afd517828962fde29
15849,2021-02-19 09:00:00+00:00,5.1,1.51,uppsala,5f9fe38afd517828962fde29
15850,2021-02-19 10:00:00+00:00,7.2,2.21,uppsala,5f9fe38afd517828962fde29
15851,2021-02-19 11:00:00+00:00,8.1,1.42,uppsala,5f9fe38afd517828962fde29
15852,2021-02-19 12:00:00+00:00,7.6,1.24,uppsala,5f9fe38afd517828962fde29
15853,2021-02-19 13:00:00+00:00,5.7,0.4,uppsala,5f9fe38afd517828962fde29
15854,2021-02-19 14:00:00+00:00,1.1,0.06,uppsala,5f9fe38afd517828962fde29
15855,2021-02-19 15:00:00+00:00,0.0,0.0,uppsala,5f9fe38afd517828962fde29
15856,2021-02-19 16:00:00+00:00,0.0,0.0,uppsala,5f9fe38afd517828962fde29
15857,2021-02-19 17:00:00+00:00,0.0,0.0,uppsala,5f9fe38afd517828962fde29
15858,2021-02-19 18:00:00+00:00,0.0,0.0,uppsala,5f9fe38afd517828962fde29
15859,2021-02-19 19:00:00+00:00,0.0,0.0,uppsala,5f9fe38afd517828962fde29
15860,2021-02-19 20:00:00+00:00,0.0,0.0,uppsala,5f9fe38afd517828962fde29
15861,2021-02-19 21:00:00+00:00,0.0,0.0,uppsala,5f9fe38afd517828962fde29
15862,2021-02-19 22:00:00+00:00,0.0,0.0,uppsala,5f9fe38afd517828962fde29
15863,2021-02-19 23:00:00+00:00,0.0,0.0,uppsala,5f9fe38afd517828962fde29
15864,2021-02-20 00:00:00+00:00,0.0,0.0,uppsala,5f9fe38afd517828962fde29
15865,2021-02-20 01:00:00+00:00,0.0,0.0,uppsala,5f9fe38afd517828962fde29
15866,2021-02-20 02:00:00+00:00,0.0,0.0,uppsala,5f9fe38afd517828962fde29
15867,2021-02-20 03:00:00+00:00,0.0,0.0,uppsala,5f9fe38afd517828962fde29
15868,2021-02-20 04:00:00+00:00,0.0,0.0,uppsala,5f9fe38afd517828962fde29
15869,2021-02-20 05:00:00+00:00,0.0,0.0,uppsala,5f9fe38afd517828962fde29
15870,2021-02-20 06:00:00+00:00,0.0,0.0,uppsala,5f9fe38afd517828962fde29
15871,2021-02-20 07:00:00+00:00,0.0,0.14,uppsala,5f9fe38afd517828962fde29
15872,2021-02-20 08:00:00+00:00,0.2,0.46,uppsala,5f9fe38afd517828962fde29
15873,2021-02-20 09:00:00+00:00,4.5,1.46,uppsala,5f9fe38afd517828962fde29
15874,2021-02-20 10:00:00+00:00,7.2,1.73,uppsala,5f9fe38afd517828962fde29
15875,2021-02-20 11:00:00+00:00,6.7,1.23,uppsala,5f9fe38afd517828962fde29
15876,2021-02-20 12:00:00+00:00,6.4,0.85,uppsala,5f9fe38afd517828962fde29
15877,2021-02-20 13:00:00+00:00,4.3,0.5,uppsala,5f9fe38afd517828962fde29
15878,2021-02-20 14:00:00+00:00,28.2,0.36,uppsala,5f9fe38afd517828962fde29
15879,2021-02-20 15:00:00+00:00,13.4,0.0,uppsala,5f9fe38afd517828962fde29
15880,2021-02-20 16:00:00+00:00,0.0,0.0,uppsala,5f9fe38afd517828962fde29
15881,2021-02-20 17:00:00+00:00,0.0,0.0,uppsala,5f9fe38afd517828962fde29
15882,2021-02-20 18:00:00+00:00,0.0,0.0,uppsala,5f9fe38afd517828962fde29
15883,2021-02-20 19:00:00+00:00,0.0,0.0,uppsala,5f9fe38afd517828962fde29
15884,2021-02-20 20:00:00+00:00,0.0,0.0,uppsala,5f9fe38afd517828962fde29
15885,2021-02-20 21:00:00+00:00,0.0,0.0,uppsala,5f9fe38afd517828962fde29
15886,2021-02-20 22:00:00+00:00,0.0,0.0,uppsala,5f9fe38afd517828962fde29
15887,2021-02-20 23:00:00+00:00,0.0,0.0,uppsala,5f9fe38afd517828962fde29
15888,2021-02-21 00:00:00+00:00,0.0,0.0,uppsala,5f9fe38afd517828962fde29
15889,2021-02-21 01:00:00+00:00,0.0,0.0,uppsala,5f9fe38afd517828962fde29
15890,2021-02-21 02:00:00+00:00,0.0,0.0,uppsala,5f9fe38afd517828962fde29
15891,2021-02-21 03:00:00+00:00,0.0,0.0,uppsala,5f9fe38afd517828962fde29
15892,2021-02-21 04:00:00+00:00,0.0,0.0,uppsala,5f9fe38afd517828962fde29
15893,2021-02-21 05:00:00+00:00,0.0,0.0,uppsala,5f9fe38afd517828962fde29
15894,2021-02-21 06:00:00+00:00,0.0,0.01,uppsala,5f9fe38afd517828962fde29
15895,2021-02-21 07:00:00+00:00,0.0,0.95,uppsala,5f9fe38afd517828962fde29
15896,2021-02-21 08:00:00+00:00,2.5,2.04,uppsala,5f9fe38afd517828962fde29
15897,2021-02-21 09:00:00+00:00,1.9,3.23,uppsala,5f9fe38afd517828962fde29
15898,2021-02-21 10:00:00+00:00,30.4,5.92,uppsala,5f9fe38afd517828962fde29
15899,2021-02-21 11:00:00+00:00,5.4,4.89,uppsala,5f9fe38afd517828962fde29
15900,2021-02-21 12:00:00+00:00,5.4,7.48,uppsala,5f9fe38afd517828962fde29
15901,2021-02-21 13:00:00+00:00,28.1,2.93,uppsala,5f9fe38afd517828962fde29
15902,2021-02-21 14:00:00+00:00,19.2,0.56,uppsala,5f9fe38afd517828962fde29
15903,2021-02-21 15:00:00+00:00,44.4,0.0,uppsala,5f9fe38afd517828962fde29
15904,2021-02-21 16:00:00+00:00,0.0,0.0,uppsala,5f9fe38afd517828962fde29
15905,2021-02-21 17:00:00+00:00,0.0,0.0,uppsala,5f9fe38afd517828962fde29
15906,2021-02-21 18:00:00+00:00,0.0,0.0,uppsala,5f9fe38afd517828962fde29
15907,2021-02-21 19:00:00+00:00,0.0,0.0,uppsala,5f9fe38afd517828962fde29
15908,2021-02-21 20:00:00+00:00,0.0,0.0,uppsala,5f9fe38afd517828962fde29
15909,2021-02-21 21:00:00+00:00,0.0,0.0,uppsala,5f9fe38afd517828962fde29
15910,2021-02-21 22:00:00+00:00,0.0,0.0,uppsala,5f9fe38afd517828962fde29
15911,2021-02-21 23:00:00+00:00,0.0,0.0,uppsala,5f9fe38afd517828962fde29
15912,2021-02-22 00:00:00+00:00,0.0,0.0,uppsala,5f9fe38afd517828962fde29
15913,2021-02-22 01:00:00+00:00,0.0,0.0,uppsala,5f9fe38afd517828962fde29
15914,2021-02-22 02:00:00+00:00,0.0,0.0,uppsala,5f9fe38afd517828962fde29
15915,2021-02-22 03:00:00+00:00,0.0,0.0,uppsala,5f9fe38afd517828962fde29
15916,2021-02-22 04:00:00+00:00,0.0,0.0,uppsala,5f9fe38afd517828962fde29
15917,2021-02-22 05:00:00+00:00,0.0,0.0,uppsala,5f9fe38afd517828962fde29
15918,2021-02-22 06:00:00+00:00,0.0,0.01,uppsala,5f9fe38afd517828962fde29
15919,2021-02-22 07:00:00+00:00,24.7,0.27,uppsala,5f9fe38afd517828962fde29
15920,2021-02-22 08:00:00+00:00,0.30000000000000004,1.16,uppsala,5f9fe38afd517828962fde29
15921,2021-02-22 09:00:00+00:00,8.1,1.12,uppsala,5f9fe38afd517828962fde29
15922,2021-02-22 10:00:00+00:00,9.6,1.62,uppsala,5f9fe38afd517828962fde29
15923,2021-02-22 11:00:00+00:00,6.2,1.34,uppsala,5f9fe38afd517828962fde29
15924,2021-02-22 12:00:00+00:00,7.3,1.03,uppsala,5f9fe38afd517828962fde29
15925,2021-02-22 13:00:00+00:00,2.1,0.37,uppsala,5f9fe38afd517828962fde29
15926,2021-02-22 14:00:00+00:00,0.0,0.12,uppsala,5f9fe38afd517828962fde29
15927,2021-02-22 15:00:00+00:00,0.0,0.0,uppsala,5f9fe38afd517828962fde29
15928,2021-02-22 16:00:00+00:00,0.0,0.0,uppsala,5f9fe38afd517828962fde29
15929,2021-02-22 17:00:00+00:00,0.0,0.0,uppsala,5f9fe38afd517828962fde29
15930,2021-02-22 18:00:00+00:00,0.0,0.0,uppsala,5f9fe38afd517828962fde29
15931,2021-02-22 19:00:00+00:00,0.0,0.0,uppsala,5f9fe38afd517828962fde29
15932,2021-02-22 20:00:00+00:00,0.0,0.0,uppsala,5f9fe38afd517828962fde29
15933,2021-02-22 21:00:00+00:00,0.0,0.0,uppsala,5f9fe38afd517828962fde29
15934,2021-02-22 22:00:00+00:00,0.0,0.0,uppsala,5f9fe38afd517828962fde29
15935,2021-02-22 23:00:00+00:00,0.0,0.0,uppsala,5f9fe38afd517828962fde29
15936,2021-02-23 00:00:00+00:00,0.0,0.0,uppsala,5f9fe38afd517828962fde29
15937,2021-02-23 01:00:00+00:00,0.0,0.0,uppsala,5f9fe38afd517828962fde29
15938,2021-02-23 02:00:00+00:00,0.0,0.0,uppsala,5f9fe38afd517828962fde29
15939,2021-02-23 03:00:00+00:00,0.0,0.0,uppsala,5f9fe38afd517828962fde29
15940,2021-02-23 04:00:00+00:00,0.0,0.0,uppsala,5f9fe38afd517828962fde29
15941,2021-02-23 05:00:00+00:00,0.0,0.0,uppsala,5f9fe38afd517828962fde29
15942,2021-02-23 06:00:00+00:00,0.0,0.0,uppsala,5f9fe38afd517828962fde29
15943,2021-02-23 07:00:00+00:00,0.0,0.03,uppsala,5f9fe38afd517828962fde29
15944,2021-02-23 08:00:00+00:00,0.0,0.22,uppsala,5f9fe38afd517828962fde29
15945,2021-02-23 09:00:00+00:00,1.2,0.69,uppsala,5f9fe38afd517828962fde29
15946,2021-02-23 10:00:00+00:00,4.9,1.04,uppsala,5f9fe38afd517828962fde29
15947,2021-02-23 11:00:00+00:00,7.0,1.2,uppsala,5f9fe38afd517828962fde29
15948,2021-02-23 12:00:00+00:00,7.5,0.59,uppsala,5f9fe38afd517828962fde29
15949,2021-02-23 13:00:00+00:00,6.4,0.79,uppsala,5f9fe38afd517828962fde29
15950,2021-02-23 14:00:00+00:00,2.1,0.33,uppsala,5f9fe38afd517828962fde29
15951,2021-02-23 15:00:00+00:00,0.0,0.0,uppsala,5f9fe38afd517828962fde29
15952,2021-02-23 16:00:00+00:00,0.0,0.0,uppsala,5f9fe38afd517828962fde29
15953,2021-02-23 17:00:00+00:00,0.0,0.0,uppsala,5f9fe38afd517828962fde29
15954,2021-02-23 18:00:00+00:00,0.0,0.0,uppsala,5f9fe38afd517828962fde29
15955,2021-02-23 19:00:00+00:00,0.0,0.0,uppsala,5f9fe38afd517828962fde29
15956,2021-02-23 20:00:00+00:00,0.0,0.0,uppsala,5f9fe38afd517828962fde29
15957,2021-02-23 21:00:00+00:00,0.0,0.0,uppsala,5f9fe38afd517828962fde29
15958,2021-02-23 22:00:00+00:00,0.0,0.0,uppsala,5f9fe38afd517828962fde29
15959,2021-02-23 23:00:00+00:00,0.0,0.0,uppsala,5f9fe38afd517828962fde29
15960,2021-02-24 00:00:00+00:00,0.0,0.0,uppsala,5f9fe38afd517828962fde29
15961,2021-02-24 01:00:00+00:00,0.0,0.0,uppsala,5f9fe38afd517828962fde29
15962,2021-02-24 02:00:00+00:00,0.0,0.0,uppsala,5f9fe38afd517828962fde29
15963,2021-02-24 03:00:00+00:00,0.0,0.0,uppsala,5f9fe38afd517828962fde29
15964,2021-02-24 04:00:00+00:00,0.0,0.0,uppsala,5f9fe38afd517828962fde29
15965,2021-02-24 05:00:00+00:00,0.0,0.0,uppsala,5f9fe38afd517828962fde29
15966,2021-02-24 06:00:00+00:00,0.0,0.0,uppsala,5f9fe38afd517828962fde29
15967,2021-02-24 07:00:00+00:00,0.0,0.16,uppsala,5f9fe38afd517828962fde29
15968,2021-02-24 08:00:00+00:00,0.0,0.94,uppsala,5f9fe38afd517828962fde29
15969,2021-02-24 09:00:00+00:00,167.4,1.96,uppsala,5f9fe38afd517828962fde29
15970,2021-02-24 10:00:00+00:00,5.5,2.07,uppsala,5f9fe38afd517828962fde29
15971,2021-02-24 11:00:00+00:00,6.0,1.74,uppsala,5f9fe38afd517828962fde29
15972,2021-02-24 12:00:00+00:00,4.3,1.66,uppsala,5f9fe38afd517828962fde29
15973,2021-02-24 13:00:00+00:00,3.5,0.6,uppsala,5f9fe38afd517828962fde29
15974,2021-02-24 14:00:00+00:00,0.5,0.37,uppsala,5f9fe38afd517828962fde29
15975,2021-02-24 15:00:00+00:00,0.0,0.02,uppsala,5f9fe38afd517828962fde29
15976,2021-02-24 16:00:00+00:00,0.0,0.0,uppsala,5f9fe38afd517828962fde29
15977,2021-02-24 17:00:00+00:00,0.0,0.0,uppsala,5f9fe38afd517828962fde29
15978,2021-02-24 18:00:00+00:00,0.0,0.0,uppsala,5f9fe38afd517828962fde29
15979,2021-02-24 19:00:00+00:00,0.0,0.0,uppsala,5f9fe38afd517828962fde29
15980,2021-02-24 20:00:00+00:00,0.0,0.0,uppsala,5f9fe38afd517828962fde29
15981,2021-02-24 21:00:00+00:00,0.0,0.0,uppsala,5f9fe38afd517828962fde29
15982,2021-02-24 22:00:00+00:00,0.0,0.0,uppsala,5f9fe38afd517828962fde29
15983,2021-02-24 23:00:00+00:00,0.0,0.0,uppsala,5f9fe38afd517828962fde29
15984,2021-02-25 00:00:00+00:00,0.0,0.0,uppsala,5f9fe38afd517828962fde29
15985,2021-02-25 01:00:00+00:00,0.0,0.0,uppsala,5f9fe38afd517828962fde29
15986,2021-02-25 02:00:00+00:00,0.0,0.0,uppsala,5f9fe38afd517828962fde29
15987,2021-02-25 03:00:00+00:00,0.0,0.0,uppsala,5f9fe38afd517828962fde29
15988,2021-02-25 04:00:00+00:00,0.0,0.0,uppsala,5f9fe38afd517828962fde29
15989,2021-02-25 05:00:00+00:00,0.0,0.0,uppsala,5f9fe38afd517828962fde29
15990,2021-02-25 06:00:00+00:00,0.0,0.0,uppsala,5f9fe38afd517828962fde29
15991,2021-02-25 07:00:00+00:00,0.0,0.19,uppsala,5f9fe38afd517828962fde29
15992,2021-02-25 08:00:00+00:00,0.0,0.94,uppsala,5f9fe38afd517828962fde29
15993,2021-02-25 09:00:00+00:00,2.8,0.92,uppsala,5f9fe38afd517828962fde29
15994,2021-02-25 10:00:00+00:00,4.4,1.21,uppsala,5f9fe38afd517828962fde29
15995,2021-02-25 11:00:00+00:00,4.8,1.2,uppsala,5f9fe38afd517828962fde29
15996,2021-02-25 12:00:00+00:00,4.4,0.66,uppsala,5f9fe38afd517828962fde29
15997,2021-02-25 13:00:00+00:00,2.7,0.09,uppsala,5f9fe38afd517828962fde29
15998,2021-02-25 14:00:00+00:00,0.0,0.09,uppsala,5f9fe38afd517828962fde29
15999,2021-02-25 15:00:00+00:00,0.0,0.0,uppsala,5f9fe38afd517828962fde29
16000,2021-02-25 16:00:00+00:00,0.0,0.0,uppsala,5f9fe38afd517828962fde29
16001,2021-02-25 17:00:00+00:00,0.0,0.0,uppsala,5f9fe38afd517828962fde29
16002,2021-02-25 18:00:00+00:00,0.0,0.0,uppsala,5f9fe38afd517828962fde29
16003,2021-02-25 19:00:00+00:00,0.0,0.0,uppsala,5f9fe38afd517828962fde29
16004,2021-02-25 20:00:00+00:00,0.0,0.0,uppsala,5f9fe38afd517828962fde29
16005,2021-02-25 21:00:00+00:00,0.0,0.0,uppsala,5f9fe38afd517828962fde29
16006,2021-02-25 22:00:00+00:00,0.0,0.0,uppsala,5f9fe38afd517828962fde29
16007,2021-02-25 23:00:00+00:00,0.0,0.0,uppsala,5f9fe38afd517828962fde29
16008,2021-02-26 00:00:00+00:00,0.0,0.0,uppsala,5f9fe38afd517828962fde29
16009,2021-02-26 01:00:00+00:00,0.0,0.0,uppsala,5f9fe38afd517828962fde29
16010,2021-02-26 02:00:00+00:00,0.0,0.0,uppsala,5f9fe38afd517828962fde29
16011,2021-02-26 03:00:00+00:00,0.0,0.0,uppsala,5f9fe38afd517828962fde29
16012,2021-02-26 04:00:00+00:00,0.0,0.0,uppsala,5f9fe38afd517828962fde29
16013,2021-02-26 05:00:00+00:00,0.0,0.0,uppsala,5f9fe38afd517828962fde29
16014,2021-02-26 06:00:00+00:00,1.2,3.59,uppsala,5f9fe38afd517828962fde29
16015,2021-02-26 07:00:00+00:00,502.5,10.89,uppsala,5f9fe38afd517828962fde29
16016,2021-02-26 08:00:00+00:00,691.5,13.98,uppsala,5f9fe38afd517828962fde29
16017,2021-02-26 09:00:00+00:00,787.4,14.62,uppsala,5f9fe38afd517828962fde29
16018,2021-02-26 10:00:00+00:00,818.6,13.68,uppsala,5f9fe38afd517828962fde29
16019,2021-02-26 11:00:00+00:00,826.8,13.99,uppsala,5f9fe38afd517828962fde29
16020,2021-02-26 12:00:00+00:00,812.5,14.96,uppsala,5f9fe38afd517828962fde29
16021,2021-02-26 13:00:00+00:00,767.8,13.85,uppsala,5f9fe38afd517828962fde29
16022,2021-02-26 14:00:00+00:00,399.8,9.68,uppsala,5f9fe38afd517828962fde29
16023,2021-02-26 15:00:00+00:00,472.2,5.0,uppsala,5f9fe38afd517828962fde29
16024,2021-02-26 16:00:00+00:00,17.1,0.0,uppsala,5f9fe38afd517828962fde29
16025,2021-02-26 17:00:00+00:00,0.0,0.0,uppsala,5f9fe38afd517828962fde29
16026,2021-02-26 18:00:00+00:00,0.0,0.0,uppsala,5f9fe38afd517828962fde29
16027,2021-02-26 19:00:00+00:00,0.0,0.0,uppsala,5f9fe38afd517828962fde29
16028,2021-02-26 20:00:00+00:00,0.0,0.0,uppsala,5f9fe38afd517828962fde29
16029,2021-02-26 21:00:00+00:00,0.0,0.0,uppsala,5f9fe38afd517828962fde29
16030,2021-02-26 22:00:00+00:00,0.0,0.0,uppsala,5f9fe38afd517828962fde29
16031,2021-02-26 23:00:00+00:00,0.0,0.0,uppsala,5f9fe38afd517828962fde29
16032,2021-02-27 00:00:00+00:00,0.0,0.0,uppsala,5f9fe38afd517828962fde29
16033,2021-02-27 01:00:00+00:00,0.0,0.0,uppsala,5f9fe38afd517828962fde29
16034,2021-02-27 02:00:00+00:00,0.0,0.0,uppsala,5f9fe38afd517828962fde29
16035,2021-02-27 03:00:00+00:00,0.0,0.0,uppsala,5f9fe38afd517828962fde29
16036,2021-02-27 04:00:00+00:00,0.0,0.0,uppsala,5f9fe38afd517828962fde29
16037,2021-02-27 05:00:00+00:00,0.0,0.01,uppsala,5f9fe38afd517828962fde29
16038,2021-02-27 06:00:00+00:00,45.4,5.09,uppsala,5f9fe38afd517828962fde29
16039,2021-02-27 07:00:00+00:00,583.5,12.09,uppsala,5f9fe38afd517828962fde29
16040,2021-02-27 08:00:00+00:00,753.5,14.75,uppsala,5f9fe38afd517828962fde29
16041,2021-02-27 09:00:00+00:00,807.8,15.41,uppsala,5f9fe38afd517828962fde29
16042,2021-02-27 10:00:00+00:00,790.7,14.04,uppsala,5f9fe38afd517828962fde29
16043,2021-02-27 11:00:00+00:00,242.3,5.56,uppsala,5f9fe38afd517828962fde29
16044,2021-02-27 12:00:00+00:00,183.3,2.23,uppsala,5f9fe38afd517828962fde29
16045,2021-02-27 13:00:00+00:00,5.6,2.06,uppsala,5f9fe38afd517828962fde29
16046,2021-02-27 14:00:00+00:00,19.0,0.67,uppsala,5f9fe38afd517828962fde29
16047,2021-02-27 15:00:00+00:00,7.1,0.0,uppsala,5f9fe38afd517828962fde29
16048,2021-02-27 16:00:00+00:00,0.0,0.0,uppsala,5f9fe38afd517828962fde29
16049,2021-02-27 17:00:00+00:00,0.0,0.0,uppsala,5f9fe38afd517828962fde29
16050,2021-02-27 18:00:00+00:00,0.0,0.0,uppsala,5f9fe38afd517828962fde29
16051,2021-02-27 19:00:00+00:00,0.0,0.0,uppsala,5f9fe38afd517828962fde29
16052,2021-02-27 20:00:00+00:00,0.0,0.0,uppsala,5f9fe38afd517828962fde29
16053,2021-02-27 21:00:00+00:00,0.0,0.0,uppsala,5f9fe38afd517828962fde29
16054,2021-02-27 22:00:00+00:00,0.0,0.0,uppsala,5f9fe38afd517828962fde29
16055,2021-02-27 23:00:00+00:00,0.0,0.0,uppsala,5f9fe38afd517828962fde29
16056,2021-02-28 00:00:00+00:00,0.0,0.0,uppsala,5f9fe38afd517828962fde29
16057,2021-02-28 01:00:00+00:00,0.0,0.0,uppsala,5f9fe38afd517828962fde29
16058,2021-02-28 02:00:00+00:00,0.0,0.0,uppsala,5f9fe38afd517828962fde29
16059,2021-02-28 03:00:00+00:00,0.0,0.0,uppsala,5f9fe38afd517828962fde29
16060,2021-02-28 04:00:00+00:00,0.0,0.0,uppsala,5f9fe38afd517828962fde29
16061,2021-02-28 05:00:00+00:00,0.0,0.03,uppsala,5f9fe38afd517828962fde29
16062,2021-02-28 06:00:00+00:00,0.0,1.71,uppsala,5f9fe38afd517828962fde29
16063,2021-02-28 07:00:00+00:00,0.0,2.55,uppsala,5f9fe38afd517828962fde29
16064,2021-02-28 08:00:00+00:00,130.4,7.69,uppsala,5f9fe38afd517828962fde29
16065,2021-02-28 09:00:00+00:00,333.3,6.93,uppsala,5f9fe38afd517828962fde29
16066,2021-02-28 10:00:00+00:00,700.3,12.63,uppsala,5f9fe38afd517828962fde29
16067,2021-02-28 11:00:00+00:00,763.4,14.11,uppsala,5f9fe38afd517828962fde29
16068,2021-02-28 12:00:00+00:00,734.3,15.03,uppsala,5f9fe38afd517828962fde29
16069,2021-02-28 13:00:00+00:00,674.4,13.58,uppsala,5f9fe38afd517828962fde29
16070,2021-02-28 14:00:00+00:00,582.1,10.11,uppsala,5f9fe38afd517828962fde29
16071,2021-02-28 15:00:00+00:00,468.6,4.13,uppsala,5f9fe38afd517828962fde29
16072,2021-02-28 16:00:00+00:00,68.6,0.01,uppsala,5f9fe38afd517828962fde29
16073,2021-02-28 17:00:00+00:00,0.0,0.0,uppsala,5f9fe38afd517828962fde29
16074,2021-02-28 18:00:00+00:00,0.0,0.0,uppsala,5f9fe38afd517828962fde29
16075,2021-02-28 19:00:00+00:00,0.0,0.0,uppsala,5f9fe38afd517828962fde29
16076,2021-02-28 20:00:00+00:00,0.0,0.0,uppsala,5f9fe38afd517828962fde29
16077,2021-02-28 21:00:00+00:00,0.0,0.0,uppsala,5f9fe38afd517828962fde29
16078,2021-02-28 22:00:00+00:00,0.0,0.0,uppsala,5f9fe38afd517828962fde29
16079,2021-02-28 23:00:00+00:00,0.0,0.0,uppsala,5f9fe38afd517828962fde29
16080,2021-03-01 00:00:00+00:00,0.0,0.0,uppsala,5f9fe38afd517828962fde29
16081,2021-03-01 01:00:00+00:00,0.0,0.0,uppsala,5f9fe38afd517828962fde29
16082,2021-03-01 02:00:00+00:00,0.0,0.0,uppsala,5f9fe38afd517828962fde29
16083,2021-03-01 03:00:00+00:00,0.0,0.0,uppsala,5f9fe38afd517828962fde29
16084,2021-03-01 04:00:00+00:00,0.0,0.0,uppsala,5f9fe38afd517828962fde29
16085,2021-03-01 05:00:00+00:00,0.0,0.01,uppsala,5f9fe38afd517828962fde29
16086,2021-03-01 06:00:00+00:00,0.0,1.84,uppsala,5f9fe38afd517828962fde29
16087,2021-03-01 07:00:00+00:00,57.3,6.28,uppsala,5f9fe38afd517828962fde29
16088,2021-03-01 08:00:00+00:00,30.4,9.91,uppsala,5f9fe38afd517828962fde29
16089,2021-03-01 09:00:00+00:00,7.8,7.63,uppsala,5f9fe38afd517828962fde29
16090,2021-03-01 10:00:00+00:00,19.2,12.54,uppsala,5f9fe38afd517828962fde29
16091,2021-03-01 11:00:00+00:00,7.5,11.55,uppsala,5f9fe38afd517828962fde29
16092,2021-03-01 12:00:00+00:00,111.8,11.27,uppsala,5f9fe38afd517828962fde29
16093,2021-03-01 13:00:00+00:00,9.4,11.89,uppsala,5f9fe38afd517828962fde29
16094,2021-03-01 14:00:00+00:00,599.9,8.78,uppsala,5f9fe38afd517828962fde29
16095,2021-03-01 15:00:00+00:00,430.0,2.11,uppsala,5f9fe38afd517828962fde29
16096,2021-03-01 16:00:00+00:00,0.30000000000000004,0.0,uppsala,5f9fe38afd517828962fde29
16097,2021-03-01 17:00:00+00:00,0.0,0.0,uppsala,5f9fe38afd517828962fde29
16098,2021-03-01 18:00:00+00:00,0.0,0.0,uppsala,5f9fe38afd517828962fde29
16099,2021-03-01 19:00:00+00:00,0.0,0.0,uppsala,5f9fe38afd517828962fde29
16100,2021-03-01 20:00:00+00:00,0.0,0.0,uppsala,5f9fe38afd517828962fde29
16101,2021-03-01 21:00:00+00:00,0.0,0.0,uppsala,5f9fe38afd517828962fde29
16102,2021-03-01 22:00:00+00:00,0.0,0.0,uppsala,5f9fe38afd517828962fde29
16103,2021-03-01 23:00:00+00:00,0.0,0.0,uppsala,5f9fe38afd517828962fde29
16104,2021-03-02 00:00:00+00:00,0.0,0.0,uppsala,5f9fe38afd517828962fde29
16105,2021-03-02 01:00:00+00:00,0.0,0.0,uppsala,5f9fe38afd517828962fde29
16106,2021-03-02 02:00:00+00:00,0.0,0.0,uppsala,5f9fe38afd517828962fde29
16107,2021-03-02 03:00:00+00:00,0.0,0.0,uppsala,5f9fe38afd517828962fde29
16108,2021-03-02 04:00:00+00:00,0.0,0.0,uppsala,5f9fe38afd517828962fde29
16109,2021-03-02 05:00:00+00:00,0.0,0.25,uppsala,5f9fe38afd517828962fde29
16110,2021-03-02 06:00:00+00:00,78.6,3.15,uppsala,5f9fe38afd517828962fde29
16111,2021-03-02 07:00:00+00:00,0.1,2.14,uppsala,5f9fe38afd517828962fde29
16112,2021-03-02 08:00:00+00:00,362.2,8.31,uppsala,5f9fe38afd517828962fde29
16113,2021-03-02 09:00:00+00:00,9.8,12.18,uppsala,5f9fe38afd517828962fde29
16114,2021-03-02 10:00:00+00:00,100.0,14.43,uppsala,5f9fe38afd517828962fde29
16115,2021-03-02 11:00:00+00:00,854.0,14.97,uppsala,5f9fe38afd517828962fde29
16116,2021-03-02 12:00:00+00:00,841.2,15.46,uppsala,5f9fe38afd517828962fde29
16117,2021-03-02 13:00:00+00:00,797.3,14.51,uppsala,5f9fe38afd517828962fde29
16118,2021-03-02 14:00:00+00:00,707.5,11.37,uppsala,5f9fe38afd517828962fde29
16119,2021-03-02 15:00:00+00:00,496.1,5.18,uppsala,5f9fe38afd517828962fde29
16120,2021-03-02 16:00:00+00:00,113.8,0.13,uppsala,5f9fe38afd517828962fde29
16121,2021-03-02 17:00:00+00:00,0.0,0.0,uppsala,5f9fe38afd517828962fde29
16122,2021-03-02 18:00:00+00:00,0.0,0.0,uppsala,5f9fe38afd517828962fde29
16123,2021-03-02 19:00:00+00:00,0.0,0.0,uppsala,5f9fe38afd517828962fde29
16124,2021-03-02 20:00:00+00:00,0.0,0.0,uppsala,5f9fe38afd517828962fde29
16125,2021-03-02 21:00:00+00:00,0.0,0.0,uppsala,5f9fe38afd517828962fde29
16126,2021-03-02 22:00:00+00:00,0.0,0.0,uppsala,5f9fe38afd517828962fde29
16127,2021-03-02 23:00:00+00:00,0.0,0.0,uppsala,5f9fe38afd517828962fde29
16128,2021-03-03 00:00:00+00:00,0.0,0.0,uppsala,5f9fe38afd517828962fde29
16129,2021-03-03 01:00:00+00:00,0.0,0.0,uppsala,5f9fe38afd517828962fde29
16130,2021-03-03 02:00:00+00:00,0.0,0.0,uppsala,5f9fe38afd517828962fde29
16131,2021-03-03 03:00:00+00:00,0.0,0.0,uppsala,5f9fe38afd517828962fde29
16132,2021-03-03 04:00:00+00:00,0.0,0.0,uppsala,5f9fe38afd517828962fde29
16133,2021-03-03 05:00:00+00:00,0.0,0.02,uppsala,5f9fe38afd517828962fde29
16134,2021-03-03 06:00:00+00:00,85.6,5.75,uppsala,5f9fe38afd517828962fde29
16135,2021-03-03 07:00:00+00:00,477.9,12.54,uppsala,5f9fe38afd517828962fde29
16136,2021-03-03 08:00:00+00:00,651.9,15.12,uppsala,5f9fe38afd517828962fde29
16137,2021-03-03 09:00:00+00:00,759.6,15.51,uppsala,5f9fe38afd517828962fde29
16138,2021-03-03 10:00:00+00:00,803.6,14.69,uppsala,5f9fe38afd517828962fde29
16139,2021-03-03 11:00:00+00:00,99.5,15.02,uppsala,5f9fe38afd517828962fde29
16140,2021-03-03 12:00:00+00:00,734.9,13.22,uppsala,5f9fe38afd517828962fde29
16141,2021-03-03 13:00:00+00:00,92.7,13.18,uppsala,5f9fe38afd517828962fde29
16142,2021-03-03 14:00:00+00:00,617.9,8.09,uppsala,5f9fe38afd517828962fde29
16143,2021-03-03 15:00:00+00:00,0.0,4.03,uppsala,5f9fe38afd517828962fde29
16144,2021-03-03 16:00:00+00:00,6.9,0.05,uppsala,5f9fe38afd517828962fde29
16145,2021-03-03 17:00:00+00:00,0.0,0.0,uppsala,5f9fe38afd517828962fde29
16146,2021-03-03 18:00:00+00:00,0.0,0.0,uppsala,5f9fe38afd517828962fde29
16147,2021-03-03 19:00:00+00:00,0.0,0.0,uppsala,5f9fe38afd517828962fde29
16148,2021-03-03 20:00:00+00:00,0.0,0.0,uppsala,5f9fe38afd517828962fde29
16149,2021-03-03 21:00:00+00:00,0.0,0.0,uppsala,5f9fe38afd517828962fde29
16150,2021-03-03 22:00:00+00:00,0.0,0.0,uppsala,5f9fe38afd517828962fde29
16151,2021-03-03 23:00:00+00:00,0.0,0.0,uppsala,5f9fe38afd517828962fde29
16152,2021-03-04 00:00:00+00:00,0.0,0.0,uppsala,5f9fe38afd517828962fde29
16153,2021-03-04 01:00:00+00:00,0.0,0.0,uppsala,5f9fe38afd517828962fde29
16154,2021-03-04 02:00:00+00:00,0.0,0.0,uppsala,5f9fe38afd517828962fde29
16155,2021-03-04 03:00:00+00:00,0.0,0.0,uppsala,5f9fe38afd517828962fde29
16156,2021-03-04 04:00:00+00:00,0.0,0.0,uppsala,5f9fe38afd517828962fde29
16157,2021-03-04 05:00:00+00:00,0.0,0.01,uppsala,5f9fe38afd517828962fde29
16158,2021-03-04 06:00:00+00:00,201.9,4.88,uppsala,5f9fe38afd517828962fde29
16159,2021-03-04 07:00:00+00:00,589.2,13.03,uppsala,5f9fe38afd517828962fde29
16160,2021-03-04 08:00:00+00:00,748.1,15.56,uppsala,5f9fe38afd517828962fde29
16161,2021-03-04 09:00:00+00:00,820.3,15.72,uppsala,5f9fe38afd517828962fde29
16162,2021-03-04 10:00:00+00:00,857.6,15.17,uppsala,5f9fe38afd517828962fde29
16163,2021-03-04 11:00:00+00:00,869.0,15.41,uppsala,5f9fe38afd517828962fde29
16164,2021-03-04 12:00:00+00:00,850.0,11.2,uppsala,5f9fe38afd517828962fde29
16165,2021-03-04 13:00:00+00:00,645.4,4.49,uppsala,5f9fe38afd517828962fde29
16166,2021-03-04 14:00:00+00:00,241.1,3.62,uppsala,5f9fe38afd517828962fde29
16167,2021-03-04 15:00:00+00:00,634.8,1.74,uppsala,5f9fe38afd517828962fde29
16168,2021-03-04 16:00:00+00:00,284.3,0.15,uppsala,5f9fe38afd517828962fde29
16169,2021-03-04 17:00:00+00:00,0.0,0.0,uppsala,5f9fe38afd517828962fde29
16170,2021-03-04 18:00:00+00:00,0.0,0.0,uppsala,5f9fe38afd517828962fde29
16171,2021-03-04 19:00:00+00:00,0.0,0.0,uppsala,5f9fe38afd517828962fde29
16172,2021-03-04 20:00:00+00:00,0.0,0.0,uppsala,5f9fe38afd517828962fde29
16173,2021-03-04 21:00:00+00:00,0.0,0.0,uppsala,5f9fe38afd517828962fde29
16174,2021-03-04 22:00:00+00:00,0.0,0.0,uppsala,5f9fe38afd517828962fde29
16175,2021-03-04 23:00:00+00:00,0.0,0.0,uppsala,5f9fe38afd517828962fde29
16176,2021-03-05 00:00:00+00:00,0.0,0.0,uppsala,5f9fe38afd517828962fde29
16177,2021-03-05 01:00:00+00:00,0.0,0.0,uppsala,5f9fe38afd517828962fde29
16178,2021-03-05 02:00:00+00:00,0.0,0.0,uppsala,5f9fe38afd517828962fde29
16179,2021-03-05 03:00:00+00:00,0.0,0.0,uppsala,5f9fe38afd517828962fde29
16180,2021-03-05 04:00:00+00:00,0.0,0.0,uppsala,5f9fe38afd517828962fde29
16181,2021-03-05 05:00:00+00:00,0.0,0.22,uppsala,5f9fe38afd517828962fde29
16182,2021-03-05 06:00:00+00:00,222.6,7.09,uppsala,5f9fe38afd517828962fde29
16183,2021-03-05 07:00:00+00:00,597.9,13.18,uppsala,5f9fe38afd517828962fde29
16184,2021-03-05 08:00:00+00:00,740.5,15.08,uppsala,5f9fe38afd517828962fde29
16185,2021-03-05 09:00:00+00:00,823.3,15.32,uppsala,5f9fe38afd517828962fde29
16186,2021-03-05 10:00:00+00:00,866.5,14.52,uppsala,5f9fe38afd517828962fde29
16187,2021-03-05 11:00:00+00:00,883.8,13.56,uppsala,5f9fe38afd517828962fde29
16188,2021-03-05 12:00:00+00:00,861.0,16.9,uppsala,5f9fe38afd517828962fde29
16189,2021-03-05 13:00:00+00:00,836.8,15.4,uppsala,5f9fe38afd517828962fde29
16190,2021-03-05 14:00:00+00:00,756.9,11.71,uppsala,5f9fe38afd517828962fde29
16191,2021-03-05 15:00:00+00:00,623.5,6.57,uppsala,5f9fe38afd517828962fde29
16192,2021-03-05 16:00:00+00:00,265.8,0.64,uppsala,5f9fe38afd517828962fde29
16193,2021-03-05 17:00:00+00:00,0.0,0.0,uppsala,5f9fe38afd517828962fde29
16194,2021-03-05 18:00:00+00:00,0.0,0.0,uppsala,5f9fe38afd517828962fde29
16195,2021-03-05 19:00:00+00:00,0.0,0.0,uppsala,5f9fe38afd517828962fde29
16196,2021-03-05 20:00:00+00:00,0.0,0.0,uppsala,5f9fe38afd517828962fde29
16197,2021-03-05 21:00:00+00:00,0.0,0.0,uppsala,5f9fe38afd517828962fde29
16198,2021-03-05 22:00:00+00:00,0.0,0.0,uppsala,5f9fe38afd517828962fde29
16199,2021-03-05 23:00:00+00:00,0.0,0.0,uppsala,5f9fe38afd517828962fde29
16200,2021-03-06 00:00:00+00:00,0.0,0.0,uppsala,5f9fe38afd517828962fde29
16201,2021-03-06 01:00:00+00:00,0.0,0.0,uppsala,5f9fe38afd517828962fde29
16202,2021-03-06 02:00:00+00:00,0.0,0.0,uppsala,5f9fe38afd517828962fde29
16203,2021-03-06 03:00:00+00:00,0.0,0.0,uppsala,5f9fe38afd517828962fde29
16204,2021-03-06 04:00:00+00:00,0.0,0.0,uppsala,5f9fe38afd517828962fde29
16205,2021-03-06 05:00:00+00:00,0.0,0.0,uppsala,5f9fe38afd517828962fde29
16206,2021-03-06 06:00:00+00:00,26.8,0.19,uppsala,5f9fe38afd517828962fde29
16207,2021-03-06 07:00:00+00:00,449.5,1.65,uppsala,5f9fe38afd517828962fde29
16208,2021-03-06 08:00:00+00:00,84.4,4.62,uppsala,5f9fe38afd517828962fde29
16209,2021-03-06 09:00:00+00:00,270.5,7.46,uppsala,5f9fe38afd517828962fde29
16210,2021-03-06 10:00:00+00:00,715.8,4.91,uppsala,5f9fe38afd517828962fde29
16211,2021-03-06 11:00:00+00:00,582.5,3.26,uppsala,5f9fe38afd517828962fde29
16212,2021-03-06 12:00:00+00:00,460.7,2.23,uppsala,5f9fe38afd517828962fde29
16213,2021-03-06 13:00:00+00:00,83.6,1.53,uppsala,5f9fe38afd517828962fde29
16214,2021-03-06 14:00:00+00:00,571.4,0.79,uppsala,5f9fe38afd517828962fde29
16215,2021-03-06 15:00:00+00:00,2.2,0.07,uppsala,5f9fe38afd517828962fde29
16216,2021-03-06 16:00:00+00:00,131.5,0.0,uppsala,5f9fe38afd517828962fde29
16217,2021-03-06 17:00:00+00:00,0.0,0.0,uppsala,5f9fe38afd517828962fde29
16218,2021-03-06 18:00:00+00:00,0.0,0.0,uppsala,5f9fe38afd517828962fde29
16219,2021-03-06 19:00:00+00:00,0.0,0.0,uppsala,5f9fe38afd517828962fde29
16220,2021-03-06 20:00:00+00:00,0.0,0.0,uppsala,5f9fe38afd517828962fde29
16221,2021-03-06 21:00:00+00:00,0.0,0.0,uppsala,5f9fe38afd517828962fde29
16222,2021-03-06 22:00:00+00:00,0.0,0.0,uppsala,5f9fe38afd517828962fde29
16223,2021-03-06 23:00:00+00:00,0.0,0.0,uppsala,5f9fe38afd517828962fde29
16224,2021-03-07 00:00:00+00:00,0.0,0.0,uppsala,5f9fe38afd517828962fde29
16225,2021-03-07 01:00:00+00:00,0.0,0.0,uppsala,5f9fe38afd517828962fde29
16226,2021-03-07 02:00:00+00:00,0.0,0.0,uppsala,5f9fe38afd517828962fde29
16227,2021-03-07 03:00:00+00:00,0.0,0.0,uppsala,5f9fe38afd517828962fde29
16228,2021-03-07 04:00:00+00:00,0.0,0.0,uppsala,5f9fe38afd517828962fde29
16229,2021-03-07 05:00:00+00:00,0.0,0.68,uppsala,5f9fe38afd517828962fde29
16230,2021-03-07 06:00:00+00:00,312.9,8.18,uppsala,5f9fe38afd517828962fde29
16231,2021-03-07 07:00:00+00:00,640.2,14.38,uppsala,5f9fe38afd517828962fde29
16232,2021-03-07 08:00:00+00:00,799.7,16.06,uppsala,5f9fe38afd517828962fde29
16233,2021-03-07 09:00:00+00:00,870.2,10.08,uppsala,5f9fe38afd517828962fde29
16234,2021-03-07 10:00:00+00:00,469.9,8.27,uppsala,5f9fe38afd517828962fde29
16235,2021-03-07 11:00:00+00:00,563.1,5.36,uppsala,5f9fe38afd517828962fde29
16236,2021-03-07 12:00:00+00:00,161.2,9.27,uppsala,5f9fe38afd517828962fde29
16237,2021-03-07 13:00:00+00:00,12.0,7.27,uppsala,5f9fe38afd517828962fde29
16238,2021-03-07 14:00:00+00:00,9.0,4.6,uppsala,5f9fe38afd517828962fde29
16239,2021-03-07 15:00:00+00:00,140.3,0.44,uppsala,5f9fe38afd517828962fde29
16240,2021-03-07 16:00:00+00:00,0.0,0.14,uppsala,5f9fe38afd517828962fde29
16241,2021-03-07 17:00:00+00:00,0.0,0.0,uppsala,5f9fe38afd517828962fde29
16242,2021-03-07 18:00:00+00:00,0.0,0.0,uppsala,5f9fe38afd517828962fde29
16243,2021-03-07 19:00:00+00:00,0.0,0.0,uppsala,5f9fe38afd517828962fde29
16244,2021-03-07 20:00:00+00:00,0.0,0.0,uppsala,5f9fe38afd517828962fde29
16245,2021-03-07 21:00:00+00:00,0.0,0.0,uppsala,5f9fe38afd517828962fde29
16246,2021-03-07 22:00:00+00:00,0.0,0.0,uppsala,5f9fe38afd517828962fde29
16247,2021-03-07 23:00:00+00:00,0.0,0.0,uppsala,5f9fe38afd517828962fde29
16248,2021-03-08 00:00:00+00:00,0.0,0.0,uppsala,5f9fe38afd517828962fde29
16249,2021-03-08 01:00:00+00:00,0.0,0.0,uppsala,5f9fe38afd517828962fde29
16250,2021-03-08 02:00:00+00:00,0.0,0.0,uppsala,5f9fe38afd517828962fde29
16251,2021-03-08 03:00:00+00:00,0.0,0.0,uppsala,5f9fe38afd517828962fde29
16252,2021-03-08 04:00:00+00:00,0.0,0.0,uppsala,5f9fe38afd517828962fde29
16253,2021-03-08 05:00:00+00:00,0.0,0.31,uppsala,5f9fe38afd517828962fde29
16254,2021-03-08 06:00:00+00:00,308.6,7.32,uppsala,5f9fe38afd517828962fde29
16255,2021-03-08 07:00:00+00:00,651.5,14.24,uppsala,5f9fe38afd517828962fde29
16256,2021-03-08 08:00:00+00:00,789.3,16.81,uppsala,5f9fe38afd517828962fde29
16257,2021-03-08 09:00:00+00:00,857.6,17.01,uppsala,5f9fe38afd517828962fde29
16258,2021-03-08 10:00:00+00:00,894.5,15.89,uppsala,5f9fe38afd517828962fde29
16259,2021-03-08 11:00:00+00:00,904.6,15.66,uppsala,5f9fe38afd517828962fde29
16260,2021-03-08 12:00:00+00:00,879.1,16.48,uppsala,5f9fe38afd517828962fde29
16261,2021-03-08 13:00:00+00:00,838.5,15.5,uppsala,5f9fe38afd517828962fde29
16262,2021-03-08 14:00:00+00:00,779.5,12.03,uppsala,5f9fe38afd517828962fde29
16263,2021-03-08 15:00:00+00:00,557.4,2.35,uppsala,5f9fe38afd517828962fde29
16264,2021-03-08 16:00:00+00:00,1.0,0.03,uppsala,5f9fe38afd517828962fde29
16265,2021-03-08 17:00:00+00:00,0.0,0.0,uppsala,5f9fe38afd517828962fde29
16266,2021-03-08 18:00:00+00:00,0.0,0.0,uppsala,5f9fe38afd517828962fde29
16267,2021-03-08 19:00:00+00:00,0.0,0.0,uppsala,5f9fe38afd517828962fde29
16268,2021-03-08 20:00:00+00:00,0.0,0.0,uppsala,5f9fe38afd517828962fde29
16269,2021-03-08 21:00:00+00:00,0.0,0.0,uppsala,5f9fe38afd517828962fde29
16270,2021-03-08 22:00:00+00:00,0.0,0.0,uppsala,5f9fe38afd517828962fde29
16271,2021-03-08 23:00:00+00:00,0.0,0.0,uppsala,5f9fe38afd517828962fde29
16272,2021-03-09 00:00:00+00:00,0.0,0.0,uppsala,5f9fe38afd517828962fde29
16273,2021-03-09 01:00:00+00:00,0.0,0.0,uppsala,5f9fe38afd517828962fde29
16274,2021-03-09 02:00:00+00:00,0.0,0.0,uppsala,5f9fe38afd517828962fde29
16275,2021-03-09 03:00:00+00:00,0.0,0.0,uppsala,5f9fe38afd517828962fde29
16276,2021-03-09 04:00:00+00:00,0.0,0.0,uppsala,5f9fe38afd517828962fde29
16277,2021-03-09 05:00:00+00:00,0.0,0.14,uppsala,5f9fe38afd517828962fde29
16278,2021-03-09 06:00:00+00:00,0.0,1.17,uppsala,5f9fe38afd517828962fde29
16279,2021-03-09 07:00:00+00:00,13.8,1.18,uppsala,5f9fe38afd517828962fde29
16280,2021-03-09 08:00:00+00:00,5.0,2.35,uppsala,5f9fe38afd517828962fde29
16281,2021-03-09 09:00:00+00:00,7.5,2.53,uppsala,5f9fe38afd517828962fde29
16282,2021-03-09 10:00:00+00:00,8.5,3.65,uppsala,5f9fe38afd517828962fde29
16283,2021-03-09 11:00:00+00:00,219.4,4.89,uppsala,5f9fe38afd517828962fde29
16284,2021-03-09 12:00:00+00:00,8.8,1.92,uppsala,5f9fe38afd517828962fde29
16285,2021-03-09 13:00:00+00:00,8.1,2.9,uppsala,5f9fe38afd517828962fde29
16286,2021-03-09 14:00:00+00:00,6.1,1.44,uppsala,5f9fe38afd517828962fde29
16287,2021-03-09 15:00:00+00:00,9.5,0.1,uppsala,5f9fe38afd517828962fde29
16288,2021-03-09 16:00:00+00:00,0.0,0.0,uppsala,5f9fe38afd517828962fde29
16289,2021-03-09 17:00:00+00:00,0.0,0.0,uppsala,5f9fe38afd517828962fde29
16290,2021-03-09 18:00:00+00:00,0.0,0.0,uppsala,5f9fe38afd517828962fde29
16291,2021-03-09 19:00:00+00:00,0.0,0.0,uppsala,5f9fe38afd517828962fde29
16292,2021-03-09 20:00:00+00:00,0.0,0.0,uppsala,5f9fe38afd517828962fde29
16293,2021-03-09 21:00:00+00:00,0.0,0.0,uppsala,5f9fe38afd517828962fde29
16294,2021-03-09 22:00:00+00:00,0.0,0.0,uppsala,5f9fe38afd517828962fde29
16295,2021-03-09 23:00:00+00:00,0.0,0.0,uppsala,5f9fe38afd517828962fde29
16296,2021-03-10 00:00:00+00:00,0.0,0.0,uppsala,5f9fe38afd517828962fde29
16297,2021-03-10 01:00:00+00:00,0.0,0.0,uppsala,5f9fe38afd517828962fde29
16298,2021-03-10 02:00:00+00:00,0.0,0.0,uppsala,5f9fe38afd517828962fde29
16299,2021-03-10 03:00:00+00:00,0.0,0.0,uppsala,5f9fe38afd517828962fde29
16300,2021-03-10 04:00:00+00:00,0.0,0.0,uppsala,5f9fe38afd517828962fde29
16301,2021-03-10 05:00:00+00:00,0.0,0.0,uppsala,5f9fe38afd517828962fde29
16302,2021-03-10 06:00:00+00:00,0.0,0.65,uppsala,5f9fe38afd517828962fde29
16303,2021-03-10 07:00:00+00:00,6.0,2.18,uppsala,5f9fe38afd517828962fde29
16304,2021-03-10 08:00:00+00:00,10.7,2.73,uppsala,5f9fe38afd517828962fde29
16305,2021-03-10 09:00:00+00:00,13.7,2.68,uppsala,5f9fe38afd517828962fde29
16306,2021-03-10 10:00:00+00:00,26.2,2.38,uppsala,5f9fe38afd517828962fde29
16307,2021-03-10 11:00:00+00:00,14.3,2.6,uppsala,5f9fe38afd517828962fde29
16308,2021-03-10 12:00:00+00:00,13.4,3.99,uppsala,5f9fe38afd517828962fde29
16309,2021-03-10 13:00:00+00:00,168.2,3.37,uppsala,5f9fe38afd517828962fde29
16310,2021-03-10 14:00:00+00:00,16.1,1.12,uppsala,5f9fe38afd517828962fde29
16311,2021-03-10 15:00:00+00:00,2.0,0.34,uppsala,5f9fe38afd517828962fde29
16312,2021-03-10 16:00:00+00:00,0.0,0.0,uppsala,5f9fe38afd517828962fde29
16313,2021-03-10 17:00:00+00:00,0.0,0.0,uppsala,5f9fe38afd517828962fde29
16314,2021-03-10 18:00:00+00:00,0.0,0.0,uppsala,5f9fe38afd517828962fde29
16315,2021-03-10 19:00:00+00:00,0.0,0.0,uppsala,5f9fe38afd517828962fde29
16316,2021-03-10 20:00:00+00:00,0.0,0.0,uppsala,5f9fe38afd517828962fde29
16317,2021-03-10 21:00:00+00:00,0.0,0.0,uppsala,5f9fe38afd517828962fde29
16318,2021-03-10 22:00:00+00:00,0.0,0.0,uppsala,5f9fe38afd517828962fde29
16319,2021-03-10 23:00:00+00:00,0.0,0.0,uppsala,5f9fe38afd517828962fde29
16320,2021-03-11 00:00:00+00:00,0.0,0.0,uppsala,5f9fe38afd517828962fde29
16321,2021-03-11 01:00:00+00:00,0.0,0.0,uppsala,5f9fe38afd517828962fde29
16322,2021-03-11 02:00:00+00:00,0.0,0.0,uppsala,5f9fe38afd517828962fde29
16323,2021-03-11 03:00:00+00:00,0.0,0.0,uppsala,5f9fe38afd517828962fde29
16324,2021-03-11 04:00:00+00:00,0.0,0.0,uppsala,5f9fe38afd517828962fde29
16325,2021-03-11 05:00:00+00:00,0.0,0.01,uppsala,5f9fe38afd517828962fde29
16326,2021-03-11 06:00:00+00:00,2.9,0.64,uppsala,5f9fe38afd517828962fde29
16327,2021-03-11 07:00:00+00:00,5.0,1.56,uppsala,5f9fe38afd517828962fde29
16328,2021-03-11 08:00:00+00:00,111.6,2.74,uppsala,5f9fe38afd517828962fde29
16329,2021-03-11 09:00:00+00:00,7.4,3.38,uppsala,5f9fe38afd517828962fde29
16330,2021-03-11 10:00:00+00:00,81.8,4.55,uppsala,5f9fe38afd517828962fde29
16331,2021-03-11 11:00:00+00:00,8.6,4.05,uppsala,5f9fe38afd517828962fde29
16332,2021-03-11 12:00:00+00:00,22.7,3.08,uppsala,5f9fe38afd517828962fde29
16333,2021-03-11 13:00:00+00:00,6.1,2.31,uppsala,5f9fe38afd517828962fde29
16334,2021-03-11 14:00:00+00:00,82.1,0.08,uppsala,5f9fe38afd517828962fde29
16335,2021-03-11 15:00:00+00:00,0.0,0.0,uppsala,5f9fe38afd517828962fde29
16336,2021-03-11 16:00:00+00:00,0.0,0.0,uppsala,5f9fe38afd517828962fde29
16337,2021-03-11 17:00:00+00:00,0.0,0.0,uppsala,5f9fe38afd517828962fde29
16338,2021-03-11 18:00:00+00:00,0.0,0.0,uppsala,5f9fe38afd517828962fde29
16339,2021-03-11 19:00:00+00:00,0.0,0.0,uppsala,5f9fe38afd517828962fde29
16340,2021-03-11 20:00:00+00:00,0.0,0.0,uppsala,5f9fe38afd517828962fde29
16341,2021-03-11 21:00:00+00:00,0.0,0.0,uppsala,5f9fe38afd517828962fde29
16342,2021-03-11 22:00:00+00:00,0.0,0.0,uppsala,5f9fe38afd517828962fde29
16343,2021-03-11 23:00:00+00:00,0.0,0.0,uppsala,5f9fe38afd517828962fde29
16344,2021-03-12 00:00:00+00:00,0.0,0.0,uppsala,5f9fe38afd517828962fde29
16345,2021-03-12 01:00:00+00:00,0.0,0.0,uppsala,5f9fe38afd517828962fde29
16346,2021-03-12 02:00:00+00:00,0.0,0.0,uppsala,5f9fe38afd517828962fde29
16347,2021-03-12 03:00:00+00:00,0.0,0.0,uppsala,5f9fe38afd517828962fde29
16348,2021-03-12 04:00:00+00:00,0.0,0.0,uppsala,5f9fe38afd517828962fde29
16349,2021-03-12 05:00:00+00:00,0.0,0.0,uppsala,5f9fe38afd517828962fde29
16350,2021-03-12 06:00:00+00:00,0.0,0.32,uppsala,5f9fe38afd517828962fde29
16351,2021-03-12 07:00:00+00:00,2.4,1.46,uppsala,5f9fe38afd517828962fde29
16352,2021-03-12 08:00:00+00:00,7.2,1.75,uppsala,5f9fe38afd517828962fde29
16353,2021-03-12 09:00:00+00:00,9.9,2.48,uppsala,5f9fe38afd517828962fde29
16354,2021-03-12 10:00:00+00:00,14.5,3.48,uppsala,5f9fe38afd517828962fde29
16355,2021-03-12 11:00:00+00:00,10.9,3.56,uppsala,5f9fe38afd517828962fde29
16356,2021-03-12 12:00:00+00:00,14.4,2.66,uppsala,5f9fe38afd517828962fde29
16357,2021-03-12 13:00:00+00:00,9.4,2.55,uppsala,5f9fe38afd517828962fde29
16358,2021-03-12 14:00:00+00:00,16.6,1.32,uppsala,5f9fe38afd517828962fde29
16359,2021-03-12 15:00:00+00:00,0.8,1.4,uppsala,5f9fe38afd517828962fde29
16360,2021-03-12 16:00:00+00:00,10.2,0.14,uppsala,5f9fe38afd517828962fde29
16361,2021-03-12 17:00:00+00:00,0.0,0.0,uppsala,5f9fe38afd517828962fde29
16362,2021-03-12 18:00:00+00:00,0.0,0.0,uppsala,5f9fe38afd517828962fde29
16363,2021-03-12 19:00:00+00:00,0.0,0.0,uppsala,5f9fe38afd517828962fde29
16364,2021-03-12 20:00:00+00:00,0.0,0.0,uppsala,5f9fe38afd517828962fde29
16365,2021-03-12 21:00:00+00:00,0.0,0.0,uppsala,5f9fe38afd517828962fde29
16366,2021-03-12 22:00:00+00:00,0.0,0.0,uppsala,5f9fe38afd517828962fde29
16367,2021-03-12 23:00:00+00:00,0.0,0.0,uppsala,5f9fe38afd517828962fde29
16368,2021-03-13 00:00:00+00:00,0.0,0.0,uppsala,5f9fe38afd517828962fde29
16369,2021-03-13 01:00:00+00:00,0.0,0.0,uppsala,5f9fe38afd517828962fde29
16370,2021-03-13 02:00:00+00:00,0.0,0.0,uppsala,5f9fe38afd517828962fde29
16371,2021-03-13 03:00:00+00:00,0.0,0.0,uppsala,5f9fe38afd517828962fde29
16372,2021-03-13 04:00:00+00:00,0.0,0.0,uppsala,5f9fe38afd517828962fde29
16373,2021-03-13 05:00:00+00:00,0.0,0.06,uppsala,5f9fe38afd517828962fde29
16374,2021-03-13 06:00:00+00:00,0.0,1.58,uppsala,5f9fe38afd517828962fde29
16375,2021-03-13 07:00:00+00:00,55.2,2.8,uppsala,5f9fe38afd517828962fde29
16376,2021-03-13 08:00:00+00:00,12.8,3.2,uppsala,5f9fe38afd517828962fde29
16377,2021-03-13 09:00:00+00:00,34.3,3.9,uppsala,5f9fe38afd517828962fde29
16378,2021-03-13 10:00:00+00:00,356.9,5.6,uppsala,5f9fe38afd517828962fde29
16379,2021-03-13 11:00:00+00:00,11.9,8.58,uppsala,5f9fe38afd517828962fde29
16380,2021-03-13 12:00:00+00:00,11.7,9.49,uppsala,5f9fe38afd517828962fde29
16381,2021-03-13 13:00:00+00:00,152.4,3.14,uppsala,5f9fe38afd517828962fde29
16382,2021-03-13 14:00:00+00:00,135.5,3.92,uppsala,5f9fe38afd517828962fde29
16383,2021-03-13 15:00:00+00:00,2.2,1.31,uppsala,5f9fe38afd517828962fde29
16384,2021-03-13 16:00:00+00:00,0.0,0.12,uppsala,5f9fe38afd517828962fde29
16385,2021-03-13 17:00:00+00:00,0.0,0.0,uppsala,5f9fe38afd517828962fde29
16386,2021-03-13 18:00:00+00:00,0.0,0.0,uppsala,5f9fe38afd517828962fde29
16387,2021-03-13 19:00:00+00:00,0.0,0.0,uppsala,5f9fe38afd517828962fde29
16388,2021-03-13 20:00:00+00:00,0.0,0.0,uppsala,5f9fe38afd517828962fde29
16389,2021-03-13 21:00:00+00:00,0.0,0.0,uppsala,5f9fe38afd517828962fde29
16390,2021-03-13 22:00:00+00:00,0.0,0.0,uppsala,5f9fe38afd517828962fde29
16391,2021-03-13 23:00:00+00:00,0.0,0.0,uppsala,5f9fe38afd517828962fde29
16392,2021-03-14 00:00:00+00:00,0.0,0.0,uppsala,5f9fe38afd517828962fde29
16393,2021-03-14 01:00:00+00:00,0.0,0.0,uppsala,5f9fe38afd517828962fde29
16394,2021-03-14 02:00:00+00:00,0.0,0.0,uppsala,5f9fe38afd517828962fde29
16395,2021-03-14 03:00:00+00:00,0.0,0.0,uppsala,5f9fe38afd517828962fde29
16396,2021-03-14 04:00:00+00:00,0.0,0.0,uppsala,5f9fe38afd517828962fde29
16397,2021-03-14 05:00:00+00:00,0.0,0.0,uppsala,5f9fe38afd517828962fde29
16398,2021-03-14 06:00:00+00:00,0.0,0.42,uppsala,5f9fe38afd517828962fde29
16399,2021-03-14 07:00:00+00:00,3.7,1.84,uppsala,5f9fe38afd517828962fde29
16400,2021-03-14 08:00:00+00:00,14.5,2.21,uppsala,5f9fe38afd517828962fde29
16401,2021-03-14 09:00:00+00:00,10.4,3.28,uppsala,5f9fe38afd517828962fde29
16402,2021-03-14 10:00:00+00:00,11.3,4.74,uppsala,5f9fe38afd517828962fde29
16403,2021-03-14 11:00:00+00:00,68.3,6.59,uppsala,5f9fe38afd517828962fde29
16404,2021-03-14 12:00:00+00:00,11.5,6.34,uppsala,5f9fe38afd517828962fde29
16405,2021-03-14 13:00:00+00:00,184.2,2.99,uppsala,5f9fe38afd517828962fde29
16406,2021-03-14 14:00:00+00:00,109.2,1.31,uppsala,5f9fe38afd517828962fde29
16407,2021-03-14 15:00:00+00:00,36.9,0.44,uppsala,5f9fe38afd517828962fde29
16408,2021-03-14 16:00:00+00:00,54.7,0.0,uppsala,5f9fe38afd517828962fde29
16409,2021-03-14 17:00:00+00:00,0.0,0.0,uppsala,5f9fe38afd517828962fde29
16410,2021-03-14 18:00:00+00:00,0.0,0.0,uppsala,5f9fe38afd517828962fde29
16411,2021-03-14 19:00:00+00:00,0.0,0.0,uppsala,5f9fe38afd517828962fde29
16412,2021-03-14 20:00:00+00:00,0.0,0.0,uppsala,5f9fe38afd517828962fde29
16413,2021-03-14 21:00:00+00:00,0.0,0.0,uppsala,5f9fe38afd517828962fde29
16414,2021-03-14 22:00:00+00:00,0.0,0.0,uppsala,5f9fe38afd517828962fde29
16415,2021-03-14 23:00:00+00:00,0.0,0.0,uppsala,5f9fe38afd517828962fde29
16416,2021-03-15 00:00:00+00:00,0.0,0.0,uppsala,5f9fe38afd517828962fde29
16417,2021-03-15 01:00:00+00:00,0.0,0.0,uppsala,5f9fe38afd517828962fde29
16418,2021-03-15 02:00:00+00:00,0.0,0.0,uppsala,5f9fe38afd517828962fde29
16419,2021-03-15 03:00:00+00:00,0.0,0.0,uppsala,5f9fe38afd517828962fde29
16420,2021-03-15 04:00:00+00:00,0.0,0.0,uppsala,5f9fe38afd517828962fde29
16421,2021-03-15 05:00:00+00:00,0.0,0.04,uppsala,5f9fe38afd517828962fde29
16422,2021-03-15 06:00:00+00:00,19.9,1.33,uppsala,5f9fe38afd517828962fde29
16423,2021-03-15 07:00:00+00:00,4.4,3.32,uppsala,5f9fe38afd517828962fde29
16424,2021-03-15 08:00:00+00:00,312.8,11.71,uppsala,5f9fe38afd517828962fde29
16425,2021-03-15 09:00:00+00:00,8.5,18.08,uppsala,5f9fe38afd517828962fde29
16426,2021-03-15 10:00:00+00:00,510.8,16.7,uppsala,5f9fe38afd517828962fde29
16427,2021-03-15 11:00:00+00:00,657.8,13.89,uppsala,5f9fe38afd517828962fde29
16428,2021-03-15 12:00:00+00:00,583.4,3.13,uppsala,5f9fe38afd517828962fde29
16429,2021-03-15 13:00:00+00:00,198.6,9.81,uppsala,5f9fe38afd517828962fde29
16430,2021-03-15 14:00:00+00:00,215.8,2.1,uppsala,5f9fe38afd517828962fde29
16431,2021-03-15 15:00:00+00:00,69.6,1.99,uppsala,5f9fe38afd517828962fde29
16432,2021-03-15 16:00:00+00:00,23.3,0.03,uppsala,5f9fe38afd517828962fde29
16433,2021-03-15 17:00:00+00:00,0.0,0.0,uppsala,5f9fe38afd517828962fde29
16434,2021-03-15 18:00:00+00:00,0.0,0.0,uppsala,5f9fe38afd517828962fde29
16435,2021-03-15 19:00:00+00:00,0.0,0.0,uppsala,5f9fe38afd517828962fde29
16436,2021-03-15 20:00:00+00:00,0.0,0.0,uppsala,5f9fe38afd517828962fde29
16437,2021-03-15 21:00:00+00:00,0.0,0.0,uppsala,5f9fe38afd517828962fde29
16438,2021-03-15 22:00:00+00:00,0.0,0.0,uppsala,5f9fe38afd517828962fde29
16439,2021-03-15 23:00:00+00:00,0.0,0.0,uppsala,5f9fe38afd517828962fde29
16440,2021-03-16 00:00:00+00:00,0.0,0.0,uppsala,5f9fe38afd517828962fde29
16441,2021-03-16 01:00:00+00:00,0.0,0.0,uppsala,5f9fe38afd517828962fde29
16442,2021-03-16 02:00:00+00:00,0.0,0.0,uppsala,5f9fe38afd517828962fde29
16443,2021-03-16 03:00:00+00:00,0.0,0.0,uppsala,5f9fe38afd517828962fde29
16444,2021-03-16 04:00:00+00:00,0.0,0.0,uppsala,5f9fe38afd517828962fde29
16445,2021-03-16 05:00:00+00:00,0.0,1.34,uppsala,5f9fe38afd517828962fde29
16446,2021-03-16 06:00:00+00:00,474.3,8.83,uppsala,5f9fe38afd517828962fde29
16447,2021-03-16 07:00:00+00:00,610.7,15.59,uppsala,5f9fe38afd517828962fde29
16448,2021-03-16 08:00:00+00:00,785.6,16.99,uppsala,5f9fe38afd517828962fde29
16449,2021-03-16 09:00:00+00:00,832.9,17.91,uppsala,5f9fe38afd517828962fde29
16450,2021-03-16 10:00:00+00:00,858.1,16.81,uppsala,5f9fe38afd517828962fde29
16451,2021-03-16 11:00:00+00:00,737.2,7.13,uppsala,5f9fe38afd517828962fde29
16452,2021-03-16 12:00:00+00:00,39.1,4.43,uppsala,5f9fe38afd517828962fde29
16453,2021-03-16 13:00:00+00:00,51.5,5.91,uppsala,5f9fe38afd517828962fde29
16454,2021-03-16 14:00:00+00:00,16.0,1.35,uppsala,5f9fe38afd517828962fde29
16455,2021-03-16 15:00:00+00:00,85.2,2.65,uppsala,5f9fe38afd517828962fde29
16456,2021-03-16 16:00:00+00:00,128.3,0.11,uppsala,5f9fe38afd517828962fde29
16457,2021-03-16 17:00:00+00:00,0.0,0.0,uppsala,5f9fe38afd517828962fde29
16458,2021-03-16 18:00:00+00:00,0.0,0.0,uppsala,5f9fe38afd517828962fde29
16459,2021-03-16 19:00:00+00:00,0.0,0.0,uppsala,5f9fe38afd517828962fde29
16460,2021-03-16 20:00:00+00:00,0.0,0.0,uppsala,5f9fe38afd517828962fde29
16461,2021-03-16 21:00:00+00:00,0.0,0.0,uppsala,5f9fe38afd517828962fde29
16462,2021-03-16 22:00:00+00:00,0.0,0.0,uppsala,5f9fe38afd517828962fde29
16463,2021-03-16 23:00:00+00:00,0.0,0.0,uppsala,5f9fe38afd517828962fde29
16464,2021-03-17 00:00:00+00:00,0.0,0.0,uppsala,5f9fe38afd517828962fde29
16465,2021-03-17 01:00:00+00:00,0.0,0.0,uppsala,5f9fe38afd517828962fde29
16466,2021-03-17 02:00:00+00:00,0.0,0.0,uppsala,5f9fe38afd517828962fde29
16467,2021-03-17 03:00:00+00:00,0.0,0.0,uppsala,5f9fe38afd517828962fde29
16468,2021-03-17 04:00:00+00:00,0.0,0.0,uppsala,5f9fe38afd517828962fde29
16469,2021-03-17 05:00:00+00:00,0.0,0.35,uppsala,5f9fe38afd517828962fde29
16470,2021-03-17 06:00:00+00:00,80.9,7.73,uppsala,5f9fe38afd517828962fde29
16471,2021-03-17 07:00:00+00:00,560.5,15.8,uppsala,5f9fe38afd517828962fde29
16472,2021-03-17 08:00:00+00:00,592.5,4.35,uppsala,5f9fe38afd517828962fde29
16473,2021-03-17 09:00:00+00:00,47.4,4.84,uppsala,5f9fe38afd517828962fde29
16474,2021-03-17 10:00:00+00:00,201.4,3.07,uppsala,5f9fe38afd517828962fde29
16475,2021-03-17 11:00:00+00:00,14.0,3.55,uppsala,5f9fe38afd517828962fde29
16476,2021-03-17 12:00:00+00:00,36.8,5.49,uppsala,5f9fe38afd517828962fde29
16477,2021-03-17 13:00:00+00:00,206.7,13.56,uppsala,5f9fe38afd517828962fde29
16478,2021-03-17 14:00:00+00:00,742.4,13.51,uppsala,5f9fe38afd517828962fde29
16479,2021-03-17 15:00:00+00:00,673.8,8.86,uppsala,5f9fe38afd517828962fde29
16480,2021-03-17 16:00:00+00:00,466.4,1.17,uppsala,5f9fe38afd517828962fde29
16481,2021-03-17 17:00:00+00:00,0.0,0.0,uppsala,5f9fe38afd517828962fde29
16482,2021-03-17 18:00:00+00:00,0.0,0.0,uppsala,5f9fe38afd517828962fde29
16483,2021-03-17 19:00:00+00:00,0.0,0.0,uppsala,5f9fe38afd517828962fde29
16484,2021-03-17 20:00:00+00:00,0.0,0.0,uppsala,5f9fe38afd517828962fde29
16485,2021-03-17 21:00:00+00:00,0.0,0.0,uppsala,5f9fe38afd517828962fde29
16486,2021-03-17 22:00:00+00:00,0.0,0.0,uppsala,5f9fe38afd517828962fde29
16487,2021-03-17 23:00:00+00:00,0.0,0.0,uppsala,5f9fe38afd517828962fde29
16488,2021-03-18 00:00:00+00:00,0.0,0.0,uppsala,5f9fe38afd517828962fde29
16489,2021-03-18 01:00:00+00:00,0.0,0.0,uppsala,5f9fe38afd517828962fde29
16490,2021-03-18 02:00:00+00:00,0.0,0.0,uppsala,5f9fe38afd517828962fde29
16491,2021-03-18 03:00:00+00:00,0.0,0.0,uppsala,5f9fe38afd517828962fde29
16492,2021-03-18 04:00:00+00:00,0.0,0.0,uppsala,5f9fe38afd517828962fde29
16493,2021-03-18 05:00:00+00:00,0.0,0.06,uppsala,5f9fe38afd517828962fde29
16494,2021-03-18 06:00:00+00:00,97.9,4.26,uppsala,5f9fe38afd517828962fde29
16495,2021-03-18 07:00:00+00:00,3.9,10.27,uppsala,5f9fe38afd517828962fde29
16496,2021-03-18 08:00:00+00:00,595.5,15.04,uppsala,5f9fe38afd517828962fde29
16497,2021-03-18 09:00:00+00:00,44.6,7.43,uppsala,5f9fe38afd517828962fde29
16498,2021-03-18 10:00:00+00:00,11.1,5.62,uppsala,5f9fe38afd517828962fde29
16499,2021-03-18 11:00:00+00:00,90.1,7.51,uppsala,5f9fe38afd517828962fde29
16500,2021-03-18 12:00:00+00:00,18.2,6.7,uppsala,5f9fe38afd517828962fde29
16501,2021-03-18 13:00:00+00:00,10.1,2.92,uppsala,5f9fe38afd517828962fde29
16502,2021-03-18 14:00:00+00:00,8.1,7.42,uppsala,5f9fe38afd517828962fde29
16503,2021-03-18 15:00:00+00:00,624.6,4.28,uppsala,5f9fe38afd517828962fde29
16504,2021-03-18 16:00:00+00:00,55.6,0.34,uppsala,5f9fe38afd517828962fde29
16505,2021-03-18 17:00:00+00:00,0.0,0.0,uppsala,5f9fe38afd517828962fde29
16506,2021-03-18 18:00:00+00:00,0.0,0.0,uppsala,5f9fe38afd517828962fde29
16507,2021-03-18 19:00:00+00:00,0.0,0.0,uppsala,5f9fe38afd517828962fde29
16508,2021-03-18 20:00:00+00:00,0.0,0.0,uppsala,5f9fe38afd517828962fde29
16509,2021-03-18 21:00:00+00:00,0.0,0.0,uppsala,5f9fe38afd517828962fde29
16510,2021-03-18 22:00:00+00:00,0.0,0.0,uppsala,5f9fe38afd517828962fde29
16511,2021-03-18 23:00:00+00:00,0.0,0.0,uppsala,5f9fe38afd517828962fde29
16512,2021-03-19 00:00:00+00:00,0.0,0.0,uppsala,5f9fe38afd517828962fde29
16513,2021-03-19 01:00:00+00:00,0.0,0.0,uppsala,5f9fe38afd517828962fde29
16514,2021-03-19 02:00:00+00:00,0.0,0.0,uppsala,5f9fe38afd517828962fde29
16515,2021-03-19 03:00:00+00:00,0.0,0.0,uppsala,5f9fe38afd517828962fde29
16516,2021-03-19 04:00:00+00:00,0.0,0.0,uppsala,5f9fe38afd517828962fde29
16517,2021-03-19 05:00:00+00:00,1.5,2.51,uppsala,5f9fe38afd517828962fde29
16518,2021-03-19 06:00:00+00:00,0.0,10.0,uppsala,5f9fe38afd517828962fde29
16519,2021-03-19 07:00:00+00:00,514.6,9.68,uppsala,5f9fe38afd517828962fde29
16520,2021-03-19 08:00:00+00:00,9.7,10.76,uppsala,5f9fe38afd517828962fde29
16521,2021-03-19 09:00:00+00:00,54.2,10.75,uppsala,5f9fe38afd517828962fde29
16522,2021-03-19 10:00:00+00:00,55.3,9.71,uppsala,5f9fe38afd517828962fde29
16523,2021-03-19 11:00:00+00:00,430.0,10.94,uppsala,5f9fe38afd517828962fde29
16524,2021-03-19 12:00:00+00:00,533.5,11.72,uppsala,5f9fe38afd517828962fde29
16525,2021-03-19 13:00:00+00:00,226.8,10.26,uppsala,5f9fe38afd517828962fde29
16526,2021-03-19 14:00:00+00:00,788.9,11.77,uppsala,5f9fe38afd517828962fde29
16527,2021-03-19 15:00:00+00:00,683.0,8.33,uppsala,5f9fe38afd517828962fde29
16528,2021-03-19 16:00:00+00:00,427.4,0.95,uppsala,5f9fe38afd517828962fde29
16529,2021-03-19 17:00:00+00:00,0.0,0.0,uppsala,5f9fe38afd517828962fde29
16530,2021-03-19 18:00:00+00:00,0.0,0.0,uppsala,5f9fe38afd517828962fde29
16531,2021-03-19 19:00:00+00:00,0.0,0.0,uppsala,5f9fe38afd517828962fde29
16532,2021-03-19 20:00:00+00:00,0.0,0.0,uppsala,5f9fe38afd517828962fde29
16533,2021-03-19 21:00:00+00:00,0.0,0.0,uppsala,5f9fe38afd517828962fde29
16534,2021-03-19 22:00:00+00:00,0.0,0.0,uppsala,5f9fe38afd517828962fde29
16535,2021-03-19 23:00:00+00:00,0.0,0.0,uppsala,5f9fe38afd517828962fde29
16536,2021-03-20 00:00:00+00:00,0.0,0.0,uppsala,5f9fe38afd517828962fde29
16537,2021-03-20 01:00:00+00:00,0.0,0.0,uppsala,5f9fe38afd517828962fde29
16538,2021-03-20 02:00:00+00:00,0.0,0.0,uppsala,5f9fe38afd517828962fde29
16539,2021-03-20 03:00:00+00:00,0.0,0.0,uppsala,5f9fe38afd517828962fde29
16540,2021-03-20 04:00:00+00:00,0.0,0.0,uppsala,5f9fe38afd517828962fde29
16541,2021-03-20 05:00:00+00:00,0.0,0.61,uppsala,5f9fe38afd517828962fde29
16542,2021-03-20 06:00:00+00:00,0.0,2.32,uppsala,5f9fe38afd517828962fde29
16543,2021-03-20 07:00:00+00:00,3.3,4.54,uppsala,5f9fe38afd517828962fde29
16544,2021-03-20 08:00:00+00:00,63.8,6.85,uppsala,5f9fe38afd517828962fde29
16545,2021-03-20 09:00:00+00:00,112.4,10.18,uppsala,5f9fe38afd517828962fde29
16546,2021-03-20 10:00:00+00:00,16.7,8.45,uppsala,5f9fe38afd517828962fde29
16547,2021-03-20 11:00:00+00:00,398.4,13.85,uppsala,5f9fe38afd517828962fde29
16548,2021-03-20 12:00:00+00:00,8.6,8.05,uppsala,5f9fe38afd517828962fde29
16549,2021-03-20 13:00:00+00:00,7.0,7.21,uppsala,5f9fe38afd517828962fde29
16550,2021-03-20 14:00:00+00:00,28.5,8.9,uppsala,5f9fe38afd517828962fde29
16551,2021-03-20 15:00:00+00:00,243.4,1.68,uppsala,5f9fe38afd517828962fde29
16552,2021-03-20 16:00:00+00:00,6.2,0.26,uppsala,5f9fe38afd517828962fde29
16553,2021-03-20 17:00:00+00:00,0.0,0.0,uppsala,5f9fe38afd517828962fde29
16554,2021-03-20 18:00:00+00:00,0.0,0.0,uppsala,5f9fe38afd517828962fde29
16555,2021-03-20 19:00:00+00:00,0.0,0.0,uppsala,5f9fe38afd517828962fde29
16556,2021-03-20 20:00:00+00:00,0.0,0.0,uppsala,5f9fe38afd517828962fde29
16557,2021-03-20 21:00:00+00:00,0.0,0.0,uppsala,5f9fe38afd517828962fde29
16558,2021-03-20 22:00:00+00:00,0.0,0.0,uppsala,5f9fe38afd517828962fde29
16559,2021-03-20 23:00:00+00:00,0.0,0.0,uppsala,5f9fe38afd517828962fde29
16560,2021-03-21 00:00:00+00:00,0.0,0.0,uppsala,5f9fe38afd517828962fde29
16561,2021-03-21 01:00:00+00:00,0.0,0.0,uppsala,5f9fe38afd517828962fde29
16562,2021-03-21 02:00:00+00:00,0.0,0.0,uppsala,5f9fe38afd517828962fde29
16563,2021-03-21 03:00:00+00:00,0.0,0.0,uppsala,5f9fe38afd517828962fde29
16564,2021-03-21 04:00:00+00:00,0.0,0.06,uppsala,5f9fe38afd517828962fde29
16565,2021-03-21 05:00:00+00:00,72.0,4.95,uppsala,5f9fe38afd517828962fde29
16566,2021-03-21 06:00:00+00:00,521.0,12.63,uppsala,5f9fe38afd517828962fde29
16567,2021-03-21 07:00:00+00:00,716.5,16.9,uppsala,5f9fe38afd517828962fde29
16568,2021-03-21 08:00:00+00:00,804.2,18.67,uppsala,5f9fe38afd517828962fde29
16569,2021-03-21 09:00:00+00:00,850.3,18.66,uppsala,5f9fe38afd517828962fde29
16570,2021-03-21 10:00:00+00:00,892.8,15.81,uppsala,5f9fe38afd517828962fde29
16571,2021-03-21 11:00:00+00:00,682.2,10.62,uppsala,5f9fe38afd517828962fde29
16572,2021-03-21 12:00:00+00:00,109.1,10.08,uppsala,5f9fe38afd517828962fde29
16573,2021-03-21 13:00:00+00:00,40.9,7.25,uppsala,5f9fe38afd517828962fde29
16574,2021-03-21 14:00:00+00:00,656.9,3.03,uppsala,5f9fe38afd517828962fde29
16575,2021-03-21 15:00:00+00:00,195.6,3.49,uppsala,5f9fe38afd517828962fde29
16576,2021-03-21 16:00:00+00:00,0.0,0.5,uppsala,5f9fe38afd517828962fde29
16577,2021-03-21 17:00:00+00:00,0.0,0.0,uppsala,5f9fe38afd517828962fde29
16578,2021-03-21 18:00:00+00:00,0.0,0.0,uppsala,5f9fe38afd517828962fde29
16579,2021-03-21 19:00:00+00:00,0.0,0.0,uppsala,5f9fe38afd517828962fde29
16580,2021-03-21 20:00:00+00:00,0.0,0.0,uppsala,5f9fe38afd517828962fde29
16581,2021-03-21 21:00:00+00:00,0.0,0.0,uppsala,5f9fe38afd517828962fde29
16582,2021-03-21 22:00:00+00:00,0.0,0.0,uppsala,5f9fe38afd517828962fde29
16583,2021-03-21 23:00:00+00:00,0.0,0.0,uppsala,5f9fe38afd517828962fde29
16584,2021-03-22 00:00:00+00:00,0.0,0.0,uppsala,5f9fe38afd517828962fde29
16585,2021-03-22 01:00:00+00:00,0.0,0.0,uppsala,5f9fe38afd517828962fde29
16586,2021-03-22 02:00:00+00:00,0.0,0.0,uppsala,5f9fe38afd517828962fde29
16587,2021-03-22 03:00:00+00:00,0.0,0.0,uppsala,5f9fe38afd517828962fde29
16588,2021-03-22 04:00:00+00:00,0.0,0.0,uppsala,5f9fe38afd517828962fde29
16589,2021-03-22 05:00:00+00:00,0.0,0.1,uppsala,5f9fe38afd517828962fde29
16590,2021-03-22 06:00:00+00:00,0.0,1.34,uppsala,5f9fe38afd517828962fde29
16591,2021-03-22 07:00:00+00:00,5.0,2.97,uppsala,5f9fe38afd517828962fde29
16592,2021-03-22 08:00:00+00:00,21.6,4.84,uppsala,5f9fe38afd517828962fde29
16593,2021-03-22 09:00:00+00:00,9.6,9.84,uppsala,5f9fe38afd517828962fde29
16594,2021-03-22 10:00:00+00:00,10.5,16.98,uppsala,5f9fe38afd517828962fde29
16595,2021-03-22 11:00:00+00:00,10.2,9.04,uppsala,5f9fe38afd517828962fde29
16596,2021-03-22 12:00:00+00:00,79.8,10.31,uppsala,5f9fe38afd517828962fde29
16597,2021-03-22 13:00:00+00:00,356.0,7.48,uppsala,5f9fe38afd517828962fde29
16598,2021-03-22 14:00:00+00:00,28.9,3.62,uppsala,5f9fe38afd517828962fde29
16599,2021-03-22 15:00:00+00:00,3.5,1.5,uppsala,5f9fe38afd517828962fde29
16600,2021-03-22 16:00:00+00:00,1.8,0.16,uppsala,5f9fe38afd517828962fde29
16601,2021-03-22 17:00:00+00:00,0.0,0.0,uppsala,5f9fe38afd517828962fde29
16602,2021-03-22 18:00:00+00:00,0.0,0.0,uppsala,5f9fe38afd517828962fde29
16603,2021-03-22 19:00:00+00:00,0.0,0.0,uppsala,5f9fe38afd517828962fde29
16604,2021-03-22 20:00:00+00:00,0.0,0.0,uppsala,5f9fe38afd517828962fde29
16605,2021-03-22 21:00:00+00:00,0.0,0.0,uppsala,5f9fe38afd517828962fde29
16606,2021-03-22 22:00:00+00:00,0.0,0.0,uppsala,5f9fe38afd517828962fde29
16607,2021-03-22 23:00:00+00:00,0.0,0.0,uppsala,5f9fe38afd517828962fde29
16608,2021-03-23 00:00:00+00:00,0.0,0.0,uppsala,5f9fe38afd517828962fde29
16609,2021-03-23 01:00:00+00:00,0.0,0.0,uppsala,5f9fe38afd517828962fde29
16610,2021-03-23 02:00:00+00:00,0.0,0.0,uppsala,5f9fe38afd517828962fde29
16611,2021-03-23 03:00:00+00:00,0.0,0.0,uppsala,5f9fe38afd517828962fde29
16612,2021-03-23 04:00:00+00:00,0.0,0.06,uppsala,5f9fe38afd517828962fde29
16613,2021-03-23 05:00:00+00:00,91.1,5.45,uppsala,5f9fe38afd517828962fde29
16614,2021-03-23 06:00:00+00:00,449.7,12.54,uppsala,5f9fe38afd517828962fde29
16615,2021-03-23 07:00:00+00:00,621.6,16.24,uppsala,5f9fe38afd517828962fde29
16616,2021-03-23 08:00:00+00:00,711.0,18.04,uppsala,5f9fe38afd517828962fde29
16617,2021-03-23 09:00:00+00:00,607.6,16.97,uppsala,5f9fe38afd517828962fde29
16618,2021-03-23 10:00:00+00:00,770.8,17.22,uppsala,5f9fe38afd517828962fde29
16619,2021-03-23 11:00:00+00:00,856.2,15.67,uppsala,5f9fe38afd517828962fde29
16620,2021-03-23 12:00:00+00:00,845.9,16.39,uppsala,5f9fe38afd517828962fde29
16621,2021-03-23 13:00:00+00:00,798.2,16.0,uppsala,5f9fe38afd517828962fde29
16622,2021-03-23 14:00:00+00:00,734.4,12.19,uppsala,5f9fe38afd517828962fde29
16623,2021-03-23 15:00:00+00:00,628.5,7.83,uppsala,5f9fe38afd517828962fde29
16624,2021-03-23 16:00:00+00:00,492.7,2.74,uppsala,5f9fe38afd517828962fde29
16625,2021-03-23 17:00:00+00:00,0.0,0.02,uppsala,5f9fe38afd517828962fde29
16626,2021-03-23 18:00:00+00:00,0.0,0.0,uppsala,5f9fe38afd517828962fde29
16627,2021-03-23 19:00:00+00:00,0.0,0.0,uppsala,5f9fe38afd517828962fde29
16628,2021-03-23 20:00:00+00:00,0.0,0.0,uppsala,5f9fe38afd517828962fde29
16629,2021-03-23 21:00:00+00:00,0.0,0.0,uppsala,5f9fe38afd517828962fde29
16630,2021-03-23 22:00:00+00:00,0.0,0.0,uppsala,5f9fe38afd517828962fde29
16631,2021-03-23 23:00:00+00:00,0.0,0.0,uppsala,5f9fe38afd517828962fde29
16632,2021-03-24 00:00:00+00:00,0.0,0.0,uppsala,5f9fe38afd517828962fde29
16633,2021-03-24 01:00:00+00:00,0.0,0.0,uppsala,5f9fe38afd517828962fde29
16634,2021-03-24 02:00:00+00:00,0.0,0.0,uppsala,5f9fe38afd517828962fde29
16635,2021-03-24 03:00:00+00:00,0.0,0.0,uppsala,5f9fe38afd517828962fde29
16636,2021-03-24 04:00:00+00:00,0.0,0.0,uppsala,5f9fe38afd517828962fde29
16637,2021-03-24 05:00:00+00:00,0.0,0.13,uppsala,5f9fe38afd517828962fde29
16638,2021-03-24 06:00:00+00:00,0.0,0.92,uppsala,5f9fe38afd517828962fde29
16639,2021-03-24 07:00:00+00:00,3.6,1.97,uppsala,5f9fe38afd517828962fde29
16640,2021-03-24 08:00:00+00:00,12.7,2.45,uppsala,5f9fe38afd517828962fde29
16641,2021-03-24 09:00:00+00:00,15.7,5.52,uppsala,5f9fe38afd517828962fde29
16642,2021-03-24 10:00:00+00:00,11.5,15.79,uppsala,5f9fe38afd517828962fde29
16643,2021-03-24 11:00:00+00:00,855.5,15.89,uppsala,5f9fe38afd517828962fde29
16644,2021-03-24 12:00:00+00:00,757.1,16.84,uppsala,5f9fe38afd517828962fde29
16645,2021-03-24 13:00:00+00:00,668.5,13.31,uppsala,5f9fe38afd517828962fde29
16646,2021-03-24 14:00:00+00:00,475.0,4.04,uppsala,5f9fe38afd517828962fde29
16647,2021-03-24 15:00:00+00:00,199.9,1.41,uppsala,5f9fe38afd517828962fde29
16648,2021-03-24 16:00:00+00:00,0.0,0.15,uppsala,5f9fe38afd517828962fde29
16649,2021-03-24 17:00:00+00:00,0.0,0.0,uppsala,5f9fe38afd517828962fde29
16650,2021-03-24 18:00:00+00:00,0.0,0.0,uppsala,5f9fe38afd517828962fde29
16651,2021-03-24 19:00:00+00:00,0.0,0.0,uppsala,5f9fe38afd517828962fde29
16652,2021-03-24 20:00:00+00:00,0.0,0.0,uppsala,5f9fe38afd517828962fde29
16653,2021-03-24 21:00:00+00:00,0.0,0.0,uppsala,5f9fe38afd517828962fde29
16654,2021-03-24 22:00:00+00:00,0.0,0.0,uppsala,5f9fe38afd517828962fde29
16655,2021-03-24 23:00:00+00:00,0.0,0.0,uppsala,5f9fe38afd517828962fde29
16656,2021-03-25 00:00:00+00:00,0.0,0.0,uppsala,5f9fe38afd517828962fde29
16657,2021-03-25 01:00:00+00:00,0.0,0.0,uppsala,5f9fe38afd517828962fde29
16658,2021-03-25 02:00:00+00:00,0.0,0.0,uppsala,5f9fe38afd517828962fde29
16659,2021-03-25 03:00:00+00:00,0.0,0.0,uppsala,5f9fe38afd517828962fde29
16660,2021-03-25 04:00:00+00:00,0.0,0.1,uppsala,5f9fe38afd517828962fde29
16661,2021-03-25 05:00:00+00:00,92.3,4.79,uppsala,5f9fe38afd517828962fde29
16662,2021-03-25 06:00:00+00:00,440.0,12.15,uppsala,5f9fe38afd517828962fde29
16663,2021-03-25 07:00:00+00:00,639.7,16.28,uppsala,5f9fe38afd517828962fde29
16664,2021-03-25 08:00:00+00:00,743.9,18.41,uppsala,5f9fe38afd517828962fde29
16665,2021-03-25 09:00:00+00:00,812.7,17.86,uppsala,5f9fe38afd517828962fde29
16666,2021-03-25 10:00:00+00:00,848.9,17.67,uppsala,5f9fe38afd517828962fde29
16667,2021-03-25 11:00:00+00:00,867.0,16.61,uppsala,5f9fe38afd517828962fde29
16668,2021-03-25 12:00:00+00:00,857.6,16.21,uppsala,5f9fe38afd517828962fde29
16669,2021-03-25 13:00:00+00:00,742.2,6.22,uppsala,5f9fe38afd517828962fde29
16670,2021-03-25 14:00:00+00:00,7.0,9.81,uppsala,5f9fe38afd517828962fde29
16671,2021-03-25 15:00:00+00:00,580.7,1.51,uppsala,5f9fe38afd517828962fde29
16672,2021-03-25 16:00:00+00:00,53.4,1.44,uppsala,5f9fe38afd517828962fde29
16673,2021-03-25 17:00:00+00:00,5.5,0.0,uppsala,5f9fe38afd517828962fde29
16674,2021-03-25 18:00:00+00:00,0.0,0.0,uppsala,5f9fe38afd517828962fde29
16675,2021-03-25 19:00:00+00:00,0.0,0.0,uppsala,5f9fe38afd517828962fde29
16676,2021-03-25 20:00:00+00:00,0.0,0.0,uppsala,5f9fe38afd517828962fde29
16677,2021-03-25 21:00:00+00:00,0.0,0.0,uppsala,5f9fe38afd517828962fde29
16678,2021-03-25 22:00:00+00:00,0.0,0.0,uppsala,5f9fe38afd517828962fde29
16679,2021-03-25 23:00:00+00:00,0.0,0.0,uppsala,5f9fe38afd517828962fde29
16680,2021-03-26 00:00:00+00:00,0.0,0.0,uppsala,5f9fe38afd517828962fde29
16681,2021-03-26 01:00:00+00:00,0.0,0.0,uppsala,5f9fe38afd517828962fde29
16682,2021-03-26 02:00:00+00:00,0.0,0.0,uppsala,5f9fe38afd517828962fde29
16683,2021-03-26 03:00:00+00:00,0.0,0.0,uppsala,5f9fe38afd517828962fde29
16684,2021-03-26 04:00:00+00:00,0.0,0.0,uppsala,5f9fe38afd517828962fde29
16685,2021-03-26 05:00:00+00:00,0.0,0.43,uppsala,5f9fe38afd517828962fde29
16686,2021-03-26 06:00:00+00:00,66.6,8.37,uppsala,5f9fe38afd517828962fde29
16687,2021-03-26 07:00:00+00:00,155.1,12.9,uppsala,5f9fe38afd517828962fde29
16688,2021-03-26 08:00:00+00:00,188.4,12.71,uppsala,5f9fe38afd517828962fde29
16689,2021-03-26 09:00:00+00:00,13.1,5.2,uppsala,5f9fe38afd517828962fde29
16690,2021-03-26 10:00:00+00:00,9.8,9.01,uppsala,5f9fe38afd517828962fde29
16691,2021-03-26 11:00:00+00:00,620.4,14.37,uppsala,5f9fe38afd517828962fde29
16692,2021-03-26 12:00:00+00:00,525.8,13.05,uppsala,5f9fe38afd517828962fde29
16693,2021-03-26 13:00:00+00:00,656.9,6.81,uppsala,5f9fe38afd517828962fde29
16694,2021-03-26 14:00:00+00:00,12.7,3.2,uppsala,5f9fe38afd517828962fde29
16695,2021-03-26 15:00:00+00:00,257.7,1.65,uppsala,5f9fe38afd517828962fde29
16696,2021-03-26 16:00:00+00:00,0.0,0.87,uppsala,5f9fe38afd517828962fde29
16697,2021-03-26 17:00:00+00:00,0.0,0.0,uppsala,5f9fe38afd517828962fde29
16698,2021-03-26 18:00:00+00:00,0.0,0.0,uppsala,5f9fe38afd517828962fde29
16699,2021-03-26 19:00:00+00:00,0.0,0.0,uppsala,5f9fe38afd517828962fde29
16700,2021-03-26 20:00:00+00:00,0.0,0.0,uppsala,5f9fe38afd517828962fde29
16701,2021-03-26 21:00:00+00:00,0.0,0.0,uppsala,5f9fe38afd517828962fde29
16702,2021-03-26 22:00:00+00:00,0.0,0.0,uppsala,5f9fe38afd517828962fde29
16703,2021-03-26 23:00:00+00:00,0.0,0.0,uppsala,5f9fe38afd517828962fde29
16704,2021-03-27 00:00:00+00:00,0.0,0.0,uppsala,5f9fe38afd517828962fde29
16705,2021-03-27 01:00:00+00:00,0.0,0.0,uppsala,5f9fe38afd517828962fde29
16706,2021-03-27 02:00:00+00:00,0.0,0.0,uppsala,5f9fe38afd517828962fde29
16707,2021-03-27 03:00:00+00:00,0.0,0.0,uppsala,5f9fe38afd517828962fde29
16708,2021-03-27 04:00:00+00:00,0.0,0.0,uppsala,5f9fe38afd517828962fde29
16709,2021-03-27 05:00:00+00:00,0.0,0.73,uppsala,5f9fe38afd517828962fde29
16710,2021-03-27 06:00:00+00:00,3.3,7.52,uppsala,5f9fe38afd517828962fde29
16711,2021-03-27 07:00:00+00:00,0.30000000000000004,8.72,uppsala,5f9fe38afd517828962fde29
16712,2021-03-27 08:00:00+00:00,375.3,13.74,uppsala,5f9fe38afd517828962fde29
16713,2021-03-27 09:00:00+00:00,142.3,18.15,uppsala,5f9fe38afd517828962fde29
16714,2021-03-27 10:00:00+00:00,548.0,17.41,uppsala,5f9fe38afd517828962fde29
16715,2021-03-27 11:00:00+00:00,548.4,10.49,uppsala,5f9fe38afd517828962fde29
16716,2021-03-27 12:00:00+00:00,100.1,7.37,uppsala,5f9fe38afd517828962fde29
16717,2021-03-27 13:00:00+00:00,3.0,9.61,uppsala,5f9fe38afd517828962fde29
16718,2021-03-27 14:00:00+00:00,337.2,5.97,uppsala,5f9fe38afd517828962fde29
16719,2021-03-27 15:00:00+00:00,0.0,2.39,uppsala,5f9fe38afd517828962fde29
16720,2021-03-27 16:00:00+00:00,25.4,0.63,uppsala,5f9fe38afd517828962fde29
16721,2021-03-27 17:00:00+00:00,0.6000000000000001,0.0,uppsala,5f9fe38afd517828962fde29
16722,2021-03-27 18:00:00+00:00,0.0,0.0,uppsala,5f9fe38afd517828962fde29
16723,2021-03-27 19:00:00+00:00,0.0,0.0,uppsala,5f9fe38afd517828962fde29
16724,2021-03-27 20:00:00+00:00,0.0,0.0,uppsala,5f9fe38afd517828962fde29
16725,2021-03-27 21:00:00+00:00,0.0,0.0,uppsala,5f9fe38afd517828962fde29
16726,2021-03-27 22:00:00+00:00,0.0,0.0,uppsala,5f9fe38afd517828962fde29
16727,2021-03-27 23:00:00+00:00,0.0,0.0,uppsala,5f9fe38afd517828962fde29
16728,2021-03-28 00:00:00+00:00,0.0,0.0,uppsala,5f9fe38afd517828962fde29
16729,2021-03-28 01:00:00+00:00,0.0,0.0,uppsala,5f9fe38afd517828962fde29
16730,2021-03-28 02:00:00+00:00,0.0,0.0,uppsala,5f9fe38afd517828962fde29
16731,2021-03-28 03:00:00+00:00,0.0,0.0,uppsala,5f9fe38afd517828962fde29
16732,2021-03-28 04:00:00+00:00,0.0,0.0,uppsala,5f9fe38afd517828962fde29
16733,2021-03-28 05:00:00+00:00,0.0,0.02,uppsala,5f9fe38afd517828962fde29
16734,2021-03-28 06:00:00+00:00,107.9,0.43,uppsala,5f9fe38afd517828962fde29
16735,2021-03-28 07:00:00+00:00,4.9,1.32,uppsala,5f9fe38afd517828962fde29
16736,2021-03-28 08:00:00+00:00,7.6,1.13,uppsala,5f9fe38afd517828962fde29
16737,2021-03-28 09:00:00+00:00,12.6,2.08,uppsala,5f9fe38afd517828962fde29
16738,2021-03-28 10:00:00+00:00,31.8,5.33,uppsala,5f9fe38afd517828962fde29
16739,2021-03-28 11:00:00+00:00,14.8,3.9,uppsala,5f9fe38afd517828962fde29
16740,2021-03-28 12:00:00+00:00,9.1,1.57,uppsala,5f9fe38afd517828962fde29
16741,2021-03-28 13:00:00+00:00,8.0,0.79,uppsala,5f9fe38afd517828962fde29
16742,2021-03-28 14:00:00+00:00,6.4,0.23,uppsala,5f9fe38afd517828962fde29
16743,2021-03-28 15:00:00+00:00,4.3,0.18,uppsala,5f9fe38afd517828962fde29
16744,2021-03-28 16:00:00+00:00,3.9,0.01,uppsala,5f9fe38afd517828962fde29
16745,2021-03-28 17:00:00+00:00,0.0,0.1,uppsala,5f9fe38afd517828962fde29
16746,2021-03-28 18:00:00+00:00,0.0,0.0,uppsala,5f9fe38afd517828962fde29
16747,2021-03-28 19:00:00+00:00,0.0,0.0,uppsala,5f9fe38afd517828962fde29
16748,2021-03-28 20:00:00+00:00,0.0,0.0,uppsala,5f9fe38afd517828962fde29
16749,2021-03-28 21:00:00+00:00,0.0,0.0,uppsala,5f9fe38afd517828962fde29
16750,2021-03-28 22:00:00+00:00,0.0,0.0,uppsala,5f9fe38afd517828962fde29
16751,2021-03-28 23:00:00+00:00,0.0,0.0,uppsala,5f9fe38afd517828962fde29
16752,2021-03-29 00:00:00+00:00,0.0,0.0,uppsala,5f9fe38afd517828962fde29
16753,2021-03-29 01:00:00+00:00,0.0,0.0,uppsala,5f9fe38afd517828962fde29
16754,2021-03-29 02:00:00+00:00,0.0,0.0,uppsala,5f9fe38afd517828962fde29
16755,2021-03-29 03:00:00+00:00,0.0,0.0,uppsala,5f9fe38afd517828962fde29
16756,2021-03-29 04:00:00+00:00,0.0,0.07,uppsala,5f9fe38afd517828962fde29
16757,2021-03-29 05:00:00+00:00,0.0,0.49,uppsala,5f9fe38afd517828962fde29
16758,2021-03-29 06:00:00+00:00,0.0,4.18,uppsala,5f9fe38afd517828962fde29
16759,2021-03-29 07:00:00+00:00,233.4,6.19,uppsala,5f9fe38afd517828962fde29
16760,2021-03-29 08:00:00+00:00,6.0,3.72,uppsala,5f9fe38afd517828962fde29
16761,2021-03-29 09:00:00+00:00,12.0,2.52,uppsala,5f9fe38afd517828962fde29
16762,2021-03-29 10:00:00+00:00,13.1,3.8,uppsala,5f9fe38afd517828962fde29
16763,2021-03-29 11:00:00+00:00,8.7,2.63,uppsala,5f9fe38afd517828962fde29
16764,2021-03-29 12:00:00+00:00,8.8,3.1,uppsala,5f9fe38afd517828962fde29
16765,2021-03-29 13:00:00+00:00,8.2,3.46,uppsala,5f9fe38afd517828962fde29
16766,2021-03-29 14:00:00+00:00,28.4,2.18,uppsala,5f9fe38afd517828962fde29
16767,2021-03-29 15:00:00+00:00,0.1,0.85,uppsala,5f9fe38afd517828962fde29
16768,2021-03-29 16:00:00+00:00,0.0,0.04,uppsala,5f9fe38afd517828962fde29
16769,2021-03-29 17:00:00+00:00,0.0,0.0,uppsala,5f9fe38afd517828962fde29
16770,2021-03-29 18:00:00+00:00,0.0,0.0,uppsala,5f9fe38afd517828962fde29
16771,2021-03-29 19:00:00+00:00,0.0,0.0,uppsala,5f9fe38afd517828962fde29
16772,2021-03-29 20:00:00+00:00,0.0,0.0,uppsala,5f9fe38afd517828962fde29
16773,2021-03-29 21:00:00+00:00,0.0,0.0,uppsala,5f9fe38afd517828962fde29
16774,2021-03-29 22:00:00+00:00,0.0,0.0,uppsala,5f9fe38afd517828962fde29
16775,2021-03-29 23:00:00+00:00,0.0,0.0,uppsala,5f9fe38afd517828962fde29
16776,2021-03-30 00:00:00+00:00,0.0,0.0,uppsala,5f9fe38afd517828962fde29
16777,2021-03-30 01:00:00+00:00,0.0,0.0,uppsala,5f9fe38afd517828962fde29
16778,2021-03-30 02:00:00+00:00,0.0,0.0,uppsala,5f9fe38afd517828962fde29
16779,2021-03-30 03:00:00+00:00,0.0,0.0,uppsala,5f9fe38afd517828962fde29
16780,2021-03-30 04:00:00+00:00,0.0,0.0,uppsala,5f9fe38afd517828962fde29
16781,2021-03-30 05:00:00+00:00,6.7,0.33,uppsala,5f9fe38afd517828962fde29
16782,2021-03-30 06:00:00+00:00,3.7,1.19,uppsala,5f9fe38afd517828962fde29
16783,2021-03-30 07:00:00+00:00,9.3,2.79,uppsala,5f9fe38afd517828962fde29
16784,2021-03-30 08:00:00+00:00,11.9,5.42,uppsala,5f9fe38afd517828962fde29
16785,2021-03-30 09:00:00+00:00,8.8,5.59,uppsala,5f9fe38afd517828962fde29
16786,2021-03-30 10:00:00+00:00,9.6,8.14,uppsala,5f9fe38afd517828962fde29
16787,2021-03-30 11:00:00+00:00,9.9,10.32,uppsala,5f9fe38afd517828962fde29
16788,2021-03-30 12:00:00+00:00,78.7,10.57,uppsala,5f9fe38afd517828962fde29
16789,2021-03-30 13:00:00+00:00,9.0,12.75,uppsala,5f9fe38afd517828962fde29
16790,2021-03-30 14:00:00+00:00,573.3,5.97,uppsala,5f9fe38afd517828962fde29
16791,2021-03-30 15:00:00+00:00,381.2,1.29,uppsala,5f9fe38afd517828962fde29
16792,2021-03-30 16:00:00+00:00,65.9,0.03,uppsala,5f9fe38afd517828962fde29
16793,2021-03-30 17:00:00+00:00,4.3,0.0,uppsala,5f9fe38afd517828962fde29
16794,2021-03-30 18:00:00+00:00,0.0,0.0,uppsala,5f9fe38afd517828962fde29
16795,2021-03-30 19:00:00+00:00,0.0,0.0,uppsala,5f9fe38afd517828962fde29
16796,2021-03-30 20:00:00+00:00,0.0,0.0,uppsala,5f9fe38afd517828962fde29
16797,2021-03-30 21:00:00+00:00,0.0,0.0,uppsala,5f9fe38afd517828962fde29
16798,2021-03-30 22:00:00+00:00,0.0,0.0,uppsala,5f9fe38afd517828962fde29
16799,2021-03-30 23:00:00+00:00,0.0,0.0,uppsala,5f9fe38afd517828962fde29
16800,2021-03-31 00:00:00+00:00,0.0,0.0,uppsala,5f9fe38afd517828962fde29
16801,2021-03-31 01:00:00+00:00,0.0,0.0,uppsala,5f9fe38afd517828962fde29
16802,2021-03-31 02:00:00+00:00,0.0,0.0,uppsala,5f9fe38afd517828962fde29
16803,2021-03-31 03:00:00+00:00,0.0,0.0,uppsala,5f9fe38afd517828962fde29
16804,2021-03-31 04:00:00+00:00,0.0,0.01,uppsala,5f9fe38afd517828962fde29
16805,2021-03-31 05:00:00+00:00,0.0,0.4,uppsala,5f9fe38afd517828962fde29
16806,2021-03-31 06:00:00+00:00,0.0,1.16,uppsala,5f9fe38afd517828962fde29
16807,2021-03-31 07:00:00+00:00,3.3,1.37,uppsala,5f9fe38afd517828962fde29
16808,2021-03-31 08:00:00+00:00,6.2,3.09,uppsala,5f9fe38afd517828962fde29
16809,2021-03-31 09:00:00+00:00,8.1,3.38,uppsala,5f9fe38afd517828962fde29
16810,2021-03-31 10:00:00+00:00,59.5,3.43,uppsala,5f9fe38afd517828962fde29
16811,2021-03-31 11:00:00+00:00,14.0,5.61,uppsala,5f9fe38afd517828962fde29
16812,2021-03-31 12:00:00+00:00,330.8,4.54,uppsala,5f9fe38afd517828962fde29
16813,2021-03-31 13:00:00+00:00,177.2,4.81,uppsala,5f9fe38afd517828962fde29
16814,2021-03-31 14:00:00+00:00,17.4,3.74,uppsala,5f9fe38afd517828962fde29
16815,2021-03-31 15:00:00+00:00,45.1,2.13,uppsala,5f9fe38afd517828962fde29
16816,2021-03-31 16:00:00+00:00,3.6,0.52,uppsala,5f9fe38afd517828962fde29
16817,2021-03-31 17:00:00+00:00,0.0,0.0,uppsala,5f9fe38afd517828962fde29
16818,2021-03-31 18:00:00+00:00,0.0,0.0,uppsala,5f9fe38afd517828962fde29
16819,2021-03-31 19:00:00+00:00,0.0,0.0,uppsala,5f9fe38afd517828962fde29
16820,2021-03-31 20:00:00+00:00,0.0,0.0,uppsala,5f9fe38afd517828962fde29
16821,2021-03-31 21:00:00+00:00,0.0,0.0,uppsala,5f9fe38afd517828962fde29
16822,2021-03-31 22:00:00+00:00,0.0,0.0,uppsala,5f9fe38afd517828962fde29
16823,2021-03-31 23:00:00+00:00,0.0,0.0,uppsala,5f9fe38afd517828962fde29
16824,2021-04-01 00:00:00+00:00,0.0,0.0,uppsala,5f9fe38afd517828962fde29
16825,2021-04-01 01:00:00+00:00,0.0,0.0,uppsala,5f9fe38afd517828962fde29
16826,2021-04-01 02:00:00+00:00,0.0,0.0,uppsala,5f9fe38afd517828962fde29
16827,2021-04-01 03:00:00+00:00,0.0,0.0,uppsala,5f9fe38afd517828962fde29
16828,2021-04-01 04:00:00+00:00,0.0,1.51,uppsala,5f9fe38afd517828962fde29
16829,2021-04-01 05:00:00+00:00,353.0,8.68,uppsala,5f9fe38afd517828962fde29
16830,2021-04-01 06:00:00+00:00,639.3,14.9,uppsala,5f9fe38afd517828962fde29
16831,2021-04-01 07:00:00+00:00,777.0,18.37,uppsala,5f9fe38afd517828962fde29
16832,2021-04-01 08:00:00+00:00,853.8,19.82,uppsala,5f9fe38afd517828962fde29
16833,2021-04-01 09:00:00+00:00,855.3,17.42,uppsala,5f9fe38afd517828962fde29
16834,2021-04-01 10:00:00+00:00,238.1,17.37,uppsala,5f9fe38afd517828962fde29
16835,2021-04-01 11:00:00+00:00,79.4,12.34,uppsala,5f9fe38afd517828962fde29
16836,2021-04-01 12:00:00+00:00,12.4,12.19,uppsala,5f9fe38afd517828962fde29
16837,2021-04-01 13:00:00+00:00,879.9,13.58,uppsala,5f9fe38afd517828962fde29
16838,2021-04-01 14:00:00+00:00,696.4,12.82,uppsala,5f9fe38afd517828962fde29
16839,2021-04-01 15:00:00+00:00,725.7,10.08,uppsala,5f9fe38afd517828962fde29
16840,2021-04-01 16:00:00+00:00,552.4,5.71,uppsala,5f9fe38afd517828962fde29
16841,2021-04-01 17:00:00+00:00,192.4,0.39,uppsala,5f9fe38afd517828962fde29
16842,2021-04-01 18:00:00+00:00,0.0,0.0,uppsala,5f9fe38afd517828962fde29
16843,2021-04-01 19:00:00+00:00,0.0,0.0,uppsala,5f9fe38afd517828962fde29
16844,2021-04-01 20:00:00+00:00,0.0,0.0,uppsala,5f9fe38afd517828962fde29
16845,2021-04-01 21:00:00+00:00,0.0,0.0,uppsala,5f9fe38afd517828962fde29
16846,2021-04-01 22:00:00+00:00,0.0,0.0,uppsala,5f9fe38afd517828962fde29
16847,2021-04-01 23:00:00+00:00,0.0,0.0,uppsala,5f9fe38afd517828962fde29
16848,2021-04-02 00:00:00+00:00,0.0,0.0,uppsala,5f9fe38afd517828962fde29
16849,2021-04-02 01:00:00+00:00,0.0,0.0,uppsala,5f9fe38afd517828962fde29
16850,2021-04-02 02:00:00+00:00,0.0,0.0,uppsala,5f9fe38afd517828962fde29
16851,2021-04-02 03:00:00+00:00,0.0,0.0,uppsala,5f9fe38afd517828962fde29
16852,2021-04-02 04:00:00+00:00,0.0,0.44,uppsala,5f9fe38afd517828962fde29
16853,2021-04-02 05:00:00+00:00,169.2,6.52,uppsala,5f9fe38afd517828962fde29
16854,2021-04-02 06:00:00+00:00,3.2,7.58,uppsala,5f9fe38afd517828962fde29
16855,2021-04-02 07:00:00+00:00,218.3,10.52,uppsala,5f9fe38afd517828962fde29
16856,2021-04-02 08:00:00+00:00,189.4,14.4,uppsala,5f9fe38afd517828962fde29
16857,2021-04-02 09:00:00+00:00,48.3,14.14,uppsala,5f9fe38afd517828962fde29
16858,2021-04-02 10:00:00+00:00,65.1,13.91,uppsala,5f9fe38afd517828962fde29
16859,2021-04-02 11:00:00+00:00,326.7,8.65,uppsala,5f9fe38afd517828962fde29
16860,2021-04-02 12:00:00+00:00,11.3,4.28,uppsala,5f9fe38afd517828962fde29
16861,2021-04-02 13:00:00+00:00,16.2,6.98,uppsala,5f9fe38afd517828962fde29
16862,2021-04-02 14:00:00+00:00,47.1,7.98,uppsala,5f9fe38afd517828962fde29
16863,2021-04-02 15:00:00+00:00,124.0,4.47,uppsala,5f9fe38afd517828962fde29
16864,2021-04-02 16:00:00+00:00,33.3,2.41,uppsala,5f9fe38afd517828962fde29
16865,2021-04-02 17:00:00+00:00,0.0,0.12,uppsala,5f9fe38afd517828962fde29
16866,2021-04-02 18:00:00+00:00,0.0,0.0,uppsala,5f9fe38afd517828962fde29
16867,2021-04-02 19:00:00+00:00,0.0,0.0,uppsala,5f9fe38afd517828962fde29
16868,2021-04-02 20:00:00+00:00,0.0,0.0,uppsala,5f9fe38afd517828962fde29
16869,2021-04-02 21:00:00+00:00,0.0,0.0,uppsala,5f9fe38afd517828962fde29
16870,2021-04-02 22:00:00+00:00,0.0,0.0,uppsala,5f9fe38afd517828962fde29
16871,2021-04-02 23:00:00+00:00,0.0,0.0,uppsala,5f9fe38afd517828962fde29
16872,2021-04-03 00:00:00+00:00,0.0,0.0,uppsala,5f9fe38afd517828962fde29
16873,2021-04-03 01:00:00+00:00,0.0,0.0,uppsala,5f9fe38afd517828962fde29
16874,2021-04-03 02:00:00+00:00,0.0,0.0,uppsala,5f9fe38afd517828962fde29
16875,2021-04-03 03:00:00+00:00,0.0,0.0,uppsala,5f9fe38afd517828962fde29
16876,2021-04-03 04:00:00+00:00,0.0,0.19,uppsala,5f9fe38afd517828962fde29
16877,2021-04-03 05:00:00+00:00,385.7,6.67,uppsala,5f9fe38afd517828962fde29
16878,2021-04-03 06:00:00+00:00,668.6,14.58,uppsala,5f9fe38afd517828962fde29
16879,2021-04-03 07:00:00+00:00,787.9,15.51,uppsala,5f9fe38afd517828962fde29
16880,2021-04-03 08:00:00+00:00,146.3,19.06,uppsala,5f9fe38afd517828962fde29
16881,2021-04-03 09:00:00+00:00,66.4,17.78,uppsala,5f9fe38afd517828962fde29
16882,2021-04-03 10:00:00+00:00,389.3,16.0,uppsala,5f9fe38afd517828962fde29
16883,2021-04-03 11:00:00+00:00,275.6,12.82,uppsala,5f9fe38afd517828962fde29
16884,2021-04-03 12:00:00+00:00,582.8,17.41,uppsala,5f9fe38afd517828962fde29
16885,2021-04-03 13:00:00+00:00,850.2,14.57,uppsala,5f9fe38afd517828962fde29
16886,2021-04-03 14:00:00+00:00,803.5,12.8,uppsala,5f9fe38afd517828962fde29
16887,2021-04-03 15:00:00+00:00,624.9,9.32,uppsala,5f9fe38afd517828962fde29
16888,2021-04-03 16:00:00+00:00,501.2,3.55,uppsala,5f9fe38afd517828962fde29
16889,2021-04-03 17:00:00+00:00,162.3,0.07,uppsala,5f9fe38afd517828962fde29
16890,2021-04-03 18:00:00+00:00,0.0,0.0,uppsala,5f9fe38afd517828962fde29
16891,2021-04-03 19:00:00+00:00,0.0,0.0,uppsala,5f9fe38afd517828962fde29
16892,2021-04-03 20:00:00+00:00,0.0,0.0,uppsala,5f9fe38afd517828962fde29
16893,2021-04-03 21:00:00+00:00,0.0,0.0,uppsala,5f9fe38afd517828962fde29
16894,2021-04-03 22:00:00+00:00,0.0,0.0,uppsala,5f9fe38afd517828962fde29
16895,2021-04-03 23:00:00+00:00,0.0,0.0,uppsala,5f9fe38afd517828962fde29
16896,2021-04-04 00:00:00+00:00,0.0,0.0,uppsala,5f9fe38afd517828962fde29
16897,2021-04-04 01:00:00+00:00,0.0,0.0,uppsala,5f9fe38afd517828962fde29
16898,2021-04-04 02:00:00+00:00,0.0,0.0,uppsala,5f9fe38afd517828962fde29
16899,2021-04-04 03:00:00+00:00,0.0,0.0,uppsala,5f9fe38afd517828962fde29
16900,2021-04-04 04:00:00+00:00,0.0,1.24,uppsala,5f9fe38afd517828962fde29
16901,2021-04-04 05:00:00+00:00,269.8,8.4,uppsala,5f9fe38afd517828962fde29
16902,2021-04-04 06:00:00+00:00,533.0,14.73,uppsala,5f9fe38afd517828962fde29
16903,2021-04-04 07:00:00+00:00,684.4,18.36,uppsala,5f9fe38afd517828962fde29
16904,2021-04-04 08:00:00+00:00,777.4,19.61,uppsala,5f9fe38afd517828962fde29
16905,2021-04-04 09:00:00+00:00,823.4,19.73,uppsala,5f9fe38afd517828962fde29
16906,2021-04-04 10:00:00+00:00,837.8,18.9,uppsala,5f9fe38afd517828962fde29
16907,2021-04-04 11:00:00+00:00,844.3,16.97,uppsala,5f9fe38afd517828962fde29
16908,2021-04-04 12:00:00+00:00,833.2,17.61,uppsala,5f9fe38afd517828962fde29
16909,2021-04-04 13:00:00+00:00,783.2,13.37,uppsala,5f9fe38afd517828962fde29
16910,2021-04-04 14:00:00+00:00,431.7,5.93,uppsala,5f9fe38afd517828962fde29
16911,2021-04-04 15:00:00+00:00,431.8,3.62,uppsala,5f9fe38afd517828962fde29
16912,2021-04-04 16:00:00+00:00,289.1,1.68,uppsala,5f9fe38afd517828962fde29
16913,2021-04-04 17:00:00+00:00,0.0,0.08,uppsala,5f9fe38afd517828962fde29
16914,2021-04-04 18:00:00+00:00,0.0,0.0,uppsala,5f9fe38afd517828962fde29
16915,2021-04-04 19:00:00+00:00,0.0,0.0,uppsala,5f9fe38afd517828962fde29
16916,2021-04-04 20:00:00+00:00,0.0,0.0,uppsala,5f9fe38afd517828962fde29
16917,2021-04-04 21:00:00+00:00,0.0,0.0,uppsala,5f9fe38afd517828962fde29
16918,2021-04-04 22:00:00+00:00,0.0,0.0,uppsala,5f9fe38afd517828962fde29
16919,2021-04-04 23:00:00+00:00,0.0,0.0,uppsala,5f9fe38afd517828962fde29
16920,2021-04-05 00:00:00+00:00,0.0,0.0,uppsala,5f9fe38afd517828962fde29
16921,2021-04-05 01:00:00+00:00,0.0,0.0,uppsala,5f9fe38afd517828962fde29
16922,2021-04-05 02:00:00+00:00,0.0,0.0,uppsala,5f9fe38afd517828962fde29
16923,2021-04-05 03:00:00+00:00,0.0,0.0,uppsala,5f9fe38afd517828962fde29
16924,2021-04-05 04:00:00+00:00,0.0,0.01,uppsala,5f9fe38afd517828962fde29
16925,2021-04-05 05:00:00+00:00,0.0,0.4,uppsala,5f9fe38afd517828962fde29
16926,2021-04-05 06:00:00+00:00,129.2,2.07,uppsala,5f9fe38afd517828962fde29
16927,2021-04-05 07:00:00+00:00,7.7,2.4,uppsala,5f9fe38afd517828962fde29
16928,2021-04-05 08:00:00+00:00,13.0,2.78,uppsala,5f9fe38afd517828962fde29
16929,2021-04-05 09:00:00+00:00,11.0,3.87,uppsala,5f9fe38afd517828962fde29
16930,2021-04-05 10:00:00+00:00,77.4,7.83,uppsala,5f9fe38afd517828962fde29
16931,2021-04-05 11:00:00+00:00,69.5,12.15,uppsala,5f9fe38afd517828962fde29
16932,2021-04-05 12:00:00+00:00,267.3,12.52,uppsala,5f9fe38afd517828962fde29
16933,2021-04-05 13:00:00+00:00,17.8,10.72,uppsala,5f9fe38afd517828962fde29
16934,2021-04-05 14:00:00+00:00,510.5,11.57,uppsala,5f9fe38afd517828962fde29
16935,2021-04-05 15:00:00+00:00,721.4,10.78,uppsala,5f9fe38afd517828962fde29
16936,2021-04-05 16:00:00+00:00,641.1,1.64,uppsala,5f9fe38afd517828962fde29
16937,2021-04-05 17:00:00+00:00,0.2,0.0,uppsala,5f9fe38afd517828962fde29
16938,2021-04-05 18:00:00+00:00,0.0,0.0,uppsala,5f9fe38afd517828962fde29
16939,2021-04-05 19:00:00+00:00,0.0,0.0,uppsala,5f9fe38afd517828962fde29
16940,2021-04-05 20:00:00+00:00,0.0,0.0,uppsala,5f9fe38afd517828962fde29
16941,2021-04-05 21:00:00+00:00,0.0,0.0,uppsala,5f9fe38afd517828962fde29
16942,2021-04-05 22:00:00+00:00,0.0,0.0,uppsala,5f9fe38afd517828962fde29
16943,2021-04-05 23:00:00+00:00,0.0,0.0,uppsala,5f9fe38afd517828962fde29
16944,2021-04-06 00:00:00+00:00,0.0,0.0,uppsala,5f9fe38afd517828962fde29
16945,2021-04-06 01:00:00+00:00,0.0,0.0,uppsala,5f9fe38afd517828962fde29
16946,2021-04-06 02:00:00+00:00,0.0,0.0,uppsala,5f9fe38afd517828962fde29
16947,2021-04-06 03:00:00+00:00,0.0,0.0,uppsala,5f9fe38afd517828962fde29
16948,2021-04-06 04:00:00+00:00,0.0,0.29,uppsala,5f9fe38afd517828962fde29
16949,2021-04-06 05:00:00+00:00,0.0,1.34,uppsala,5f9fe38afd517828962fde29
16950,2021-04-06 06:00:00+00:00,3.2,5.26,uppsala,5f9fe38afd517828962fde29
16951,2021-04-06 07:00:00+00:00,7.6,12.79,uppsala,5f9fe38afd517828962fde29
16952,2021-04-06 08:00:00+00:00,796.2,17.4,uppsala,5f9fe38afd517828962fde29
16953,2021-04-06 09:00:00+00:00,865.9,10.95,uppsala,5f9fe38afd517828962fde29
16954,2021-04-06 10:00:00+00:00,12.2,8.81,uppsala,5f9fe38afd517828962fde29
16955,2021-04-06 11:00:00+00:00,20.5,11.92,uppsala,5f9fe38afd517828962fde29
16956,2021-04-06 12:00:00+00:00,292.7,17.09,uppsala,5f9fe38afd517828962fde29
16957,2021-04-06 13:00:00+00:00,11.8,9.23,uppsala,5f9fe38afd517828962fde29
16958,2021-04-06 14:00:00+00:00,300.8,11.61,uppsala,5f9fe38afd517828962fde29
16959,2021-04-06 15:00:00+00:00,782.1,9.77,uppsala,5f9fe38afd517828962fde29
16960,2021-04-06 16:00:00+00:00,617.5,3.23,uppsala,5f9fe38afd517828962fde29
16961,2021-04-06 17:00:00+00:00,0.0,0.1,uppsala,5f9fe38afd517828962fde29
16962,2021-04-06 18:00:00+00:00,0.0,0.0,uppsala,5f9fe38afd517828962fde29
16963,2021-04-06 19:00:00+00:00,0.0,0.0,uppsala,5f9fe38afd517828962fde29
16964,2021-04-06 20:00:00+00:00,0.0,0.0,uppsala,5f9fe38afd517828962fde29
16965,2021-04-06 21:00:00+00:00,0.0,0.0,uppsala,5f9fe38afd517828962fde29
16966,2021-04-06 22:00:00+00:00,0.0,0.0,uppsala,5f9fe38afd517828962fde29
16967,2021-04-06 23:00:00+00:00,0.0,0.0,uppsala,5f9fe38afd517828962fde29
16968,2021-04-07 00:00:00+00:00,0.0,0.0,uppsala,5f9fe38afd517828962fde29
16969,2021-04-07 01:00:00+00:00,0.0,0.0,uppsala,5f9fe38afd517828962fde29
16970,2021-04-07 02:00:00+00:00,0.0,0.0,uppsala,5f9fe38afd517828962fde29
16971,2021-04-07 03:00:00+00:00,0.0,0.0,uppsala,5f9fe38afd517828962fde29
16972,2021-04-07 04:00:00+00:00,0.0,0.04,uppsala,5f9fe38afd517828962fde29
16973,2021-04-07 05:00:00+00:00,0.0,1.15,uppsala,5f9fe38afd517828962fde29
16974,2021-04-07 06:00:00+00:00,321.8,7.84,uppsala,5f9fe38afd517828962fde29
16975,2021-04-07 07:00:00+00:00,487.8,17.67,uppsala,5f9fe38afd517828962fde29
16976,2021-04-07 08:00:00+00:00,758.3,11.68,uppsala,5f9fe38afd517828962fde29
16977,2021-04-07 09:00:00+00:00,431.8,11.25,uppsala,5f9fe38afd517828962fde29
16978,2021-04-07 10:00:00+00:00,393.0,17.7,uppsala,5f9fe38afd517828962fde29
16979,2021-04-07 11:00:00+00:00,194.1,16.77,uppsala,5f9fe38afd517828962fde29
16980,2021-04-07 12:00:00+00:00,879.5,18.3,uppsala,5f9fe38afd517828962fde29
16981,2021-04-07 13:00:00+00:00,852.2,17.28,uppsala,5f9fe38afd517828962fde29
16982,2021-04-07 14:00:00+00:00,738.3,11.06,uppsala,5f9fe38afd517828962fde29
16983,2021-04-07 15:00:00+00:00,758.2,8.03,uppsala,5f9fe38afd517828962fde29
16984,2021-04-07 16:00:00+00:00,617.5,4.17,uppsala,5f9fe38afd517828962fde29
16985,2021-04-07 17:00:00+00:00,327.9,0.24,uppsala,5f9fe38afd517828962fde29
16986,2021-04-07 18:00:00+00:00,0.0,0.0,uppsala,5f9fe38afd517828962fde29
16987,2021-04-07 19:00:00+00:00,0.0,0.0,uppsala,5f9fe38afd517828962fde29
16988,2021-04-07 20:00:00+00:00,0.0,0.0,uppsala,5f9fe38afd517828962fde29
16989,2021-04-07 21:00:00+00:00,0.0,0.0,uppsala,5f9fe38afd517828962fde29
16990,2021-04-07 22:00:00+00:00,0.0,0.0,uppsala,5f9fe38afd517828962fde29
16991,2021-04-07 23:00:00+00:00,0.0,0.0,uppsala,5f9fe38afd517828962fde29
16992,2021-04-08 00:00:00+00:00,0.0,0.0,uppsala,5f9fe38afd517828962fde29
16993,2021-04-08 01:00:00+00:00,0.0,0.0,uppsala,5f9fe38afd517828962fde29
16994,2021-04-08 02:00:00+00:00,0.0,0.0,uppsala,5f9fe38afd517828962fde29
16995,2021-04-08 03:00:00+00:00,0.0,0.02,uppsala,5f9fe38afd517828962fde29
16996,2021-04-08 04:00:00+00:00,5.6,3.31,uppsala,5f9fe38afd517828962fde29
16997,2021-04-08 05:00:00+00:00,516.6,10.67,uppsala,5f9fe38afd517828962fde29
16998,2021-04-08 06:00:00+00:00,748.3,16.23,uppsala,5f9fe38afd517828962fde29
16999,2021-04-08 07:00:00+00:00,850.8,19.25,uppsala,5f9fe38afd517828962fde29
17000,2021-04-08 08:00:00+00:00,897.5,20.4,uppsala,5f9fe38afd517828962fde29
17001,2021-04-08 09:00:00+00:00,924.8,20.3,uppsala,5f9fe38afd517828962fde29
17002,2021-04-08 10:00:00+00:00,938.2,19.2,uppsala,5f9fe38afd517828962fde29
17003,2021-04-08 11:00:00+00:00,931.9,16.81,uppsala,5f9fe38afd517828962fde29
17004,2021-04-08 12:00:00+00:00,890.8,11.58,uppsala,5f9fe38afd517828962fde29
17005,2021-04-08 13:00:00+00:00,768.5,6.52,uppsala,5f9fe38afd517828962fde29
17006,2021-04-08 14:00:00+00:00,206.8,8.35,uppsala,5f9fe38afd517828962fde29
17007,2021-04-08 15:00:00+00:00,686.5,9.15,uppsala,5f9fe38afd517828962fde29
17008,2021-04-08 16:00:00+00:00,225.8,1.58,uppsala,5f9fe38afd517828962fde29
17009,2021-04-08 17:00:00+00:00,0.0,0.13,uppsala,5f9fe38afd517828962fde29
17010,2021-04-08 18:00:00+00:00,0.0,0.0,uppsala,5f9fe38afd517828962fde29
17011,2021-04-08 19:00:00+00:00,0.0,0.0,uppsala,5f9fe38afd517828962fde29
17012,2021-04-08 20:00:00+00:00,0.0,0.0,uppsala,5f9fe38afd517828962fde29
17013,2021-04-08 21:00:00+00:00,0.0,0.0,uppsala,5f9fe38afd517828962fde29
17014,2021-04-08 22:00:00+00:00,0.0,0.0,uppsala,5f9fe38afd517828962fde29
17015,2021-04-08 23:00:00+00:00,0.0,0.0,uppsala,5f9fe38afd517828962fde29
17016,2021-04-09 00:00:00+00:00,0.0,0.0,uppsala,5f9fe38afd517828962fde29
17017,2021-04-09 01:00:00+00:00,0.0,0.0,uppsala,5f9fe38afd517828962fde29
17018,2021-04-09 02:00:00+00:00,0.0,0.0,uppsala,5f9fe38afd517828962fde29
17019,2021-04-09 03:00:00+00:00,0.0,0.0,uppsala,5f9fe38afd517828962fde29
17020,2021-04-09 04:00:00+00:00,0.0,0.18,uppsala,5f9fe38afd517828962fde29
17021,2021-04-09 05:00:00+00:00,0.5,0.63,uppsala,5f9fe38afd517828962fde29
17022,2021-04-09 06:00:00+00:00,2.6,0.98,uppsala,5f9fe38afd517828962fde29
17023,2021-04-09 07:00:00+00:00,6.7,1.5,uppsala,5f9fe38afd517828962fde29
17024,2021-04-09 08:00:00+00:00,94.0,10.96,uppsala,5f9fe38afd517828962fde29
17025,2021-04-09 09:00:00+00:00,392.9,10.53,uppsala,5f9fe38afd517828962fde29
17026,2021-04-09 10:00:00+00:00,154.9,5.12,uppsala,5f9fe38afd517828962fde29
17027,2021-04-09 11:00:00+00:00,98.1,5.2,uppsala,5f9fe38afd517828962fde29
17028,2021-04-09 12:00:00+00:00,62.3,12.76,uppsala,5f9fe38afd517828962fde29
17029,2021-04-09 13:00:00+00:00,75.9,10.04,uppsala,5f9fe38afd517828962fde29
17030,2021-04-09 14:00:00+00:00,66.2,10.89,uppsala,5f9fe38afd517828962fde29
17031,2021-04-09 15:00:00+00:00,96.6,1.85,uppsala,5f9fe38afd517828962fde29
17032,2021-04-09 16:00:00+00:00,1.1,0.0,uppsala,5f9fe38afd517828962fde29
17033,2021-04-09 17:00:00+00:00,0.0,1.13,uppsala,5f9fe38afd517828962fde29
17034,2021-04-09 18:00:00+00:00,0.0,0.0,uppsala,5f9fe38afd517828962fde29
17035,2021-04-09 19:00:00+00:00,0.0,0.0,uppsala,5f9fe38afd517828962fde29
17036,2021-04-09 20:00:00+00:00,0.0,0.0,uppsala,5f9fe38afd517828962fde29
17037,2021-04-09 21:00:00+00:00,0.0,0.0,uppsala,5f9fe38afd517828962fde29
17038,2021-04-09 22:00:00+00:00,0.0,0.0,uppsala,5f9fe38afd517828962fde29
17039,2021-04-09 23:00:00+00:00,0.0,0.0,uppsala,5f9fe38afd517828962fde29
17040,2021-04-10 00:00:00+00:00,0.0,0.0,uppsala,5f9fe38afd517828962fde29
17041,2021-04-10 01:00:00+00:00,0.0,0.0,uppsala,5f9fe38afd517828962fde29
17042,2021-04-10 02:00:00+00:00,0.0,0.0,uppsala,5f9fe38afd517828962fde29
17043,2021-04-10 03:00:00+00:00,0.0,0.0,uppsala,5f9fe38afd517828962fde29
17044,2021-04-10 04:00:00+00:00,2.5,0.31,uppsala,5f9fe38afd517828962fde29
17045,2021-04-10 05:00:00+00:00,274.9,8.87,uppsala,5f9fe38afd517828962fde29
17046,2021-04-10 06:00:00+00:00,607.5,16.04,uppsala,5f9fe38afd517828962fde29
17047,2021-04-10 07:00:00+00:00,755.0,19.86,uppsala,5f9fe38afd517828962fde29
17048,2021-04-10 08:00:00+00:00,842.7,21.08,uppsala,5f9fe38afd517828962fde29
17049,2021-04-10 09:00:00+00:00,881.3,20.64,uppsala,5f9fe38afd517828962fde29
17050,2021-04-10 10:00:00+00:00,910.3,19.48,uppsala,5f9fe38afd517828962fde29
17051,2021-04-10 11:00:00+00:00,924.8,17.39,uppsala,5f9fe38afd517828962fde29
17052,2021-04-10 12:00:00+00:00,919.3,16.94,uppsala,5f9fe38afd517828962fde29
17053,2021-04-10 13:00:00+00:00,882.1,14.65,uppsala,5f9fe38afd517828962fde29
17054,2021-04-10 14:00:00+00:00,799.6,12.72,uppsala,5f9fe38afd517828962fde29
17055,2021-04-10 15:00:00+00:00,756.9,9.43,uppsala,5f9fe38afd517828962fde29
17056,2021-04-10 16:00:00+00:00,629.4,5.51,uppsala,5f9fe38afd517828962fde29
17057,2021-04-10 17:00:00+00:00,370.7,1.18,uppsala,5f9fe38afd517828962fde29
17058,2021-04-10 18:00:00+00:00,0.0,0.0,uppsala,5f9fe38afd517828962fde29
17059,2021-04-10 19:00:00+00:00,0.0,0.0,uppsala,5f9fe38afd517828962fde29
17060,2021-04-10 20:00:00+00:00,0.0,0.0,uppsala,5f9fe38afd517828962fde29
17061,2021-04-10 21:00:00+00:00,0.0,0.0,uppsala,5f9fe38afd517828962fde29
17062,2021-04-10 22:00:00+00:00,0.0,0.0,uppsala,5f9fe38afd517828962fde29
17063,2021-04-10 23:00:00+00:00,0.0,0.0,uppsala,5f9fe38afd517828962fde29
17064,2021-04-11 00:00:00+00:00,0.0,0.0,uppsala,5f9fe38afd517828962fde29
17065,2021-04-11 01:00:00+00:00,0.0,0.0,uppsala,5f9fe38afd517828962fde29
17066,2021-04-11 02:00:00+00:00,0.0,0.0,uppsala,5f9fe38afd517828962fde29
17067,2021-04-11 03:00:00+00:00,0.0,0.1,uppsala,5f9fe38afd517828962fde29
17068,2021-04-11 04:00:00+00:00,87.0,3.86,uppsala,5f9fe38afd517828962fde29
17069,2021-04-11 05:00:00+00:00,507.2,11.05,uppsala,5f9fe38afd517828962fde29
17070,2021-04-11 06:00:00+00:00,691.1,16.45,uppsala,5f9fe38afd517828962fde29
17071,2021-04-11 07:00:00+00:00,786.9,19.01,uppsala,5f9fe38afd517828962fde29
17072,2021-04-11 08:00:00+00:00,840.2,17.39,uppsala,5f9fe38afd517828962fde29
17073,2021-04-11 09:00:00+00:00,725.3,16.56,uppsala,5f9fe38afd517828962fde29
17074,2021-04-11 10:00:00+00:00,12.6,13.58,uppsala,5f9fe38afd517828962fde29
17075,2021-04-11 11:00:00+00:00,306.1,9.11,uppsala,5f9fe38afd517828962fde29
17076,2021-04-11 12:00:00+00:00,24.0,6.4,uppsala,5f9fe38afd517828962fde29
17077,2021-04-11 13:00:00+00:00,17.1,3.73,uppsala,5f9fe38afd517828962fde29
17078,2021-04-11 14:00:00+00:00,9.2,3.33,uppsala,5f9fe38afd517828962fde29
17079,2021-04-11 15:00:00+00:00,48.8,2.11,uppsala,5f9fe38afd517828962fde29
17080,2021-04-11 16:00:00+00:00,14.6,0.43,uppsala,5f9fe38afd517828962fde29
17081,2021-04-11 17:00:00+00:00,0.0,0.0,uppsala,5f9fe38afd517828962fde29
17082,2021-04-11 18:00:00+00:00,0.0,0.0,uppsala,5f9fe38afd517828962fde29
17083,2021-04-11 19:00:00+00:00,0.0,0.0,uppsala,5f9fe38afd517828962fde29
17084,2021-04-11 20:00:00+00:00,0.0,0.0,uppsala,5f9fe38afd517828962fde29
17085,2021-04-11 21:00:00+00:00,0.0,0.0,uppsala,5f9fe38afd517828962fde29
17086,2021-04-11 22:00:00+00:00,0.0,0.0,uppsala,5f9fe38afd517828962fde29
17087,2021-04-11 23:00:00+00:00,0.0,0.0,uppsala,5f9fe38afd517828962fde29
17088,2021-04-12 00:00:00+00:00,0.0,0.0,uppsala,5f9fe38afd517828962fde29
17089,2021-04-12 01:00:00+00:00,0.0,0.0,uppsala,5f9fe38afd517828962fde29
17090,2021-04-12 02:00:00+00:00,0.0,0.0,uppsala,5f9fe38afd517828962fde29
17091,2021-04-12 03:00:00+00:00,0.0,0.0,uppsala,5f9fe38afd517828962fde29
17092,2021-04-12 04:00:00+00:00,0.0,0.0,uppsala,5f9fe38afd517828962fde29
17093,2021-04-12 05:00:00+00:00,0.0,0.55,uppsala,5f9fe38afd517828962fde29
17094,2021-04-12 06:00:00+00:00,1.0,0.97,uppsala,5f9fe38afd517828962fde29
17095,2021-04-12 07:00:00+00:00,4.2,1.29,uppsala,5f9fe38afd517828962fde29
17096,2021-04-12 08:00:00+00:00,7.3,0.58,uppsala,5f9fe38afd517828962fde29
17097,2021-04-12 09:00:00+00:00,8.0,0.58,uppsala,5f9fe38afd517828962fde29
17098,2021-04-12 10:00:00+00:00,8.9,3.77,uppsala,5f9fe38afd517828962fde29
17099,2021-04-12 11:00:00+00:00,9.7,3.6,uppsala,5f9fe38afd517828962fde29
17100,2021-04-12 12:00:00+00:00,10.9,2.87,uppsala,5f9fe38afd517828962fde29
17101,2021-04-12 13:00:00+00:00,10.8,2.8,uppsala,5f9fe38afd517828962fde29
17102,2021-04-12 14:00:00+00:00,7.7,6.21,uppsala,5f9fe38afd517828962fde29
17103,2021-04-12 15:00:00+00:00,3.1,4.33,uppsala,5f9fe38afd517828962fde29
17104,2021-04-12 16:00:00+00:00,10.0,2.04,uppsala,5f9fe38afd517828962fde29
17105,2021-04-12 17:00:00+00:00,0.0,0.38,uppsala,5f9fe38afd517828962fde29
17106,2021-04-12 18:00:00+00:00,0.0,0.0,uppsala,5f9fe38afd517828962fde29
17107,2021-04-12 19:00:00+00:00,0.0,0.0,uppsala,5f9fe38afd517828962fde29
17108,2021-04-12 20:00:00+00:00,0.0,0.0,uppsala,5f9fe38afd517828962fde29
17109,2021-04-12 21:00:00+00:00,0.0,0.0,uppsala,5f9fe38afd517828962fde29
17110,2021-04-12 22:00:00+00:00,0.0,0.0,uppsala,5f9fe38afd517828962fde29
17111,2021-04-12 23:00:00+00:00,0.0,0.0,uppsala,5f9fe38afd517828962fde29
17112,2021-04-13 00:00:00+00:00,0.0,0.0,uppsala,5f9fe38afd517828962fde29
17113,2021-04-13 01:00:00+00:00,0.0,0.0,uppsala,5f9fe38afd517828962fde29
17114,2021-04-13 02:00:00+00:00,0.0,0.0,uppsala,5f9fe38afd517828962fde29
17115,2021-04-13 03:00:00+00:00,0.0,0.09,uppsala,5f9fe38afd517828962fde29
17116,2021-04-13 04:00:00+00:00,111.6,1.62,uppsala,5f9fe38afd517828962fde29
17117,2021-04-13 05:00:00+00:00,490.4,11.18,uppsala,5f9fe38afd517828962fde29
17118,2021-04-13 06:00:00+00:00,671.8,11.99,uppsala,5f9fe38afd517828962fde29
17119,2021-04-13 07:00:00+00:00,210.5,9.38,uppsala,5f9fe38afd517828962fde29
17120,2021-04-13 08:00:00+00:00,174.1,8.31,uppsala,5f9fe38afd517828962fde29
17121,2021-04-13 09:00:00+00:00,26.9,11.72,uppsala,5f9fe38afd517828962fde29
17122,2021-04-13 10:00:00+00:00,11.8,8.07,uppsala,5f9fe38afd517828962fde29
17123,2021-04-13 11:00:00+00:00,39.4,14.46,uppsala,5f9fe38afd517828962fde29
17124,2021-04-13 12:00:00+00:00,233.3,11.28,uppsala,5f9fe38afd517828962fde29
17125,2021-04-13 13:00:00+00:00,341.2,3.2,uppsala,5f9fe38afd517828962fde29
17126,2021-04-13 14:00:00+00:00,11.1,5.4,uppsala,5f9fe38afd517828962fde29
17127,2021-04-13 15:00:00+00:00,356.4,7.3,uppsala,5f9fe38afd517828962fde29
17128,2021-04-13 16:00:00+00:00,33.4,3.12,uppsala,5f9fe38afd517828962fde29
17129,2021-04-13 17:00:00+00:00,197.8,2.47,uppsala,5f9fe38afd517828962fde29
17130,2021-04-13 18:00:00+00:00,0.0,0.0,uppsala,5f9fe38afd517828962fde29
17131,2021-04-13 19:00:00+00:00,0.0,0.0,uppsala,5f9fe38afd517828962fde29
17132,2021-04-13 20:00:00+00:00,0.0,0.0,uppsala,5f9fe38afd517828962fde29
17133,2021-04-13 21:00:00+00:00,0.0,0.0,uppsala,5f9fe38afd517828962fde29
17134,2021-04-13 22:00:00+00:00,0.0,0.0,uppsala,5f9fe38afd517828962fde29
17135,2021-04-13 23:00:00+00:00,0.0,0.0,uppsala,5f9fe38afd517828962fde29
17136,2021-04-14 00:00:00+00:00,0.0,0.0,uppsala,5f9fe38afd517828962fde29
17137,2021-04-14 01:00:00+00:00,0.0,0.0,uppsala,5f9fe38afd517828962fde29
17138,2021-04-14 02:00:00+00:00,0.0,0.0,uppsala,5f9fe38afd517828962fde29
17139,2021-04-14 03:00:00+00:00,0.0,0.29,uppsala,5f9fe38afd517828962fde29
17140,2021-04-14 04:00:00+00:00,133.9,4.95,uppsala,5f9fe38afd517828962fde29
17141,2021-04-14 05:00:00+00:00,503.6,12.02,uppsala,5f9fe38afd517828962fde29
17142,2021-04-14 06:00:00+00:00,678.2,16.92,uppsala,5f9fe38afd517828962fde29
17143,2021-04-14 07:00:00+00:00,781.8,19.74,uppsala,5f9fe38afd517828962fde29
17144,2021-04-14 08:00:00+00:00,841.5,20.69,uppsala,5f9fe38afd517828962fde29
17145,2021-04-14 09:00:00+00:00,879.3,20.52,uppsala,5f9fe38afd517828962fde29
17146,2021-04-14 10:00:00+00:00,892.7,19.15,uppsala,5f9fe38afd517828962fde29
17147,2021-04-14 11:00:00+00:00,359.1,12.6,uppsala,5f9fe38afd517828962fde29
17148,2021-04-14 12:00:00+00:00,69.9,9.39,uppsala,5f9fe38afd517828962fde29
17149,2021-04-14 13:00:00+00:00,27.3,11.2,uppsala,5f9fe38afd517828962fde29
17150,2021-04-14 14:00:00+00:00,17.7,8.62,uppsala,5f9fe38afd517828962fde29
17151,2021-04-14 15:00:00+00:00,316.1,3.9,uppsala,5f9fe38afd517828962fde29
17152,2021-04-14 16:00:00+00:00,100.2,6.26,uppsala,5f9fe38afd517828962fde29
17153,2021-04-14 17:00:00+00:00,414.3,2.58,uppsala,5f9fe38afd517828962fde29
17154,2021-04-14 18:00:00+00:00,0.4,0.0,uppsala,5f9fe38afd517828962fde29
17155,2021-04-14 19:00:00+00:00,0.0,0.0,uppsala,5f9fe38afd517828962fde29
17156,2021-04-14 20:00:00+00:00,0.0,0.0,uppsala,5f9fe38afd517828962fde29
17157,2021-04-14 21:00:00+00:00,0.0,0.0,uppsala,5f9fe38afd517828962fde29
17158,2021-04-14 22:00:00+00:00,0.0,0.0,uppsala,5f9fe38afd517828962fde29
17159,2021-04-14 23:00:00+00:00,0.0,0.0,uppsala,5f9fe38afd517828962fde29
17160,2021-04-15 00:00:00+00:00,0.0,0.0,uppsala,5f9fe38afd517828962fde29
17161,2021-04-15 01:00:00+00:00,0.0,0.0,uppsala,5f9fe38afd517828962fde29
17162,2021-04-15 02:00:00+00:00,0.0,0.0,uppsala,5f9fe38afd517828962fde29
17163,2021-04-15 03:00:00+00:00,0.0,0.29,uppsala,5f9fe38afd517828962fde29
17164,2021-04-15 04:00:00+00:00,155.8,4.74,uppsala,5f9fe38afd517828962fde29
17165,2021-04-15 05:00:00+00:00,494.9,11.53,uppsala,5f9fe38afd517828962fde29
17166,2021-04-15 06:00:00+00:00,680.2,16.63,uppsala,5f9fe38afd517828962fde29
17167,2021-04-15 07:00:00+00:00,780.6,19.8,uppsala,5f9fe38afd517828962fde29
17168,2021-04-15 08:00:00+00:00,831.3,20.9,uppsala,5f9fe38afd517828962fde29
17169,2021-04-15 09:00:00+00:00,870.9,17.42,uppsala,5f9fe38afd517828962fde29
17170,2021-04-15 10:00:00+00:00,791.1,15.37,uppsala,5f9fe38afd517828962fde29
17171,2021-04-15 11:00:00+00:00,876.6,17.26,uppsala,5f9fe38afd517828962fde29
17172,2021-04-15 12:00:00+00:00,887.0,12.57,uppsala,5f9fe38afd517828962fde29
17173,2021-04-15 13:00:00+00:00,860.8,14.39,uppsala,5f9fe38afd517828962fde29
17174,2021-04-15 14:00:00+00:00,811.4,13.94,uppsala,5f9fe38afd517828962fde29
17175,2021-04-15 15:00:00+00:00,737.7,10.21,uppsala,5f9fe38afd517828962fde29
17176,2021-04-15 16:00:00+00:00,611.4,7.26,uppsala,5f9fe38afd517828962fde29
17177,2021-04-15 17:00:00+00:00,400.6,3.15,uppsala,5f9fe38afd517828962fde29
17178,2021-04-15 18:00:00+00:00,2.8,0.01,uppsala,5f9fe38afd517828962fde29
17179,2021-04-15 19:00:00+00:00,0.0,0.0,uppsala,5f9fe38afd517828962fde29
17180,2021-04-15 20:00:00+00:00,0.0,0.0,uppsala,5f9fe38afd517828962fde29
17181,2021-04-15 21:00:00+00:00,0.0,0.0,uppsala,5f9fe38afd517828962fde29
17182,2021-04-15 22:00:00+00:00,0.0,0.0,uppsala,5f9fe38afd517828962fde29
17183,2021-04-15 23:00:00+00:00,0.0,0.0,uppsala,5f9fe38afd517828962fde29
17184,2021-04-16 00:00:00+00:00,0.0,0.0,uppsala,5f9fe38afd517828962fde29
17185,2021-04-16 01:00:00+00:00,0.0,0.0,uppsala,5f9fe38afd517828962fde29
17186,2021-04-16 02:00:00+00:00,0.0,0.0,uppsala,5f9fe38afd517828962fde29
17187,2021-04-16 03:00:00+00:00,0.0,0.31,uppsala,5f9fe38afd517828962fde29
17188,2021-04-16 04:00:00+00:00,139.4,4.98,uppsala,5f9fe38afd517828962fde29
17189,2021-04-16 05:00:00+00:00,455.4,11.98,uppsala,5f9fe38afd517828962fde29
17190,2021-04-16 06:00:00+00:00,624.5,17.06,uppsala,5f9fe38afd517828962fde29
17191,2021-04-16 07:00:00+00:00,722.0,19.44,uppsala,5f9fe38afd517828962fde29
17192,2021-04-16 08:00:00+00:00,778.9,20.79,uppsala,5f9fe38afd517828962fde29
17193,2021-04-16 09:00:00+00:00,814.0,19.52,uppsala,5f9fe38afd517828962fde29
17194,2021-04-16 10:00:00+00:00,823.5,18.92,uppsala,5f9fe38afd517828962fde29
17195,2021-04-16 11:00:00+00:00,827.2,16.72,uppsala,5f9fe38afd517828962fde29
17196,2021-04-16 12:00:00+00:00,808.2,17.27,uppsala,5f9fe38afd517828962fde29
17197,2021-04-16 13:00:00+00:00,778.7,16.41,uppsala,5f9fe38afd517828962fde29
17198,2021-04-16 14:00:00+00:00,730.2,13.94,uppsala,5f9fe38afd517828962fde29
17199,2021-04-16 15:00:00+00:00,637.6,10.33,uppsala,5f9fe38afd517828962fde29
17200,2021-04-16 16:00:00+00:00,526.8,6.58,uppsala,5f9fe38afd517828962fde29
17201,2021-04-16 17:00:00+00:00,322.6,1.86,uppsala,5f9fe38afd517828962fde29
17202,2021-04-16 18:00:00+00:00,3.3,0.02,uppsala,5f9fe38afd517828962fde29
17203,2021-04-16 19:00:00+00:00,0.0,0.0,uppsala,5f9fe38afd517828962fde29
17204,2021-04-16 20:00:00+00:00,0.0,0.0,uppsala,5f9fe38afd517828962fde29
17205,2021-04-16 21:00:00+00:00,0.0,0.0,uppsala,5f9fe38afd517828962fde29
17206,2021-04-16 22:00:00+00:00,0.0,0.0,uppsala,5f9fe38afd517828962fde29
17207,2021-04-16 23:00:00+00:00,0.0,0.0,uppsala,5f9fe38afd517828962fde29
17208,2021-04-17 00:00:00+00:00,0.0,0.0,uppsala,5f9fe38afd517828962fde29
17209,2021-04-17 01:00:00+00:00,0.0,0.0,uppsala,5f9fe38afd517828962fde29
17210,2021-04-17 02:00:00+00:00,0.0,0.0,uppsala,5f9fe38afd517828962fde29
17211,2021-04-17 03:00:00+00:00,0.0,0.13,uppsala,5f9fe38afd517828962fde29
17212,2021-04-17 04:00:00+00:00,81.9,3.04,uppsala,5f9fe38afd517828962fde29
17213,2021-04-17 05:00:00+00:00,331.2,8.89,uppsala,5f9fe38afd517828962fde29
17214,2021-04-17 06:00:00+00:00,486.0,14.36,uppsala,5f9fe38afd517828962fde29
17215,2021-04-17 07:00:00+00:00,555.6,17.77,uppsala,5f9fe38afd517828962fde29
17216,2021-04-17 08:00:00+00:00,636.3,16.71,uppsala,5f9fe38afd517828962fde29
17217,2021-04-17 09:00:00+00:00,689.1,16.99,uppsala,5f9fe38afd517828962fde29
17218,2021-04-17 10:00:00+00:00,688.9,14.36,uppsala,5f9fe38afd517828962fde29
17219,2021-04-17 11:00:00+00:00,727.2,16.39,uppsala,5f9fe38afd517828962fde29
17220,2021-04-17 12:00:00+00:00,746.1,16.61,uppsala,5f9fe38afd517828962fde29
17221,2021-04-17 13:00:00+00:00,736.3,15.68,uppsala,5f9fe38afd517828962fde29
17222,2021-04-17 14:00:00+00:00,699.8,13.65,uppsala,5f9fe38afd517828962fde29
17223,2021-04-17 15:00:00+00:00,636.5,9.77,uppsala,5f9fe38afd517828962fde29
17224,2021-04-17 16:00:00+00:00,515.5,4.04,uppsala,5f9fe38afd517828962fde29
17225,2021-04-17 17:00:00+00:00,305.1,1.96,uppsala,5f9fe38afd517828962fde29
17226,2021-04-17 18:00:00+00:00,5.1,0.02,uppsala,5f9fe38afd517828962fde29
17227,2021-04-17 19:00:00+00:00,0.0,0.0,uppsala,5f9fe38afd517828962fde29
17228,2021-04-17 20:00:00+00:00,0.0,0.0,uppsala,5f9fe38afd517828962fde29
17229,2021-04-17 21:00:00+00:00,0.0,0.0,uppsala,5f9fe38afd517828962fde29
17230,2021-04-17 22:00:00+00:00,0.0,0.0,uppsala,5f9fe38afd517828962fde29
17231,2021-04-17 23:00:00+00:00,0.0,0.0,uppsala,5f9fe38afd517828962fde29
17232,2021-04-18 00:00:00+00:00,0.0,0.0,uppsala,5f9fe38afd517828962fde29
17233,2021-04-18 01:00:00+00:00,0.0,0.0,uppsala,5f9fe38afd517828962fde29
17234,2021-04-18 02:00:00+00:00,0.0,0.0,uppsala,5f9fe38afd517828962fde29
17235,2021-04-18 03:00:00+00:00,0.0,0.49,uppsala,5f9fe38afd517828962fde29
17236,2021-04-18 04:00:00+00:00,148.1,5.42,uppsala,5f9fe38afd517828962fde29
17237,2021-04-18 05:00:00+00:00,443.9,12.02,uppsala,5f9fe38afd517828962fde29
17238,2021-04-18 06:00:00+00:00,620.6,17.17,uppsala,5f9fe38afd517828962fde29
17239,2021-04-18 07:00:00+00:00,736.6,19.76,uppsala,5f9fe38afd517828962fde29
17240,2021-04-18 08:00:00+00:00,802.6,20.57,uppsala,5f9fe38afd517828962fde29
17241,2021-04-18 09:00:00+00:00,849.8,20.34,uppsala,5f9fe38afd517828962fde29
17242,2021-04-18 10:00:00+00:00,866.0,19.21,uppsala,5f9fe38afd517828962fde29
17243,2021-04-18 11:00:00+00:00,879.2,16.73,uppsala,5f9fe38afd517828962fde29
17244,2021-04-18 12:00:00+00:00,873.8,17.13,uppsala,5f9fe38afd517828962fde29
17245,2021-04-18 13:00:00+00:00,850.6,16.3,uppsala,5f9fe38afd517828962fde29
17246,2021-04-18 14:00:00+00:00,795.8,14.03,uppsala,5f9fe38afd517828962fde29
17247,2021-04-18 15:00:00+00:00,755.8,10.44,uppsala,5f9fe38afd517828962fde29
17248,2021-04-18 16:00:00+00:00,637.9,7.02,uppsala,5f9fe38afd517828962fde29
17249,2021-04-18 17:00:00+00:00,425.5,3.36,uppsala,5f9fe38afd517828962fde29
17250,2021-04-18 18:00:00+00:00,36.6,0.08,uppsala,5f9fe38afd517828962fde29
17251,2021-04-18 19:00:00+00:00,0.0,0.0,uppsala,5f9fe38afd517828962fde29
17252,2021-04-18 20:00:00+00:00,0.0,0.0,uppsala,5f9fe38afd517828962fde29
17253,2021-04-18 21:00:00+00:00,0.0,0.0,uppsala,5f9fe38afd517828962fde29
17254,2021-04-18 22:00:00+00:00,0.0,0.0,uppsala,5f9fe38afd517828962fde29
17255,2021-04-18 23:00:00+00:00,0.0,0.0,uppsala,5f9fe38afd517828962fde29
17256,2021-04-19 00:00:00+00:00,0.0,0.0,uppsala,5f9fe38afd517828962fde29
17257,2021-04-19 01:00:00+00:00,0.0,0.0,uppsala,5f9fe38afd517828962fde29
17258,2021-04-19 02:00:00+00:00,0.0,0.0,uppsala,5f9fe38afd517828962fde29
17259,2021-04-19 03:00:00+00:00,0.0,0.55,uppsala,5f9fe38afd517828962fde29
17260,2021-04-19 04:00:00+00:00,183.6,5.6,uppsala,5f9fe38afd517828962fde29
17261,2021-04-19 05:00:00+00:00,502.6,12.07,uppsala,5f9fe38afd517828962fde29
17262,2021-04-19 06:00:00+00:00,669.7,16.91,uppsala,5f9fe38afd517828962fde29
17263,2021-04-19 07:00:00+00:00,780.7,19.38,uppsala,5f9fe38afd517828962fde29
17264,2021-04-19 08:00:00+00:00,838.1,20.36,uppsala,5f9fe38afd517828962fde29
17265,2021-04-19 09:00:00+00:00,881.0,20.14,uppsala,5f9fe38afd517828962fde29
17266,2021-04-19 10:00:00+00:00,901.0,19.0,uppsala,5f9fe38afd517828962fde29
17267,2021-04-19 11:00:00+00:00,891.2,16.5,uppsala,5f9fe38afd517828962fde29
17268,2021-04-19 12:00:00+00:00,882.9,17.03,uppsala,5f9fe38afd517828962fde29
17269,2021-04-19 13:00:00+00:00,858.4,15.97,uppsala,5f9fe38afd517828962fde29
17270,2021-04-19 14:00:00+00:00,814.5,13.67,uppsala,5f9fe38afd517828962fde29
17271,2021-04-19 15:00:00+00:00,740.0,10.1,uppsala,5f9fe38afd517828962fde29
17272,2021-04-19 16:00:00+00:00,617.4,6.69,uppsala,5f9fe38afd517828962fde29
17273,2021-04-19 17:00:00+00:00,410.5,2.97,uppsala,5f9fe38afd517828962fde29
17274,2021-04-19 18:00:00+00:00,38.5,0.05,uppsala,5f9fe38afd517828962fde29
17275,2021-04-19 19:00:00+00:00,0.0,0.0,uppsala,5f9fe38afd517828962fde29
17276,2021-04-19 20:00:00+00:00,0.0,0.0,uppsala,5f9fe38afd517828962fde29
17277,2021-04-19 21:00:00+00:00,0.0,0.0,uppsala,5f9fe38afd517828962fde29
17278,2021-04-19 22:00:00+00:00,0.0,0.0,uppsala,5f9fe38afd517828962fde29
17279,2021-04-19 23:00:00+00:00,0.0,0.0,uppsala,5f9fe38afd517828962fde29
17280,2021-04-20 00:00:00+00:00,0.0,0.0,uppsala,5f9fe38afd517828962fde29
17281,2021-04-20 01:00:00+00:00,0.0,0.0,uppsala,5f9fe38afd517828962fde29
17282,2021-04-20 02:00:00+00:00,0.0,0.0,uppsala,5f9fe38afd517828962fde29
17283,2021-04-20 03:00:00+00:00,0.0,0.67,uppsala,5f9fe38afd517828962fde29
17284,2021-04-20 04:00:00+00:00,244.2,5.79,uppsala,5f9fe38afd517828962fde29
17285,2021-04-20 05:00:00+00:00,534.3,12.0,uppsala,5f9fe38afd517828962fde29
17286,2021-04-20 06:00:00+00:00,687.7,16.63,uppsala,5f9fe38afd517828962fde29
17287,2021-04-20 07:00:00+00:00,770.8,19.07,uppsala,5f9fe38afd517828962fde29
17288,2021-04-20 08:00:00+00:00,815.7,20.11,uppsala,5f9fe38afd517828962fde29
17289,2021-04-20 09:00:00+00:00,835.6,19.76,uppsala,5f9fe38afd517828962fde29
17290,2021-04-20 10:00:00+00:00,845.8,18.75,uppsala,5f9fe38afd517828962fde29
17291,2021-04-20 11:00:00+00:00,848.7,16.3,uppsala,5f9fe38afd517828962fde29
17292,2021-04-20 12:00:00+00:00,829.3,16.56,uppsala,5f9fe38afd517828962fde29
17293,2021-04-20 13:00:00+00:00,800.4,15.85,uppsala,5f9fe38afd517828962fde29
17294,2021-04-20 14:00:00+00:00,751.4,13.64,uppsala,5f9fe38afd517828962fde29
17295,2021-04-20 15:00:00+00:00,667.5,9.04,uppsala,5f9fe38afd517828962fde29
17296,2021-04-20 16:00:00+00:00,540.1,5.39,uppsala,5f9fe38afd517828962fde29
17297,2021-04-20 17:00:00+00:00,211.5,3.38,uppsala,5f9fe38afd517828962fde29
17298,2021-04-20 18:00:00+00:00,10.2,0.07,uppsala,5f9fe38afd517828962fde29
17299,2021-04-20 19:00:00+00:00,0.0,0.0,uppsala,5f9fe38afd517828962fde29
17300,2021-04-20 20:00:00+00:00,0.0,0.0,uppsala,5f9fe38afd517828962fde29
17301,2021-04-20 21:00:00+00:00,0.0,0.0,uppsala,5f9fe38afd517828962fde29
17302,2021-04-20 22:00:00+00:00,0.0,0.0,uppsala,5f9fe38afd517828962fde29
17303,2021-04-20 23:00:00+00:00,0.0,0.0,uppsala,5f9fe38afd517828962fde29
17304,2021-04-21 00:00:00+00:00,0.0,0.0,uppsala,5f9fe38afd517828962fde29
17305,2021-04-21 01:00:00+00:00,0.0,0.0,uppsala,5f9fe38afd517828962fde29
17306,2021-04-21 02:00:00+00:00,0.0,0.0,uppsala,5f9fe38afd517828962fde29
17307,2021-04-21 03:00:00+00:00,0.0,0.72,uppsala,5f9fe38afd517828962fde29
17308,2021-04-21 04:00:00+00:00,201.6,5.69,uppsala,5f9fe38afd517828962fde29
17309,2021-04-21 05:00:00+00:00,474.2,12.01,uppsala,5f9fe38afd517828962fde29
17310,2021-04-21 06:00:00+00:00,589.1,16.36,uppsala,5f9fe38afd517828962fde29
17311,2021-04-21 07:00:00+00:00,669.4,17.14,uppsala,5f9fe38afd517828962fde29
17312,2021-04-21 08:00:00+00:00,717.2,20.1,uppsala,5f9fe38afd517828962fde29
17313,2021-04-21 09:00:00+00:00,747.3,20.16,uppsala,5f9fe38afd517828962fde29
17314,2021-04-21 10:00:00+00:00,746.9,19.31,uppsala,5f9fe38afd517828962fde29
17315,2021-04-21 11:00:00+00:00,676.7,16.03,uppsala,5f9fe38afd517828962fde29
17316,2021-04-21 12:00:00+00:00,140.9,8.7,uppsala,5f9fe38afd517828962fde29
17317,2021-04-21 13:00:00+00:00,17.8,2.34,uppsala,5f9fe38afd517828962fde29
17318,2021-04-21 14:00:00+00:00,11.3,3.01,uppsala,5f9fe38afd517828962fde29
17319,2021-04-21 15:00:00+00:00,4.5,1.98,uppsala,5f9fe38afd517828962fde29
17320,2021-04-21 16:00:00+00:00,2.0,0.07,uppsala,5f9fe38afd517828962fde29
17321,2021-04-21 17:00:00+00:00,15.7,0.02,uppsala,5f9fe38afd517828962fde29
17322,2021-04-21 18:00:00+00:00,1.6,0.0,uppsala,5f9fe38afd517828962fde29
17323,2021-04-21 19:00:00+00:00,0.0,0.0,uppsala,5f9fe38afd517828962fde29
17324,2021-04-21 20:00:00+00:00,0.0,0.0,uppsala,5f9fe38afd517828962fde29
17325,2021-04-21 21:00:00+00:00,0.0,0.0,uppsala,5f9fe38afd517828962fde29
17326,2021-04-21 22:00:00+00:00,0.0,0.0,uppsala,5f9fe38afd517828962fde29
17327,2021-04-21 23:00:00+00:00,0.0,0.0,uppsala,5f9fe38afd517828962fde29
17328,2021-04-22 00:00:00+00:00,0.0,0.0,uppsala,5f9fe38afd517828962fde29
17329,2021-04-22 01:00:00+00:00,0.0,0.0,uppsala,5f9fe38afd517828962fde29
17330,2021-04-22 02:00:00+00:00,0.0,0.0,uppsala,5f9fe38afd517828962fde29
17331,2021-04-22 03:00:00+00:00,0.0,0.0,uppsala,5f9fe38afd517828962fde29
17332,2021-04-22 04:00:00+00:00,0.0,0.09,uppsala,5f9fe38afd517828962fde29
17333,2021-04-22 05:00:00+00:00,0.0,0.41,uppsala,5f9fe38afd517828962fde29
17334,2021-04-22 06:00:00+00:00,5.1,0.68,uppsala,5f9fe38afd517828962fde29
17335,2021-04-22 07:00:00+00:00,5.6,0.8,uppsala,5f9fe38afd517828962fde29
17336,2021-04-22 08:00:00+00:00,7.8,1.01,uppsala,5f9fe38afd517828962fde29
17337,2021-04-22 09:00:00+00:00,9.8,1.42,uppsala,5f9fe38afd517828962fde29
17338,2021-04-22 10:00:00+00:00,9.0,2.2,uppsala,5f9fe38afd517828962fde29
17339,2021-04-22 11:00:00+00:00,9.1,2.04,uppsala,5f9fe38afd517828962fde29
17340,2021-04-22 12:00:00+00:00,8.9,1.82,uppsala,5f9fe38afd517828962fde29
17341,2021-04-22 13:00:00+00:00,7.7,1.39,uppsala,5f9fe38afd517828962fde29
17342,2021-04-22 14:00:00+00:00,11.2,2.08,uppsala,5f9fe38afd517828962fde29
17343,2021-04-22 15:00:00+00:00,7.1,1.53,uppsala,5f9fe38afd517828962fde29
17344,2021-04-22 16:00:00+00:00,0.6000000000000001,0.67,uppsala,5f9fe38afd517828962fde29
17345,2021-04-22 17:00:00+00:00,55.6,0.06,uppsala,5f9fe38afd517828962fde29
17346,2021-04-22 18:00:00+00:00,0.0,0.06,uppsala,5f9fe38afd517828962fde29
17347,2021-04-22 19:00:00+00:00,0.0,0.0,uppsala,5f9fe38afd517828962fde29
17348,2021-04-22 20:00:00+00:00,0.0,0.0,uppsala,5f9fe38afd517828962fde29
17349,2021-04-22 21:00:00+00:00,0.0,0.0,uppsala,5f9fe38afd517828962fde29
17350,2021-04-22 22:00:00+00:00,0.0,0.0,uppsala,5f9fe38afd517828962fde29
17351,2021-04-22 23:00:00+00:00,0.0,0.0,uppsala,5f9fe38afd517828962fde29
17352,2021-04-23 00:00:00+00:00,0.0,0.0,uppsala,5f9fe38afd517828962fde29
17353,2021-04-23 01:00:00+00:00,0.0,0.0,uppsala,5f9fe38afd517828962fde29
17354,2021-04-23 02:00:00+00:00,0.0,0.0,uppsala,5f9fe38afd517828962fde29
17355,2021-04-23 03:00:00+00:00,0.0,0.28,uppsala,5f9fe38afd517828962fde29
17356,2021-04-23 04:00:00+00:00,275.7,5.06,uppsala,5f9fe38afd517828962fde29
17357,2021-04-23 05:00:00+00:00,536.2,7.88,uppsala,5f9fe38afd517828962fde29
17358,2021-04-23 06:00:00+00:00,556.8,6.31,uppsala,5f9fe38afd517828962fde29
17359,2021-04-23 07:00:00+00:00,778.0,11.53,uppsala,5f9fe38afd517828962fde29
17360,2021-04-23 08:00:00+00:00,823.4,13.8,uppsala,5f9fe38afd517828962fde29
17361,2021-04-23 09:00:00+00:00,312.2,16.48,uppsala,5f9fe38afd517828962fde29
17362,2021-04-23 10:00:00+00:00,118.1,14.91,uppsala,5f9fe38afd517828962fde29
17363,2021-04-23 11:00:00+00:00,485.6,12.73,uppsala,5f9fe38afd517828962fde29
17364,2021-04-23 12:00:00+00:00,203.2,7.06,uppsala,5f9fe38afd517828962fde29
17365,2021-04-23 13:00:00+00:00,219.2,5.8,uppsala,5f9fe38afd517828962fde29
17366,2021-04-23 14:00:00+00:00,102.5,8.01,uppsala,5f9fe38afd517828962fde29
17367,2021-04-23 15:00:00+00:00,24.1,7.06,uppsala,5f9fe38afd517828962fde29
17368,2021-04-23 16:00:00+00:00,68.5,4.71,uppsala,5f9fe38afd517828962fde29
17369,2021-04-23 17:00:00+00:00,476.5,2.05,uppsala,5f9fe38afd517828962fde29
17370,2021-04-23 18:00:00+00:00,0.30000000000000004,0.43,uppsala,5f9fe38afd517828962fde29
17371,2021-04-23 19:00:00+00:00,0.0,0.0,uppsala,5f9fe38afd517828962fde29
17372,2021-04-23 20:00:00+00:00,0.0,0.0,uppsala,5f9fe38afd517828962fde29
17373,2021-04-23 21:00:00+00:00,0.0,0.0,uppsala,5f9fe38afd517828962fde29
17374,2021-04-23 22:00:00+00:00,0.0,0.0,uppsala,5f9fe38afd517828962fde29
17375,2021-04-23 23:00:00+00:00,0.0,0.0,uppsala,5f9fe38afd517828962fde29
17376,2021-04-24 00:00:00+00:00,0.0,0.0,uppsala,5f9fe38afd517828962fde29
17377,2021-04-24 01:00:00+00:00,0.0,0.0,uppsala,5f9fe38afd517828962fde29
17378,2021-04-24 02:00:00+00:00,0.0,0.0,uppsala,5f9fe38afd517828962fde29
17379,2021-04-24 03:00:00+00:00,0.0,1.09,uppsala,5f9fe38afd517828962fde29
17380,2021-04-24 04:00:00+00:00,234.4,6.61,uppsala,5f9fe38afd517828962fde29
17381,2021-04-24 05:00:00+00:00,476.5,11.7,uppsala,5f9fe38afd517828962fde29
17382,2021-04-24 06:00:00+00:00,605.2,7.97,uppsala,5f9fe38afd517828962fde29
17383,2021-04-24 07:00:00+00:00,18.1,4.73,uppsala,5f9fe38afd517828962fde29
17384,2021-04-24 08:00:00+00:00,8.4,5.03,uppsala,5f9fe38afd517828962fde29
17385,2021-04-24 09:00:00+00:00,17.7,9.35,uppsala,5f9fe38afd517828962fde29
17386,2021-04-24 10:00:00+00:00,34.3,13.15,uppsala,5f9fe38afd517828962fde29
17387,2021-04-24 11:00:00+00:00,20.2,10.07,uppsala,5f9fe38afd517828962fde29
17388,2021-04-24 12:00:00+00:00,51.2,13.22,uppsala,5f9fe38afd517828962fde29
17389,2021-04-24 13:00:00+00:00,9.5,9.44,uppsala,5f9fe38afd517828962fde29
17390,2021-04-24 14:00:00+00:00,46.9,6.07,uppsala,5f9fe38afd517828962fde29
17391,2021-04-24 15:00:00+00:00,464.2,9.81,uppsala,5f9fe38afd517828962fde29
17392,2021-04-24 16:00:00+00:00,46.1,2.81,uppsala,5f9fe38afd517828962fde29
17393,2021-04-24 17:00:00+00:00,83.1,0.91,uppsala,5f9fe38afd517828962fde29
17394,2021-04-24 18:00:00+00:00,20.6,0.03,uppsala,5f9fe38afd517828962fde29
17395,2021-04-24 19:00:00+00:00,0.0,0.0,uppsala,5f9fe38afd517828962fde29
17396,2021-04-24 20:00:00+00:00,0.0,0.0,uppsala,5f9fe38afd517828962fde29
17397,2021-04-24 21:00:00+00:00,0.0,0.0,uppsala,5f9fe38afd517828962fde29
17398,2021-04-24 22:00:00+00:00,0.0,0.0,uppsala,5f9fe38afd517828962fde29
17399,2021-04-24 23:00:00+00:00,0.0,0.0,uppsala,5f9fe38afd517828962fde29
17400,2021-04-25 00:00:00+00:00,0.0,0.0,uppsala,5f9fe38afd517828962fde29
17401,2021-04-25 01:00:00+00:00,0.0,0.0,uppsala,5f9fe38afd517828962fde29
17402,2021-04-25 02:00:00+00:00,0.0,0.0,uppsala,5f9fe38afd517828962fde29
17403,2021-04-25 03:00:00+00:00,0.0,0.73,uppsala,5f9fe38afd517828962fde29
17404,2021-04-25 04:00:00+00:00,0.7000000000000001,4.01,uppsala,5f9fe38afd517828962fde29
17405,2021-04-25 05:00:00+00:00,24.8,9.59,uppsala,5f9fe38afd517828962fde29
17406,2021-04-25 06:00:00+00:00,61.0,8.66,uppsala,5f9fe38afd517828962fde29
17407,2021-04-25 07:00:00+00:00,372.3,7.43,uppsala,5f9fe38afd517828962fde29
17408,2021-04-25 08:00:00+00:00,14.8,4.39,uppsala,5f9fe38afd517828962fde29
17409,2021-04-25 09:00:00+00:00,12.0,7.09,uppsala,5f9fe38afd517828962fde29
17410,2021-04-25 10:00:00+00:00,12.6,6.88,uppsala,5f9fe38afd517828962fde29
17411,2021-04-25 11:00:00+00:00,38.9,12.58,uppsala,5f9fe38afd517828962fde29
17412,2021-04-25 12:00:00+00:00,48.7,10.11,uppsala,5f9fe38afd517828962fde29
17413,2021-04-25 13:00:00+00:00,94.3,7.98,uppsala,5f9fe38afd517828962fde29
17414,2021-04-25 14:00:00+00:00,90.0,7.86,uppsala,5f9fe38afd517828962fde29
17415,2021-04-25 15:00:00+00:00,17.7,4.99,uppsala,5f9fe38afd517828962fde29
17416,2021-04-25 16:00:00+00:00,71.9,3.05,uppsala,5f9fe38afd517828962fde29
17417,2021-04-25 17:00:00+00:00,35.3,1.9,uppsala,5f9fe38afd517828962fde29
17418,2021-04-25 18:00:00+00:00,0.0,0.0,uppsala,5f9fe38afd517828962fde29
17419,2021-04-25 19:00:00+00:00,0.0,0.0,uppsala,5f9fe38afd517828962fde29
17420,2021-04-25 20:00:00+00:00,0.0,0.0,uppsala,5f9fe38afd517828962fde29
17421,2021-04-25 21:00:00+00:00,0.0,0.0,uppsala,5f9fe38afd517828962fde29
17422,2021-04-25 22:00:00+00:00,0.0,0.0,uppsala,5f9fe38afd517828962fde29
17423,2021-04-25 23:00:00+00:00,0.0,0.0,uppsala,5f9fe38afd517828962fde29
17424,2021-04-26 00:00:00+00:00,0.0,0.0,uppsala,5f9fe38afd517828962fde29
17425,2021-04-26 01:00:00+00:00,0.0,0.0,uppsala,5f9fe38afd517828962fde29
17426,2021-04-26 02:00:00+00:00,0.0,0.0,uppsala,5f9fe38afd517828962fde29
17427,2021-04-26 03:00:00+00:00,0.0,0.21,uppsala,5f9fe38afd517828962fde29
17428,2021-04-26 04:00:00+00:00,0.0,1.46,uppsala,5f9fe38afd517828962fde29
17429,2021-04-26 05:00:00+00:00,9.2,3.27,uppsala,5f9fe38afd517828962fde29
17430,2021-04-26 06:00:00+00:00,4.3,3.09,uppsala,5f9fe38afd517828962fde29
17431,2021-04-26 07:00:00+00:00,7.3,5.05,uppsala,5f9fe38afd517828962fde29
17432,2021-04-26 08:00:00+00:00,9.3,5.38,uppsala,5f9fe38afd517828962fde29
17433,2021-04-26 09:00:00+00:00,10.9,6.99,uppsala,5f9fe38afd517828962fde29
17434,2021-04-26 10:00:00+00:00,11.5,7.57,uppsala,5f9fe38afd517828962fde29
17435,2021-04-26 11:00:00+00:00,11.7,7.82,uppsala,5f9fe38afd517828962fde29
17436,2021-04-26 12:00:00+00:00,11.4,11.14,uppsala,5f9fe38afd517828962fde29
17437,2021-04-26 13:00:00+00:00,10.8,8.76,uppsala,5f9fe38afd517828962fde29
17438,2021-04-26 14:00:00+00:00,75.7,5.94,uppsala,5f9fe38afd517828962fde29
17439,2021-04-26 15:00:00+00:00,31.2,9.06,uppsala,5f9fe38afd517828962fde29
17440,2021-04-26 16:00:00+00:00,607.2,5.75,uppsala,5f9fe38afd517828962fde29
17441,2021-04-26 17:00:00+00:00,470.3,4.47,uppsala,5f9fe38afd517828962fde29
17442,2021-04-26 18:00:00+00:00,173.6,0.59,uppsala,5f9fe38afd517828962fde29
17443,2021-04-26 19:00:00+00:00,0.0,0.0,uppsala,5f9fe38afd517828962fde29
17444,2021-04-26 20:00:00+00:00,0.0,0.0,uppsala,5f9fe38afd517828962fde29
17445,2021-04-26 21:00:00+00:00,0.0,0.0,uppsala,5f9fe38afd517828962fde29
17446,2021-04-26 22:00:00+00:00,0.0,0.0,uppsala,5f9fe38afd517828962fde29
17447,2021-04-26 23:00:00+00:00,0.0,0.0,uppsala,5f9fe38afd517828962fde29
17448,2021-04-27 00:00:00+00:00,0.0,0.0,uppsala,5f9fe38afd517828962fde29
17449,2021-04-27 01:00:00+00:00,0.0,0.0,uppsala,5f9fe38afd517828962fde29
17450,2021-04-27 02:00:00+00:00,0.0,0.0,uppsala,5f9fe38afd517828962fde29
17451,2021-04-27 03:00:00+00:00,0.0,2.16,uppsala,5f9fe38afd517828962fde29
17452,2021-04-27 04:00:00+00:00,259.6,7.56,uppsala,5f9fe38afd517828962fde29
17453,2021-04-27 05:00:00+00:00,515.9,13.91,uppsala,5f9fe38afd517828962fde29
17454,2021-04-27 06:00:00+00:00,660.9,18.02,uppsala,5f9fe38afd517828962fde29
17455,2021-04-27 07:00:00+00:00,761.6,19.24,uppsala,5f9fe38afd517828962fde29
17456,2021-04-27 08:00:00+00:00,817.3,21.1,uppsala,5f9fe38afd517828962fde29
17457,2021-04-27 09:00:00+00:00,754.9,21.36,uppsala,5f9fe38afd517828962fde29
17458,2021-04-27 10:00:00+00:00,809.7,17.08,uppsala,5f9fe38afd517828962fde29
17459,2021-04-27 11:00:00+00:00,539.1,14.0,uppsala,5f9fe38afd517828962fde29
17460,2021-04-27 12:00:00+00:00,11.5,9.31,uppsala,5f9fe38afd517828962fde29
17461,2021-04-27 13:00:00+00:00,15.9,8.26,uppsala,5f9fe38afd517828962fde29
17462,2021-04-27 14:00:00+00:00,9.3,12.08,uppsala,5f9fe38afd517828962fde29
17463,2021-04-27 15:00:00+00:00,314.8,10.24,uppsala,5f9fe38afd517828962fde29
17464,2021-04-27 16:00:00+00:00,2.5,2.37,uppsala,5f9fe38afd517828962fde29
17465,2021-04-27 17:00:00+00:00,0.0,1.42,uppsala,5f9fe38afd517828962fde29
17466,2021-04-27 18:00:00+00:00,12.1,0.46,uppsala,5f9fe38afd517828962fde29
17467,2021-04-27 19:00:00+00:00,0.0,0.0,uppsala,5f9fe38afd517828962fde29
17468,2021-04-27 20:00:00+00:00,0.0,0.0,uppsala,5f9fe38afd517828962fde29
17469,2021-04-27 21:00:00+00:00,0.0,0.0,uppsala,5f9fe38afd517828962fde29
17470,2021-04-27 22:00:00+00:00,0.0,0.0,uppsala,5f9fe38afd517828962fde29
17471,2021-04-27 23:00:00+00:00,0.0,0.0,uppsala,5f9fe38afd517828962fde29
17472,2021-04-28 00:00:00+00:00,0.0,0.0,uppsala,5f9fe38afd517828962fde29
17473,2021-04-28 01:00:00+00:00,0.0,0.0,uppsala,5f9fe38afd517828962fde29
17474,2021-04-28 02:00:00+00:00,0.0,0.0,uppsala,5f9fe38afd517828962fde29
17475,2021-04-28 03:00:00+00:00,0.0,0.62,uppsala,5f9fe38afd517828962fde29
17476,2021-04-28 04:00:00+00:00,43.4,1.84,uppsala,5f9fe38afd517828962fde29
17477,2021-04-28 05:00:00+00:00,1.2,5.55,uppsala,5f9fe38afd517828962fde29
17478,2021-04-28 06:00:00+00:00,41.4,6.43,uppsala,5f9fe38afd517828962fde29
17479,2021-04-28 07:00:00+00:00,89.1,16.43,uppsala,5f9fe38afd517828962fde29
17480,2021-04-28 08:00:00+00:00,12.6,19.87,uppsala,5f9fe38afd517828962fde29
17481,2021-04-28 09:00:00+00:00,10.4,4.8,uppsala,5f9fe38afd517828962fde29
17482,2021-04-28 10:00:00+00:00,82.0,6.28,uppsala,5f9fe38afd517828962fde29
17483,2021-04-28 11:00:00+00:00,11.0,10.7,uppsala,5f9fe38afd517828962fde29
17484,2021-04-28 12:00:00+00:00,10.6,14.25,uppsala,5f9fe38afd517828962fde29
17485,2021-04-28 13:00:00+00:00,157.0,7.8,uppsala,5f9fe38afd517828962fde29
17486,2021-04-28 14:00:00+00:00,105.0,10.62,uppsala,5f9fe38afd517828962fde29
17487,2021-04-28 15:00:00+00:00,24.7,4.26,uppsala,5f9fe38afd517828962fde29
17488,2021-04-28 16:00:00+00:00,15.4,3.47,uppsala,5f9fe38afd517828962fde29
17489,2021-04-28 17:00:00+00:00,0.0,2.43,uppsala,5f9fe38afd517828962fde29
17490,2021-04-28 18:00:00+00:00,1.2,0.16,uppsala,5f9fe38afd517828962fde29
17491,2021-04-28 19:00:00+00:00,0.0,0.0,uppsala,5f9fe38afd517828962fde29
17492,2021-04-28 20:00:00+00:00,0.0,0.0,uppsala,5f9fe38afd517828962fde29
17493,2021-04-28 21:00:00+00:00,0.0,0.0,uppsala,5f9fe38afd517828962fde29
17494,2021-04-28 22:00:00+00:00,0.0,0.0,uppsala,5f9fe38afd517828962fde29
17495,2021-04-28 23:00:00+00:00,0.0,0.0,uppsala,5f9fe38afd517828962fde29
17496,2021-04-29 00:00:00+00:00,0.0,0.0,uppsala,5f9fe38afd517828962fde29
17497,2021-04-29 01:00:00+00:00,0.0,0.0,uppsala,5f9fe38afd517828962fde29
17498,2021-04-29 02:00:00+00:00,0.0,0.0,uppsala,5f9fe38afd517828962fde29
17499,2021-04-29 03:00:00+00:00,0.0,0.33,uppsala,5f9fe38afd517828962fde29
17500,2021-04-29 04:00:00+00:00,148.0,4.62,uppsala,5f9fe38afd517828962fde29
17501,2021-04-29 05:00:00+00:00,180.9,12.78,uppsala,5f9fe38afd517828962fde29
17502,2021-04-29 06:00:00+00:00,48.6,16.85,uppsala,5f9fe38afd517828962fde29
17503,2021-04-29 07:00:00+00:00,228.4,14.45,uppsala,5f9fe38afd517828962fde29
17504,2021-04-29 08:00:00+00:00,364.1,22.17,uppsala,5f9fe38afd517828962fde29
17505,2021-04-29 09:00:00+00:00,70.3,14.68,uppsala,5f9fe38afd517828962fde29
17506,2021-04-29 10:00:00+00:00,39.8,7.37,uppsala,5f9fe38afd517828962fde29
17507,2021-04-29 11:00:00+00:00,9.0,5.37,uppsala,5f9fe38afd517828962fde29
17508,2021-04-29 12:00:00+00:00,8.6,9.25,uppsala,5f9fe38afd517828962fde29
17509,2021-04-29 13:00:00+00:00,50.5,16.71,uppsala,5f9fe38afd517828962fde29
17510,2021-04-29 14:00:00+00:00,50.8,10.4,uppsala,5f9fe38afd517828962fde29
17511,2021-04-29 15:00:00+00:00,237.0,2.62,uppsala,5f9fe38afd517828962fde29
17512,2021-04-29 16:00:00+00:00,142.6,1.86,uppsala,5f9fe38afd517828962fde29
17513,2021-04-29 17:00:00+00:00,0.0,0.4,uppsala,5f9fe38afd517828962fde29
17514,2021-04-29 18:00:00+00:00,0.0,0.01,uppsala,5f9fe38afd517828962fde29
17515,2021-04-29 19:00:00+00:00,0.0,0.0,uppsala,5f9fe38afd517828962fde29
17516,2021-04-29 20:00:00+00:00,0.0,0.0,uppsala,5f9fe38afd517828962fde29
17517,2021-04-29 21:00:00+00:00,0.0,0.0,uppsala,5f9fe38afd517828962fde29
17518,2021-04-29 22:00:00+00:00,0.0,0.0,uppsala,5f9fe38afd517828962fde29
17519,2021-04-29 23:00:00+00:00,0.0,0.0,uppsala,5f9fe38afd517828962fde29
17520,2021-04-30 00:00:00+00:00,0.0,0.0,uppsala,5f9fe38afd517828962fde29
17521,2021-04-30 01:00:00+00:00,0.0,0.0,uppsala,5f9fe38afd517828962fde29
17522,2021-04-30 02:00:00+00:00,0.0,0.02,uppsala,5f9fe38afd517828962fde29
17523,2021-04-30 03:00:00+00:00,5.8,2.17,uppsala,5f9fe38afd517828962fde29
17524,2021-04-30 04:00:00+00:00,374.9,7.81,uppsala,5f9fe38afd517828962fde29
17525,2021-04-30 05:00:00+00:00,603.8,13.45,uppsala,5f9fe38afd517828962fde29
17526,2021-04-30 06:00:00+00:00,737.6,17.91,uppsala,5f9fe38afd517828962fde29
17527,2021-04-30 07:00:00+00:00,833.3,20.29,uppsala,5f9fe38afd517828962fde29
17528,2021-04-30 08:00:00+00:00,883.4,21.67,uppsala,5f9fe38afd517828962fde29
17529,2021-04-30 09:00:00+00:00,869.6,21.27,uppsala,5f9fe38afd517828962fde29
17530,2021-04-30 10:00:00+00:00,897.3,18.8,uppsala,5f9fe38afd517828962fde29
17531,2021-04-30 11:00:00+00:00,584.0,16.61,uppsala,5f9fe38afd517828962fde29
17532,2021-04-30 12:00:00+00:00,202.8,16.45,uppsala,5f9fe38afd517828962fde29
17533,2021-04-30 13:00:00+00:00,530.0,16.23,uppsala,5f9fe38afd517828962fde29
17534,2021-04-30 14:00:00+00:00,13.1,6.77,uppsala,5f9fe38afd517828962fde29
17535,2021-04-30 15:00:00+00:00,140.0,5.88,uppsala,5f9fe38afd517828962fde29
17536,2021-04-30 16:00:00+00:00,11.1,5.08,uppsala,5f9fe38afd517828962fde29
17537,2021-04-30 17:00:00+00:00,14.7,2.04,uppsala,5f9fe38afd517828962fde29
17538,2021-04-30 18:00:00+00:00,60.2,0.13,uppsala,5f9fe38afd517828962fde29
17539,2021-04-30 19:00:00+00:00,0.0,0.0,uppsala,5f9fe38afd517828962fde29
17540,2021-04-30 20:00:00+00:00,0.0,0.0,uppsala,5f9fe38afd517828962fde29
17541,2021-04-30 21:00:00+00:00,0.0,0.0,uppsala,5f9fe38afd517828962fde29
17542,2021-04-30 22:00:00+00:00,0.0,0.0,uppsala,5f9fe38afd517828962fde29
17543,2021-04-30 23:00:00+00:00,0.0,0.0,uppsala,5f9fe38afd517828962fde29
17544,2021-05-01 00:00:00+00:00,0.0,0.0,uppsala,5f9fe38afd517828962fde29
17545,2021-05-01 01:00:00+00:00,0.0,0.0,uppsala,5f9fe38afd517828962fde29
17546,2021-05-01 02:00:00+00:00,0.0,0.0,uppsala,5f9fe38afd517828962fde29
17547,2021-05-01 03:00:00+00:00,22.8,0.5,uppsala,5f9fe38afd517828962fde29
17548,2021-05-01 04:00:00+00:00,224.7,2.2,uppsala,5f9fe38afd517828962fde29
17549,2021-05-01 05:00:00+00:00,22.7,6.4,uppsala,5f9fe38afd517828962fde29
17550,2021-05-01 06:00:00+00:00,48.2,14.76,uppsala,5f9fe38afd517828962fde29
17551,2021-05-01 07:00:00+00:00,830.8,20.84,uppsala,5f9fe38afd517828962fde29
17552,2021-05-01 08:00:00+00:00,869.3,21.15,uppsala,5f9fe38afd517828962fde29
17553,2021-05-01 09:00:00+00:00,760.2,15.61,uppsala,5f9fe38afd517828962fde29
17554,2021-05-01 10:00:00+00:00,13.4,12.92,uppsala,5f9fe38afd517828962fde29
17555,2021-05-01 11:00:00+00:00,28.4,12.41,uppsala,5f9fe38afd517828962fde29
17556,2021-05-01 12:00:00+00:00,37.6,10.16,uppsala,5f9fe38afd517828962fde29
17557,2021-05-01 13:00:00+00:00,111.0,7.43,uppsala,5f9fe38afd517828962fde29
17558,2021-05-01 14:00:00+00:00,56.4,7.03,uppsala,5f9fe38afd517828962fde29
17559,2021-05-01 15:00:00+00:00,11.1,3.02,uppsala,5f9fe38afd517828962fde29
17560,2021-05-01 16:00:00+00:00,2.2,1.46,uppsala,5f9fe38afd517828962fde29
17561,2021-05-01 17:00:00+00:00,0.0,0.8,uppsala,5f9fe38afd517828962fde29
17562,2021-05-01 18:00:00+00:00,0.0,0.06,uppsala,5f9fe38afd517828962fde29
17563,2021-05-01 19:00:00+00:00,0.0,0.0,uppsala,5f9fe38afd517828962fde29
17564,2021-05-01 20:00:00+00:00,0.0,0.0,uppsala,5f9fe38afd517828962fde29
17565,2021-05-01 21:00:00+00:00,0.0,0.0,uppsala,5f9fe38afd517828962fde29
17566,2021-05-01 22:00:00+00:00,0.0,0.0,uppsala,5f9fe38afd517828962fde29
17567,2021-05-01 23:00:00+00:00,0.0,0.0,uppsala,5f9fe38afd517828962fde29
17568,2021-05-02 00:00:00+00:00,0.0,0.0,uppsala,5f9fe38afd517828962fde29
17569,2021-05-02 01:00:00+00:00,0.0,0.0,uppsala,5f9fe38afd517828962fde29
17570,2021-05-02 02:00:00+00:00,0.0,0.0,uppsala,5f9fe38afd517828962fde29
17571,2021-05-02 03:00:00+00:00,0.0,0.21,uppsala,5f9fe38afd517828962fde29
17572,2021-05-02 04:00:00+00:00,0.0,2.98,uppsala,5f9fe38afd517828962fde29
17573,2021-05-02 05:00:00+00:00,138.3,5.3,uppsala,5f9fe38afd517828962fde29
17574,2021-05-02 06:00:00+00:00,139.2,7.42,uppsala,5f9fe38afd517828962fde29
17575,2021-05-02 07:00:00+00:00,5.0,21.62,uppsala,5f9fe38afd517828962fde29
17576,2021-05-02 08:00:00+00:00,194.2,18.37,uppsala,5f9fe38afd517828962fde29
17577,2021-05-02 09:00:00+00:00,667.2,19.31,uppsala,5f9fe38afd517828962fde29
17578,2021-05-02 10:00:00+00:00,71.4,13.96,uppsala,5f9fe38afd517828962fde29
17579,2021-05-02 11:00:00+00:00,57.7,13.42,uppsala,5f9fe38afd517828962fde29
17580,2021-05-02 12:00:00+00:00,342.6,13.47,uppsala,5f9fe38afd517828962fde29
17581,2021-05-02 13:00:00+00:00,148.2,15.86,uppsala,5f9fe38afd517828962fde29
17582,2021-05-02 14:00:00+00:00,6.0,9.76,uppsala,5f9fe38afd517828962fde29
17583,2021-05-02 15:00:00+00:00,61.2,9.69,uppsala,5f9fe38afd517828962fde29
17584,2021-05-02 16:00:00+00:00,45.0,3.41,uppsala,5f9fe38afd517828962fde29
17585,2021-05-02 17:00:00+00:00,125.0,1.58,uppsala,5f9fe38afd517828962fde29
17586,2021-05-02 18:00:00+00:00,0.0,0.52,uppsala,5f9fe38afd517828962fde29
17587,2021-05-02 19:00:00+00:00,0.0,0.0,uppsala,5f9fe38afd517828962fde29
17588,2021-05-02 20:00:00+00:00,0.0,0.0,uppsala,5f9fe38afd517828962fde29
17589,2021-05-02 21:00:00+00:00,0.0,0.0,uppsala,5f9fe38afd517828962fde29
17590,2021-05-02 22:00:00+00:00,0.0,0.0,uppsala,5f9fe38afd517828962fde29
17591,2021-05-02 23:00:00+00:00,0.0,0.0,uppsala,5f9fe38afd517828962fde29
17592,2021-05-03 00:00:00+00:00,0.0,0.0,uppsala,5f9fe38afd517828962fde29
17593,2021-05-03 01:00:00+00:00,0.0,0.0,uppsala,5f9fe38afd517828962fde29
17594,2021-05-03 02:00:00+00:00,0.0,0.0,uppsala,5f9fe38afd517828962fde29
17595,2021-05-03 03:00:00+00:00,0.0,1.2,uppsala,5f9fe38afd517828962fde29
17596,2021-05-03 04:00:00+00:00,3.5,5.01,uppsala,5f9fe38afd517828962fde29
17597,2021-05-03 05:00:00+00:00,282.1,10.53,uppsala,5f9fe38afd517828962fde29
17598,2021-05-03 06:00:00+00:00,178.7,13.72,uppsala,5f9fe38afd517828962fde29
17599,2021-05-03 07:00:00+00:00,681.1,18.74,uppsala,5f9fe38afd517828962fde29
17600,2021-05-03 08:00:00+00:00,738.1,19.41,uppsala,5f9fe38afd517828962fde29
17601,2021-05-03 09:00:00+00:00,644.5,17.2,uppsala,5f9fe38afd517828962fde29
17602,2021-05-03 10:00:00+00:00,9.7,14.69,uppsala,5f9fe38afd517828962fde29
17603,2021-05-03 11:00:00+00:00,43.5,14.37,uppsala,5f9fe38afd517828962fde29
17604,2021-05-03 12:00:00+00:00,173.2,10.43,uppsala,5f9fe38afd517828962fde29
17605,2021-05-03 13:00:00+00:00,269.4,7.14,uppsala,5f9fe38afd517828962fde29
17606,2021-05-03 14:00:00+00:00,31.3,5.54,uppsala,5f9fe38afd517828962fde29
17607,2021-05-03 15:00:00+00:00,11.5,4.14,uppsala,5f9fe38afd517828962fde29
17608,2021-05-03 16:00:00+00:00,1.8,1.94,uppsala,5f9fe38afd517828962fde29
17609,2021-05-03 17:00:00+00:00,6.7,0.96,uppsala,5f9fe38afd517828962fde29
17610,2021-05-03 18:00:00+00:00,0.30000000000000004,0.01,uppsala,5f9fe38afd517828962fde29
17611,2021-05-03 19:00:00+00:00,0.0,0.0,uppsala,5f9fe38afd517828962fde29
17612,2021-05-03 20:00:00+00:00,0.0,0.0,uppsala,5f9fe38afd517828962fde29
17613,2021-05-03 21:00:00+00:00,0.0,0.0,uppsala,5f9fe38afd517828962fde29
17614,2021-05-03 22:00:00+00:00,0.0,0.0,uppsala,5f9fe38afd517828962fde29
17615,2021-05-03 23:00:00+00:00,0.0,0.0,uppsala,5f9fe38afd517828962fde29
17616,2021-05-04 00:00:00+00:00,0.0,0.0,uppsala,5f9fe38afd517828962fde29
17617,2021-05-04 01:00:00+00:00,0.0,0.0,uppsala,5f9fe38afd517828962fde29
17618,2021-05-04 02:00:00+00:00,0.0,0.01,uppsala,5f9fe38afd517828962fde29
17619,2021-05-04 03:00:00+00:00,0.0,0.62,uppsala,5f9fe38afd517828962fde29
17620,2021-05-04 04:00:00+00:00,0.0,1.96,uppsala,5f9fe38afd517828962fde29
17621,2021-05-04 05:00:00+00:00,0.0,5.91,uppsala,5f9fe38afd517828962fde29
17622,2021-05-04 06:00:00+00:00,9.6,5.12,uppsala,5f9fe38afd517828962fde29
17623,2021-05-04 07:00:00+00:00,22.3,10.17,uppsala,5f9fe38afd517828962fde29
17624,2021-05-04 08:00:00+00:00,11.7,13.01,uppsala,5f9fe38afd517828962fde29
17625,2021-05-04 09:00:00+00:00,12.3,14.22,uppsala,5f9fe38afd517828962fde29
17626,2021-05-04 10:00:00+00:00,44.5,9.78,uppsala,5f9fe38afd517828962fde29
17627,2021-05-04 11:00:00+00:00,44.6,10.98,uppsala,5f9fe38afd517828962fde29
17628,2021-05-04 12:00:00+00:00,28.9,11.28,uppsala,5f9fe38afd517828962fde29
17629,2021-05-04 13:00:00+00:00,8.6,9.44,uppsala,5f9fe38afd517828962fde29
17630,2021-05-04 14:00:00+00:00,7.4,6.09,uppsala,5f9fe38afd517828962fde29
17631,2021-05-04 15:00:00+00:00,3.5,3.79,uppsala,5f9fe38afd517828962fde29
17632,2021-05-04 16:00:00+00:00,4.6,2.08,uppsala,5f9fe38afd517828962fde29
17633,2021-05-04 17:00:00+00:00,0.0,0.66,uppsala,5f9fe38afd517828962fde29
17634,2021-05-04 18:00:00+00:00,0.0,0.02,uppsala,5f9fe38afd517828962fde29
17635,2021-05-04 19:00:00+00:00,0.0,0.0,uppsala,5f9fe38afd517828962fde29
17636,2021-05-04 20:00:00+00:00,0.0,0.0,uppsala,5f9fe38afd517828962fde29
17637,2021-05-04 21:00:00+00:00,0.0,0.0,uppsala,5f9fe38afd517828962fde29
17638,2021-05-04 22:00:00+00:00,0.0,0.0,uppsala,5f9fe38afd517828962fde29
17639,2021-05-04 23:00:00+00:00,0.0,0.0,uppsala,5f9fe38afd517828962fde29
17640,2021-05-05 00:00:00+00:00,0.0,0.0,uppsala,5f9fe38afd517828962fde29
17641,2021-05-05 01:00:00+00:00,0.0,0.0,uppsala,5f9fe38afd517828962fde29
17642,2021-05-05 02:00:00+00:00,0.0,0.0,uppsala,5f9fe38afd517828962fde29
17643,2021-05-05 03:00:00+00:00,0.0,0.01,uppsala,5f9fe38afd517828962fde29
17644,2021-05-05 04:00:00+00:00,0.0,0.46,uppsala,5f9fe38afd517828962fde29
17645,2021-05-05 05:00:00+00:00,0.0,0.86,uppsala,5f9fe38afd517828962fde29
17646,2021-05-05 06:00:00+00:00,48.6,1.13,uppsala,5f9fe38afd517828962fde29
17647,2021-05-05 07:00:00+00:00,5.2,1.94,uppsala,5f9fe38afd517828962fde29
17648,2021-05-05 08:00:00+00:00,7.6,3.19,uppsala,5f9fe38afd517828962fde29
17649,2021-05-05 09:00:00+00:00,9.2,3.57,uppsala,5f9fe38afd517828962fde29
17650,2021-05-05 10:00:00+00:00,159.3,5.43,uppsala,5f9fe38afd517828962fde29
17651,2021-05-05 11:00:00+00:00,10.2,3.82,uppsala,5f9fe38afd517828962fde29
17652,2021-05-05 12:00:00+00:00,167.9,2.42,uppsala,5f9fe38afd517828962fde29
17653,2021-05-05 13:00:00+00:00,129.8,2.04,uppsala,5f9fe38afd517828962fde29
17654,2021-05-05 14:00:00+00:00,8.5,2.14,uppsala,5f9fe38afd517828962fde29
17655,2021-05-05 15:00:00+00:00,35.2,1.57,uppsala,5f9fe38afd517828962fde29
17656,2021-05-05 16:00:00+00:00,28.0,1.18,uppsala,5f9fe38afd517828962fde29
17657,2021-05-05 17:00:00+00:00,57.7,0.15,uppsala,5f9fe38afd517828962fde29
17658,2021-05-05 18:00:00+00:00,0.30000000000000004,0.0,uppsala,5f9fe38afd517828962fde29
17659,2021-05-05 19:00:00+00:00,0.0,0.0,uppsala,5f9fe38afd517828962fde29
17660,2021-05-05 20:00:00+00:00,0.0,0.0,uppsala,5f9fe38afd517828962fde29
17661,2021-05-05 21:00:00+00:00,0.0,0.0,uppsala,5f9fe38afd517828962fde29
17662,2021-05-05 22:00:00+00:00,0.0,0.0,uppsala,5f9fe38afd517828962fde29
17663,2021-05-05 23:00:00+00:00,0.0,0.0,uppsala,5f9fe38afd517828962fde29
17664,2021-05-06 00:00:00+00:00,0.0,0.0,uppsala,5f9fe38afd517828962fde29
17665,2021-05-06 01:00:00+00:00,0.0,0.0,uppsala,5f9fe38afd517828962fde29
17666,2021-05-06 02:00:00+00:00,0.0,0.0,uppsala,5f9fe38afd517828962fde29
17667,2021-05-06 03:00:00+00:00,0.0,0.0,uppsala,5f9fe38afd517828962fde29
17668,2021-05-06 04:00:00+00:00,0.0,0.23,uppsala,5f9fe38afd517828962fde29
17669,2021-05-06 05:00:00+00:00,2.6,2.2,uppsala,5f9fe38afd517828962fde29
17670,2021-05-06 06:00:00+00:00,6.4,1.76,uppsala,5f9fe38afd517828962fde29
17671,2021-05-06 07:00:00+00:00,8.8,1.98,uppsala,5f9fe38afd517828962fde29
17672,2021-05-06 08:00:00+00:00,10.3,3.9,uppsala,5f9fe38afd517828962fde29
17673,2021-05-06 09:00:00+00:00,11.3,3.03,uppsala,5f9fe38afd517828962fde29
17674,2021-05-06 10:00:00+00:00,11.8,2.7,uppsala,5f9fe38afd517828962fde29
17675,2021-05-06 11:00:00+00:00,11.9,3.07,uppsala,5f9fe38afd517828962fde29
17676,2021-05-06 12:00:00+00:00,11.7,2.93,uppsala,5f9fe38afd517828962fde29
17677,2021-05-06 13:00:00+00:00,11.0,2.95,uppsala,5f9fe38afd517828962fde29
17678,2021-05-06 14:00:00+00:00,10.0,2.11,uppsala,5f9fe38afd517828962fde29
17679,2021-05-06 15:00:00+00:00,6.1,1.38,uppsala,5f9fe38afd517828962fde29
17680,2021-05-06 16:00:00+00:00,3.4,0.56,uppsala,5f9fe38afd517828962fde29
17681,2021-05-06 17:00:00+00:00,0.5,0.19,uppsala,5f9fe38afd517828962fde29
17682,2021-05-06 18:00:00+00:00,0.0,0.0,uppsala,5f9fe38afd517828962fde29
17683,2021-05-06 19:00:00+00:00,0.0,0.0,uppsala,5f9fe38afd517828962fde29
17684,2021-05-06 20:00:00+00:00,0.0,0.0,uppsala,5f9fe38afd517828962fde29
17685,2021-05-06 21:00:00+00:00,0.0,0.0,uppsala,5f9fe38afd517828962fde29
17686,2021-05-06 22:00:00+00:00,0.0,0.0,uppsala,5f9fe38afd517828962fde29
17687,2021-05-06 23:00:00+00:00,0.0,0.0,uppsala,5f9fe38afd517828962fde29
17688,2021-05-07 00:00:00+00:00,0.0,0.0,uppsala,5f9fe38afd517828962fde29
17689,2021-05-07 01:00:00+00:00,0.0,0.0,uppsala,5f9fe38afd517828962fde29
17690,2021-05-07 02:00:00+00:00,0.0,0.0,uppsala,5f9fe38afd517828962fde29
17691,2021-05-07 03:00:00+00:00,0.0,0.24,uppsala,5f9fe38afd517828962fde29
17692,2021-05-07 04:00:00+00:00,6.1,1.5,uppsala,5f9fe38afd517828962fde29
17693,2021-05-07 05:00:00+00:00,27.7,3.17,uppsala,5f9fe38afd517828962fde29
17694,2021-05-07 06:00:00+00:00,14.4,3.91,uppsala,5f9fe38afd517828962fde29
17695,2021-05-07 07:00:00+00:00,14.9,4.36,uppsala,5f9fe38afd517828962fde29
17696,2021-05-07 08:00:00+00:00,116.2,6.14,uppsala,5f9fe38afd517828962fde29
17697,2021-05-07 09:00:00+00:00,14.5,9.1,uppsala,5f9fe38afd517828962fde29
17698,2021-05-07 10:00:00+00:00,38.2,9.09,uppsala,5f9fe38afd517828962fde29
17699,2021-05-07 11:00:00+00:00,37.8,7.02,uppsala,5f9fe38afd517828962fde29
17700,2021-05-07 12:00:00+00:00,39.4,9.52,uppsala,5f9fe38afd517828962fde29
17701,2021-05-07 13:00:00+00:00,341.8,13.55,uppsala,5f9fe38afd517828962fde29
17702,2021-05-07 14:00:00+00:00,560.7,9.38,uppsala,5f9fe38afd517828962fde29
17703,2021-05-07 15:00:00+00:00,53.8,5.04,uppsala,5f9fe38afd517828962fde29
17704,2021-05-07 16:00:00+00:00,23.8,2.44,uppsala,5f9fe38afd517828962fde29
17705,2021-05-07 17:00:00+00:00,140.6,0.82,uppsala,5f9fe38afd517828962fde29
17706,2021-05-07 18:00:00+00:00,2.7,0.12,uppsala,5f9fe38afd517828962fde29
17707,2021-05-07 19:00:00+00:00,0.0,0.0,uppsala,5f9fe38afd517828962fde29
17708,2021-05-07 20:00:00+00:00,0.0,0.0,uppsala,5f9fe38afd517828962fde29
17709,2021-05-07 21:00:00+00:00,0.0,0.0,uppsala,5f9fe38afd517828962fde29
17710,2021-05-07 22:00:00+00:00,0.0,0.0,uppsala,5f9fe38afd517828962fde29
17711,2021-05-07 23:00:00+00:00,0.0,0.0,uppsala,5f9fe38afd517828962fde29
17712,2021-05-08 00:00:00+00:00,0.0,0.0,uppsala,5f9fe38afd517828962fde29
17713,2021-05-08 01:00:00+00:00,0.0,0.0,uppsala,5f9fe38afd517828962fde29
17714,2021-05-08 02:00:00+00:00,0.0,0.27,uppsala,5f9fe38afd517828962fde29
17715,2021-05-08 03:00:00+00:00,50.7,3.41,uppsala,5f9fe38afd517828962fde29
17716,2021-05-08 04:00:00+00:00,348.1,9.63,uppsala,5f9fe38afd517828962fde29
17717,2021-05-08 05:00:00+00:00,590.4,10.98,uppsala,5f9fe38afd517828962fde29
17718,2021-05-08 06:00:00+00:00,620.6,18.55,uppsala,5f9fe38afd517828962fde29
17719,2021-05-08 07:00:00+00:00,776.4,20.75,uppsala,5f9fe38afd517828962fde29
17720,2021-05-08 08:00:00+00:00,814.3,21.58,uppsala,5f9fe38afd517828962fde29
17721,2021-05-08 09:00:00+00:00,829.4,17.65,uppsala,5f9fe38afd517828962fde29
17722,2021-05-08 10:00:00+00:00,755.9,9.36,uppsala,5f9fe38afd517828962fde29
17723,2021-05-08 11:00:00+00:00,10.4,14.23,uppsala,5f9fe38afd517828962fde29
17724,2021-05-08 12:00:00+00:00,10.2,17.2,uppsala,5f9fe38afd517828962fde29
17725,2021-05-08 13:00:00+00:00,680.8,14.91,uppsala,5f9fe38afd517828962fde29
17726,2021-05-08 14:00:00+00:00,10.1,15.08,uppsala,5f9fe38afd517828962fde29
17727,2021-05-08 15:00:00+00:00,142.9,11.38,uppsala,5f9fe38afd517828962fde29
17728,2021-05-08 16:00:00+00:00,4.9,6.72,uppsala,5f9fe38afd517828962fde29
17729,2021-05-08 17:00:00+00:00,433.2,1.08,uppsala,5f9fe38afd517828962fde29
17730,2021-05-08 18:00:00+00:00,200.0,0.0,uppsala,5f9fe38afd517828962fde29
17731,2021-05-08 19:00:00+00:00,0.0,0.0,uppsala,5f9fe38afd517828962fde29
17732,2021-05-08 20:00:00+00:00,0.0,0.0,uppsala,5f9fe38afd517828962fde29
17733,2021-05-08 21:00:00+00:00,0.0,0.0,uppsala,5f9fe38afd517828962fde29
17734,2021-05-08 22:00:00+00:00,0.0,0.0,uppsala,5f9fe38afd517828962fde29
17735,2021-05-08 23:00:00+00:00,0.0,0.0,uppsala,5f9fe38afd517828962fde29
17736,2021-05-09 00:00:00+00:00,0.0,0.0,uppsala,5f9fe38afd517828962fde29
17737,2021-05-09 01:00:00+00:00,0.0,0.0,uppsala,5f9fe38afd517828962fde29
17738,2021-05-09 02:00:00+00:00,0.0,0.06,uppsala,5f9fe38afd517828962fde29
17739,2021-05-09 03:00:00+00:00,0.0,1.03,uppsala,5f9fe38afd517828962fde29
17740,2021-05-09 04:00:00+00:00,116.9,3.52,uppsala,5f9fe38afd517828962fde29
17741,2021-05-09 05:00:00+00:00,16.4,5.29,uppsala,5f9fe38afd517828962fde29
17742,2021-05-09 06:00:00+00:00,5.2,6.7,uppsala,5f9fe38afd517828962fde29
17743,2021-05-09 07:00:00+00:00,16.9,8.25,uppsala,5f9fe38afd517828962fde29
17744,2021-05-09 08:00:00+00:00,102.6,9.32,uppsala,5f9fe38afd517828962fde29
17745,2021-05-09 09:00:00+00:00,122.1,9.71,uppsala,5f9fe38afd517828962fde29
17746,2021-05-09 10:00:00+00:00,9.7,8.75,uppsala,5f9fe38afd517828962fde29
17747,2021-05-09 11:00:00+00:00,24.8,6.58,uppsala,5f9fe38afd517828962fde29
17748,2021-05-09 12:00:00+00:00,15.4,3.51,uppsala,5f9fe38afd517828962fde29
17749,2021-05-09 13:00:00+00:00,7.1,1.98,uppsala,5f9fe38afd517828962fde29
17750,2021-05-09 14:00:00+00:00,7.6,1.06,uppsala,5f9fe38afd517828962fde29
17751,2021-05-09 15:00:00+00:00,3.5,0.41,uppsala,5f9fe38afd517828962fde29
17752,2021-05-09 16:00:00+00:00,1.1,0.08,uppsala,5f9fe38afd517828962fde29
17753,2021-05-09 17:00:00+00:00,0.0,0.01,uppsala,5f9fe38afd517828962fde29
17754,2021-05-09 18:00:00+00:00,0.0,0.0,uppsala,5f9fe38afd517828962fde29
17755,2021-05-09 19:00:00+00:00,0.0,0.0,uppsala,5f9fe38afd517828962fde29
17756,2021-05-09 20:00:00+00:00,0.0,0.0,uppsala,5f9fe38afd517828962fde29
17757,2021-05-09 21:00:00+00:00,0.0,0.0,uppsala,5f9fe38afd517828962fde29
17758,2021-05-09 22:00:00+00:00,0.0,0.0,uppsala,5f9fe38afd517828962fde29
17759,2021-05-09 23:00:00+00:00,0.0,0.0,uppsala,5f9fe38afd517828962fde29
17760,2021-05-10 00:00:00+00:00,0.0,0.0,uppsala,5f9fe38afd517828962fde29
17761,2021-05-10 01:00:00+00:00,0.0,0.0,uppsala,5f9fe38afd517828962fde29
17762,2021-05-10 02:00:00+00:00,0.0,0.0,uppsala,5f9fe38afd517828962fde29
17763,2021-05-10 03:00:00+00:00,0.0,0.04,uppsala,5f9fe38afd517828962fde29
17764,2021-05-10 04:00:00+00:00,2.5,1.14,uppsala,5f9fe38afd517828962fde29
17765,2021-05-10 05:00:00+00:00,0.0,1.85,uppsala,5f9fe38afd517828962fde29
17766,2021-05-10 06:00:00+00:00,2.9,1.95,uppsala,5f9fe38afd517828962fde29
17767,2021-05-10 07:00:00+00:00,59.6,2.48,uppsala,5f9fe38afd517828962fde29
17768,2021-05-10 08:00:00+00:00,34.4,6.86,uppsala,5f9fe38afd517828962fde29
17769,2021-05-10 09:00:00+00:00,108.7,8.38,uppsala,5f9fe38afd517828962fde29
17770,2021-05-10 10:00:00+00:00,16.8,10.02,uppsala,5f9fe38afd517828962fde29
17771,2021-05-10 11:00:00+00:00,61.6,8.62,uppsala,5f9fe38afd517828962fde29
17772,2021-05-10 12:00:00+00:00,8.4,6.33,uppsala,5f9fe38afd517828962fde29
17773,2021-05-10 13:00:00+00:00,9.1,4.69,uppsala,5f9fe38afd517828962fde29
17774,2021-05-10 14:00:00+00:00,445.6,5.2,uppsala,5f9fe38afd517828962fde29
17775,2021-05-10 15:00:00+00:00,188.4,2.79,uppsala,5f9fe38afd517828962fde29
17776,2021-05-10 16:00:00+00:00,43.0,1.22,uppsala,5f9fe38afd517828962fde29
17777,2021-05-10 17:00:00+00:00,152.7,0.43,uppsala,5f9fe38afd517828962fde29
17778,2021-05-10 18:00:00+00:00,0.0,0.05,uppsala,5f9fe38afd517828962fde29
17779,2021-05-10 19:00:00+00:00,0.0,0.0,uppsala,5f9fe38afd517828962fde29
17780,2021-05-10 20:00:00+00:00,0.0,0.0,uppsala,5f9fe38afd517828962fde29
17781,2021-05-10 21:00:00+00:00,0.0,0.0,uppsala,5f9fe38afd517828962fde29
17782,2021-05-10 22:00:00+00:00,0.0,0.0,uppsala,5f9fe38afd517828962fde29
17783,2021-05-10 23:00:00+00:00,0.0,0.0,uppsala,5f9fe38afd517828962fde29
17784,2021-05-11 00:00:00+00:00,0.0,0.0,uppsala,5f9fe38afd517828962fde29
17785,2021-05-11 01:00:00+00:00,0.0,0.0,uppsala,5f9fe38afd517828962fde29
17786,2021-05-11 02:00:00+00:00,0.0,0.21,uppsala,5f9fe38afd517828962fde29
17787,2021-05-11 03:00:00+00:00,6.6,1.69,uppsala,5f9fe38afd517828962fde29
17788,2021-05-11 04:00:00+00:00,198.8,4.78,uppsala,5f9fe38afd517828962fde29
17789,2021-05-11 05:00:00+00:00,458.1,13.12,uppsala,5f9fe38afd517828962fde29
17790,2021-05-11 06:00:00+00:00,606.4,12.21,uppsala,5f9fe38afd517828962fde29
17791,2021-05-11 07:00:00+00:00,379.6,16.11,uppsala,5f9fe38afd517828962fde29
17792,2021-05-11 08:00:00+00:00,151.8,18.05,uppsala,5f9fe38afd517828962fde29
17793,2021-05-11 09:00:00+00:00,77.7,16.33,uppsala,5f9fe38afd517828962fde29
17794,2021-05-11 10:00:00+00:00,409.4,16.16,uppsala,5f9fe38afd517828962fde29
17795,2021-05-11 11:00:00+00:00,116.7,13.21,uppsala,5f9fe38afd517828962fde29
17796,2021-05-11 12:00:00+00:00,595.9,12.17,uppsala,5f9fe38afd517828962fde29
17797,2021-05-11 13:00:00+00:00,405.8,9.9,uppsala,5f9fe38afd517828962fde29
17798,2021-05-11 14:00:00+00:00,546.1,8.37,uppsala,5f9fe38afd517828962fde29
17799,2021-05-11 15:00:00+00:00,567.8,7.03,uppsala,5f9fe38afd517828962fde29
17800,2021-05-11 16:00:00+00:00,1.4,4.68,uppsala,5f9fe38afd517828962fde29
17801,2021-05-11 17:00:00+00:00,16.1,5.48,uppsala,5f9fe38afd517828962fde29
17802,2021-05-11 18:00:00+00:00,8.7,1.15,uppsala,5f9fe38afd517828962fde29
17803,2021-05-11 19:00:00+00:00,0.0,0.0,uppsala,5f9fe38afd517828962fde29
17804,2021-05-11 20:00:00+00:00,0.0,0.0,uppsala,5f9fe38afd517828962fde29
17805,2021-05-11 21:00:00+00:00,0.0,0.0,uppsala,5f9fe38afd517828962fde29
17806,2021-05-11 22:00:00+00:00,0.0,0.0,uppsala,5f9fe38afd517828962fde29
17807,2021-05-11 23:00:00+00:00,0.0,0.0,uppsala,5f9fe38afd517828962fde29
17808,2021-05-12 00:00:00+00:00,0.0,0.0,uppsala,5f9fe38afd517828962fde29
17809,2021-05-12 01:00:00+00:00,0.0,0.0,uppsala,5f9fe38afd517828962fde29
17810,2021-05-12 02:00:00+00:00,0.0,0.26,uppsala,5f9fe38afd517828962fde29
17811,2021-05-12 03:00:00+00:00,139.0,3.59,uppsala,5f9fe38afd517828962fde29
17812,2021-05-12 04:00:00+00:00,415.1,8.55,uppsala,5f9fe38afd517828962fde29
17813,2021-05-12 05:00:00+00:00,588.0,13.47,uppsala,5f9fe38afd517828962fde29
17814,2021-05-12 06:00:00+00:00,703.8,17.29,uppsala,5f9fe38afd517828962fde29
17815,2021-05-12 07:00:00+00:00,775.6,19.68,uppsala,5f9fe38afd517828962fde29
17816,2021-05-12 08:00:00+00:00,830.5,20.59,uppsala,5f9fe38afd517828962fde29
17817,2021-05-12 09:00:00+00:00,864.5,20.32,uppsala,5f9fe38afd517828962fde29
17818,2021-05-12 10:00:00+00:00,883.2,19.39,uppsala,5f9fe38afd517828962fde29
17819,2021-05-12 11:00:00+00:00,890.0,15.98,uppsala,5f9fe38afd517828962fde29
17820,2021-05-12 12:00:00+00:00,890.7,16.33,uppsala,5f9fe38afd517828962fde29
17821,2021-05-12 13:00:00+00:00,884.3,15.5,uppsala,5f9fe38afd517828962fde29
17822,2021-05-12 14:00:00+00:00,855.7,13.66,uppsala,5f9fe38afd517828962fde29
17823,2021-05-12 15:00:00+00:00,803.5,10.5,uppsala,5f9fe38afd517828962fde29
17824,2021-05-12 16:00:00+00:00,729.8,7.73,uppsala,5f9fe38afd517828962fde29
17825,2021-05-12 17:00:00+00:00,601.2,5.38,uppsala,5f9fe38afd517828962fde29
17826,2021-05-12 18:00:00+00:00,368.5,1.46,uppsala,5f9fe38afd517828962fde29
17827,2021-05-12 19:00:00+00:00,14.8,0.0,uppsala,5f9fe38afd517828962fde29
17828,2021-05-12 20:00:00+00:00,0.0,0.0,uppsala,5f9fe38afd517828962fde29
17829,2021-05-12 21:00:00+00:00,0.0,0.0,uppsala,5f9fe38afd517828962fde29
17830,2021-05-12 22:00:00+00:00,0.0,0.0,uppsala,5f9fe38afd517828962fde29
17831,2021-05-12 23:00:00+00:00,0.0,0.0,uppsala,5f9fe38afd517828962fde29
17832,2021-05-13 00:00:00+00:00,0.0,0.0,uppsala,5f9fe38afd517828962fde29
17833,2021-05-13 01:00:00+00:00,0.0,0.0,uppsala,5f9fe38afd517828962fde29
17834,2021-05-13 02:00:00+00:00,0.0,0.19,uppsala,5f9fe38afd517828962fde29
17835,2021-05-13 03:00:00+00:00,148.7,2.52,uppsala,5f9fe38afd517828962fde29
17836,2021-05-13 04:00:00+00:00,407.4,6.88,uppsala,5f9fe38afd517828962fde29
17837,2021-05-13 05:00:00+00:00,576.8,11.6,uppsala,5f9fe38afd517828962fde29
17838,2021-05-13 06:00:00+00:00,674.8,16.47,uppsala,5f9fe38afd517828962fde29
17839,2021-05-13 07:00:00+00:00,734.4,18.97,uppsala,5f9fe38afd517828962fde29
17840,2021-05-13 08:00:00+00:00,789.0,19.12,uppsala,5f9fe38afd517828962fde29
17841,2021-05-13 09:00:00+00:00,379.5,20.32,uppsala,5f9fe38afd517828962fde29
17842,2021-05-13 10:00:00+00:00,846.5,19.47,uppsala,5f9fe38afd517828962fde29
17843,2021-05-13 11:00:00+00:00,873.8,15.9,uppsala,5f9fe38afd517828962fde29
17844,2021-05-13 12:00:00+00:00,854.1,15.99,uppsala,5f9fe38afd517828962fde29
17845,2021-05-13 13:00:00+00:00,806.1,14.82,uppsala,5f9fe38afd517828962fde29
17846,2021-05-13 14:00:00+00:00,731.9,12.5,uppsala,5f9fe38afd517828962fde29
17847,2021-05-13 15:00:00+00:00,537.6,9.08,uppsala,5f9fe38afd517828962fde29
17848,2021-05-13 16:00:00+00:00,428.3,6.27,uppsala,5f9fe38afd517828962fde29
17849,2021-05-13 17:00:00+00:00,242.5,3.28,uppsala,5f9fe38afd517828962fde29
17850,2021-05-13 18:00:00+00:00,1.7000000000000002,0.62,uppsala,5f9fe38afd517828962fde29
17851,2021-05-13 19:00:00+00:00,0.0,0.0,uppsala,5f9fe38afd517828962fde29
17852,2021-05-13 20:00:00+00:00,0.0,0.0,uppsala,5f9fe38afd517828962fde29
17853,2021-05-13 21:00:00+00:00,0.0,0.0,uppsala,5f9fe38afd517828962fde29
17854,2021-05-13 22:00:00+00:00,0.0,0.0,uppsala,5f9fe38afd517828962fde29
17855,2021-05-13 23:00:00+00:00,0.0,0.0,uppsala,5f9fe38afd517828962fde29
17856,2021-05-14 00:00:00+00:00,0.0,0.0,uppsala,5f9fe38afd517828962fde29
17857,2021-05-14 01:00:00+00:00,0.0,0.0,uppsala,5f9fe38afd517828962fde29
17858,2021-05-14 02:00:00+00:00,0.0,0.06,uppsala,5f9fe38afd517828962fde29
17859,2021-05-14 03:00:00+00:00,0.0,1.68,uppsala,5f9fe38afd517828962fde29
17860,2021-05-14 04:00:00+00:00,2.5,3.58,uppsala,5f9fe38afd517828962fde29
17861,2021-05-14 05:00:00+00:00,0.6000000000000001,11.46,uppsala,5f9fe38afd517828962fde29
17862,2021-05-14 06:00:00+00:00,171.0,13.59,uppsala,5f9fe38afd517828962fde29
17863,2021-05-14 07:00:00+00:00,559.5,18.65,uppsala,5f9fe38afd517828962fde29
17864,2021-05-14 08:00:00+00:00,6.7,9.58,uppsala,5f9fe38afd517828962fde29
17865,2021-05-14 09:00:00+00:00,7.3,12.48,uppsala,5f9fe38afd517828962fde29
17866,2021-05-14 10:00:00+00:00,189.6,12.81,uppsala,5f9fe38afd517828962fde29
17867,2021-05-14 11:00:00+00:00,16.2,3.72,uppsala,5f9fe38afd517828962fde29
17868,2021-05-14 12:00:00+00:00,25.8,4.01,uppsala,5f9fe38afd517828962fde29
17869,2021-05-14 13:00:00+00:00,8.1,5.8,uppsala,5f9fe38afd517828962fde29
17870,2021-05-14 14:00:00+00:00,7.1,11.52,uppsala,5f9fe38afd517828962fde29
17871,2021-05-14 15:00:00+00:00,4.0,6.64,uppsala,5f9fe38afd517828962fde29
17872,2021-05-14 16:00:00+00:00,231.4,4.53,uppsala,5f9fe38afd517828962fde29
17873,2021-05-14 17:00:00+00:00,0.0,2.36,uppsala,5f9fe38afd517828962fde29
17874,2021-05-14 18:00:00+00:00,0.0,0.02,uppsala,5f9fe38afd517828962fde29
17875,2021-05-14 19:00:00+00:00,0.0,0.0,uppsala,5f9fe38afd517828962fde29
17876,2021-05-14 20:00:00+00:00,0.0,0.0,uppsala,5f9fe38afd517828962fde29
17877,2021-05-14 21:00:00+00:00,0.0,0.0,uppsala,5f9fe38afd517828962fde29
17878,2021-05-14 22:00:00+00:00,0.0,0.0,uppsala,5f9fe38afd517828962fde29
17879,2021-05-14 23:00:00+00:00,0.0,0.0,uppsala,5f9fe38afd517828962fde29
17880,2021-05-15 00:00:00+00:00,0.0,0.0,uppsala,5f9fe38afd517828962fde29
17881,2021-05-15 01:00:00+00:00,0.0,0.0,uppsala,5f9fe38afd517828962fde29
17882,2021-05-15 02:00:00+00:00,0.0,0.0,uppsala,5f9fe38afd517828962fde29
17883,2021-05-15 03:00:00+00:00,0.0,0.13,uppsala,5f9fe38afd517828962fde29
17884,2021-05-15 04:00:00+00:00,0.0,0.57,uppsala,5f9fe38afd517828962fde29
17885,2021-05-15 05:00:00+00:00,1.1,0.74,uppsala,5f9fe38afd517828962fde29
17886,2021-05-15 06:00:00+00:00,7.3,2.21,uppsala,5f9fe38afd517828962fde29
17887,2021-05-15 07:00:00+00:00,6.3,1.5,uppsala,5f9fe38afd517828962fde29
17888,2021-05-15 08:00:00+00:00,17.8,3.71,uppsala,5f9fe38afd517828962fde29
17889,2021-05-15 09:00:00+00:00,9.3,3.35,uppsala,5f9fe38afd517828962fde29
17890,2021-05-15 10:00:00+00:00,10.1,3.13,uppsala,5f9fe38afd517828962fde29
17891,2021-05-15 11:00:00+00:00,10.3,5.35,uppsala,5f9fe38afd517828962fde29
17892,2021-05-15 12:00:00+00:00,10.1,7.87,uppsala,5f9fe38afd517828962fde29
17893,2021-05-15 13:00:00+00:00,9.4,14.6,uppsala,5f9fe38afd517828962fde29
17894,2021-05-15 14:00:00+00:00,8.5,12.13,uppsala,5f9fe38afd517828962fde29
17895,2021-05-15 15:00:00+00:00,331.1,5.78,uppsala,5f9fe38afd517828962fde29
17896,2021-05-15 16:00:00+00:00,23.9,2.54,uppsala,5f9fe38afd517828962fde29
17897,2021-05-15 17:00:00+00:00,29.3,0.62,uppsala,5f9fe38afd517828962fde29
17898,2021-05-15 18:00:00+00:00,0.0,0.16,uppsala,5f9fe38afd517828962fde29
17899,2021-05-15 19:00:00+00:00,0.0,0.0,uppsala,5f9fe38afd517828962fde29
17900,2021-05-15 20:00:00+00:00,0.0,0.0,uppsala,5f9fe38afd517828962fde29
17901,2021-05-15 21:00:00+00:00,0.0,0.0,uppsala,5f9fe38afd517828962fde29
17902,2021-05-15 22:00:00+00:00,0.0,0.0,uppsala,5f9fe38afd517828962fde29
17903,2021-05-15 23:00:00+00:00,0.0,0.0,uppsala,5f9fe38afd517828962fde29
17904,2021-05-16 00:00:00+00:00,0.0,0.0,uppsala,5f9fe38afd517828962fde29
17905,2021-05-16 01:00:00+00:00,0.0,0.0,uppsala,5f9fe38afd517828962fde29
17906,2021-05-16 02:00:00+00:00,0.0,0.0,uppsala,5f9fe38afd517828962fde29
17907,2021-05-16 03:00:00+00:00,0.0,0.04,uppsala,5f9fe38afd517828962fde29
17908,2021-05-16 04:00:00+00:00,0.0,0.71,uppsala,5f9fe38afd517828962fde29
17909,2021-05-16 05:00:00+00:00,2.2,1.18,uppsala,5f9fe38afd517828962fde29
17910,2021-05-16 06:00:00+00:00,8.9,2.46,uppsala,5f9fe38afd517828962fde29
17911,2021-05-16 07:00:00+00:00,7.3,2.34,uppsala,5f9fe38afd517828962fde29
17912,2021-05-16 08:00:00+00:00,9.1,3.22,uppsala,5f9fe38afd517828962fde29
17913,2021-05-16 09:00:00+00:00,37.5,10.36,uppsala,5f9fe38afd517828962fde29
17914,2021-05-16 10:00:00+00:00,10.6,13.16,uppsala,5f9fe38afd517828962fde29
17915,2021-05-16 11:00:00+00:00,10.6,14.4,uppsala,5f9fe38afd517828962fde29
17916,2021-05-16 12:00:00+00:00,224.6,16.24,uppsala,5f9fe38afd517828962fde29
17917,2021-05-16 13:00:00+00:00,418.5,7.84,uppsala,5f9fe38afd517828962fde29
17918,2021-05-16 14:00:00+00:00,14.5,11.08,uppsala,5f9fe38afd517828962fde29
17919,2021-05-16 15:00:00+00:00,38.8,3.33,uppsala,5f9fe38afd517828962fde29
17920,2021-05-16 16:00:00+00:00,1.6,1.17,uppsala,5f9fe38afd517828962fde29
17921,2021-05-16 17:00:00+00:00,41.0,0.99,uppsala,5f9fe38afd517828962fde29
17922,2021-05-16 18:00:00+00:00,54.9,0.46,uppsala,5f9fe38afd517828962fde29
17923,2021-05-16 19:00:00+00:00,0.0,0.0,uppsala,5f9fe38afd517828962fde29
17924,2021-05-16 20:00:00+00:00,0.0,0.0,uppsala,5f9fe38afd517828962fde29
17925,2021-05-16 21:00:00+00:00,0.0,0.0,uppsala,5f9fe38afd517828962fde29
17926,2021-05-16 22:00:00+00:00,0.0,0.0,uppsala,5f9fe38afd517828962fde29
17927,2021-05-16 23:00:00+00:00,0.0,0.0,uppsala,5f9fe38afd517828962fde29
17928,2021-05-17 00:00:00+00:00,0.0,0.0,uppsala,5f9fe38afd517828962fde29
17929,2021-05-17 01:00:00+00:00,0.0,0.0,uppsala,5f9fe38afd517828962fde29
17930,2021-05-17 02:00:00+00:00,0.0,0.0,uppsala,5f9fe38afd517828962fde29
17931,2021-05-17 03:00:00+00:00,0.0,0.0,uppsala,5f9fe38afd517828962fde29
17932,2021-05-17 04:00:00+00:00,0.0,0.15,uppsala,5f9fe38afd517828962fde29
17933,2021-05-17 05:00:00+00:00,0.6000000000000001,0.45,uppsala,5f9fe38afd517828962fde29
17934,2021-05-17 06:00:00+00:00,4.2,0.93,uppsala,5f9fe38afd517828962fde29
17935,2021-05-17 07:00:00+00:00,6.8,2.3,uppsala,5f9fe38afd517828962fde29
17936,2021-05-17 08:00:00+00:00,8.7,3.17,uppsala,5f9fe38afd517828962fde29
17937,2021-05-17 09:00:00+00:00,9.7,5.02,uppsala,5f9fe38afd517828962fde29
17938,2021-05-17 10:00:00+00:00,10.6,4.05,uppsala,5f9fe38afd517828962fde29
17939,2021-05-17 11:00:00+00:00,12.2,4.41,uppsala,5f9fe38afd517828962fde29
17940,2021-05-17 12:00:00+00:00,15.3,10.82,uppsala,5f9fe38afd517828962fde29
17941,2021-05-17 13:00:00+00:00,328.2,11.59,uppsala,5f9fe38afd517828962fde29
17942,2021-05-17 14:00:00+00:00,97.3,11.18,uppsala,5f9fe38afd517828962fde29
17943,2021-05-17 15:00:00+00:00,7.2,7.71,uppsala,5f9fe38afd517828962fde29
17944,2021-05-17 16:00:00+00:00,22.3,2.51,uppsala,5f9fe38afd517828962fde29
17945,2021-05-17 17:00:00+00:00,267.5,4.73,uppsala,5f9fe38afd517828962fde29
17946,2021-05-17 18:00:00+00:00,328.4,2.51,uppsala,5f9fe38afd517828962fde29
17947,2021-05-17 19:00:00+00:00,65.5,0.0,uppsala,5f9fe38afd517828962fde29
17948,2021-05-17 20:00:00+00:00,0.0,0.0,uppsala,5f9fe38afd517828962fde29
17949,2021-05-17 21:00:00+00:00,0.0,0.0,uppsala,5f9fe38afd517828962fde29
17950,2021-05-17 22:00:00+00:00,0.0,0.0,uppsala,5f9fe38afd517828962fde29
17951,2021-05-17 23:00:00+00:00,0.0,0.0,uppsala,5f9fe38afd517828962fde29
17952,2021-05-18 00:00:00+00:00,0.0,0.0,uppsala,5f9fe38afd517828962fde29
17953,2021-05-18 01:00:00+00:00,0.0,0.0,uppsala,5f9fe38afd517828962fde29
17954,2021-05-18 02:00:00+00:00,0.0,0.06,uppsala,5f9fe38afd517828962fde29
17955,2021-05-18 03:00:00+00:00,0.0,0.57,uppsala,5f9fe38afd517828962fde29
17956,2021-05-18 04:00:00+00:00,7.7,1.69,uppsala,5f9fe38afd517828962fde29
17957,2021-05-18 05:00:00+00:00,7.0,2.9,uppsala,5f9fe38afd517828962fde29
17958,2021-05-18 06:00:00+00:00,6.6,4.4,uppsala,5f9fe38afd517828962fde29
17959,2021-05-18 07:00:00+00:00,8.8,5.64,uppsala,5f9fe38afd517828962fde29
17960,2021-05-18 08:00:00+00:00,10.4,8.27,uppsala,5f9fe38afd517828962fde29
17961,2021-05-18 09:00:00+00:00,133.1,19.02,uppsala,5f9fe38afd517828962fde29
17962,2021-05-18 10:00:00+00:00,538.8,15.07,uppsala,5f9fe38afd517828962fde29
17963,2021-05-18 11:00:00+00:00,798.0,12.15,uppsala,5f9fe38afd517828962fde29
17964,2021-05-18 12:00:00+00:00,662.2,14.44,uppsala,5f9fe38afd517828962fde29
17965,2021-05-18 13:00:00+00:00,752.0,14.5,uppsala,5f9fe38afd517828962fde29
17966,2021-05-18 14:00:00+00:00,159.2,10.14,uppsala,5f9fe38afd517828962fde29
17967,2021-05-18 15:00:00+00:00,181.9,11.02,uppsala,5f9fe38afd517828962fde29
17968,2021-05-18 16:00:00+00:00,572.5,5.34,uppsala,5f9fe38afd517828962fde29
17969,2021-05-18 17:00:00+00:00,350.2,4.16,uppsala,5f9fe38afd517828962fde29
17970,2021-05-18 18:00:00+00:00,11.1,2.84,uppsala,5f9fe38afd517828962fde29
17971,2021-05-18 19:00:00+00:00,0.0,0.14,uppsala,5f9fe38afd517828962fde29
17972,2021-05-18 20:00:00+00:00,0.0,0.0,uppsala,5f9fe38afd517828962fde29
17973,2021-05-18 21:00:00+00:00,0.0,0.0,uppsala,5f9fe38afd517828962fde29
17974,2021-05-18 22:00:00+00:00,0.0,0.0,uppsala,5f9fe38afd517828962fde29
17975,2021-05-18 23:00:00+00:00,0.0,0.0,uppsala,5f9fe38afd517828962fde29
17976,2021-05-19 00:00:00+00:00,0.0,0.0,uppsala,5f9fe38afd517828962fde29
17977,2021-05-19 01:00:00+00:00,0.0,0.0,uppsala,5f9fe38afd517828962fde29
17978,2021-05-19 02:00:00+00:00,0.0,0.12,uppsala,5f9fe38afd517828962fde29
17979,2021-05-19 03:00:00+00:00,213.8,1.22,uppsala,5f9fe38afd517828962fde29
17980,2021-05-19 04:00:00+00:00,483.4,4.97,uppsala,5f9fe38afd517828962fde29
17981,2021-05-19 05:00:00+00:00,601.3,10.15,uppsala,5f9fe38afd517828962fde29
17982,2021-05-19 06:00:00+00:00,283.3,16.24,uppsala,5f9fe38afd517828962fde29
17983,2021-05-19 07:00:00+00:00,733.0,18.17,uppsala,5f9fe38afd517828962fde29
17984,2021-05-19 08:00:00+00:00,53.9,19.04,uppsala,5f9fe38afd517828962fde29
17985,2021-05-19 09:00:00+00:00,765.9,17.58,uppsala,5f9fe38afd517828962fde29
17986,2021-05-19 10:00:00+00:00,721.6,16.46,uppsala,5f9fe38afd517828962fde29
17987,2021-05-19 11:00:00+00:00,636.4,12.38,uppsala,5f9fe38afd517828962fde29
17988,2021-05-19 12:00:00+00:00,328.4,12.09,uppsala,5f9fe38afd517828962fde29
17989,2021-05-19 13:00:00+00:00,690.4,9.95,uppsala,5f9fe38afd517828962fde29
17990,2021-05-19 14:00:00+00:00,326.6,5.9,uppsala,5f9fe38afd517828962fde29
17991,2021-05-19 15:00:00+00:00,227.9,3.96,uppsala,5f9fe38afd517828962fde29
17992,2021-05-19 16:00:00+00:00,244.2,3.96,uppsala,5f9fe38afd517828962fde29
17993,2021-05-19 17:00:00+00:00,131.9,2.87,uppsala,5f9fe38afd517828962fde29
17994,2021-05-19 18:00:00+00:00,1.7000000000000002,0.27,uppsala,5f9fe38afd517828962fde29
17995,2021-05-19 19:00:00+00:00,19.6,0.0,uppsala,5f9fe38afd517828962fde29
17996,2021-05-19 20:00:00+00:00,0.0,0.0,uppsala,5f9fe38afd517828962fde29
17997,2021-05-19 21:00:00+00:00,0.0,0.0,uppsala,5f9fe38afd517828962fde29
17998,2021-05-19 22:00:00+00:00,0.0,0.0,uppsala,5f9fe38afd517828962fde29
17999,2021-05-19 23:00:00+00:00,0.0,0.0,uppsala,5f9fe38afd517828962fde29
18000,2021-05-20 00:00:00+00:00,0.0,0.0,uppsala,5f9fe38afd517828962fde29
18001,2021-05-20 01:00:00+00:00,0.0,0.0,uppsala,5f9fe38afd517828962fde29
18002,2021-05-20 02:00:00+00:00,0.0,0.25,uppsala,5f9fe38afd517828962fde29
18003,2021-05-20 03:00:00+00:00,0.0,1.53,uppsala,5f9fe38afd517828962fde29
18004,2021-05-20 04:00:00+00:00,0.0,3.62,uppsala,5f9fe38afd517828962fde29
18005,2021-05-20 05:00:00+00:00,3.4,7.84,uppsala,5f9fe38afd517828962fde29
18006,2021-05-20 06:00:00+00:00,5.7,16.82,uppsala,5f9fe38afd517828962fde29
18007,2021-05-20 07:00:00+00:00,7.8,19.33,uppsala,5f9fe38afd517828962fde29
18008,2021-05-20 08:00:00+00:00,94.7,18.07,uppsala,5f9fe38afd517828962fde29
18009,2021-05-20 09:00:00+00:00,767.5,20.33,uppsala,5f9fe38afd517828962fde29
18010,2021-05-20 10:00:00+00:00,249.0,18.78,uppsala,5f9fe38afd517828962fde29
18011,2021-05-20 11:00:00+00:00,20.9,15.78,uppsala,5f9fe38afd517828962fde29
18012,2021-05-20 12:00:00+00:00,48.0,11.97,uppsala,5f9fe38afd517828962fde29
18013,2021-05-20 13:00:00+00:00,620.4,12.66,uppsala,5f9fe38afd517828962fde29
18014,2021-05-20 14:00:00+00:00,471.0,12.51,uppsala,5f9fe38afd517828962fde29
18015,2021-05-20 15:00:00+00:00,299.2,10.06,uppsala,5f9fe38afd517828962fde29
18016,2021-05-20 16:00:00+00:00,29.4,7.96,uppsala,5f9fe38afd517828962fde29
18017,2021-05-20 17:00:00+00:00,498.6,6.26,uppsala,5f9fe38afd517828962fde29
18018,2021-05-20 18:00:00+00:00,332.9,2.17,uppsala,5f9fe38afd517828962fde29
18019,2021-05-20 19:00:00+00:00,73.0,0.0,uppsala,5f9fe38afd517828962fde29
18020,2021-05-20 20:00:00+00:00,0.0,0.0,uppsala,5f9fe38afd517828962fde29
18021,2021-05-20 21:00:00+00:00,0.0,0.0,uppsala,5f9fe38afd517828962fde29
18022,2021-05-20 22:00:00+00:00,0.0,0.0,uppsala,5f9fe38afd517828962fde29
18023,2021-05-20 23:00:00+00:00,0.0,0.0,uppsala,5f9fe38afd517828962fde29
18024,2021-05-21 00:00:00+00:00,0.0,0.0,uppsala,5f9fe38afd517828962fde29
18025,2021-05-21 01:00:00+00:00,0.0,0.0,uppsala,5f9fe38afd517828962fde29
18026,2021-05-21 02:00:00+00:00,0.0,0.27,uppsala,5f9fe38afd517828962fde29
18027,2021-05-21 03:00:00+00:00,0.0,2.16,uppsala,5f9fe38afd517828962fde29
18028,2021-05-21 04:00:00+00:00,26.7,5.28,uppsala,5f9fe38afd517828962fde29
18029,2021-05-21 05:00:00+00:00,16.1,9.32,uppsala,5f9fe38afd517828962fde29
18030,2021-05-21 06:00:00+00:00,262.3,15.59,uppsala,5f9fe38afd517828962fde29
18031,2021-05-21 07:00:00+00:00,519.8,21.02,uppsala,5f9fe38afd517828962fde29
18032,2021-05-21 08:00:00+00:00,252.4,22.03,uppsala,5f9fe38afd517828962fde29
18033,2021-05-21 09:00:00+00:00,9.7,16.57,uppsala,5f9fe38afd517828962fde29
18034,2021-05-21 10:00:00+00:00,10.2,9.17,uppsala,5f9fe38afd517828962fde29
18035,2021-05-21 11:00:00+00:00,225.1,3.21,uppsala,5f9fe38afd517828962fde29
18036,2021-05-21 12:00:00+00:00,124.1,1.55,uppsala,5f9fe38afd517828962fde29
18037,2021-05-21 13:00:00+00:00,442.6,1.0,uppsala,5f9fe38afd517828962fde29
18038,2021-05-21 14:00:00+00:00,147.7,5.75,uppsala,5f9fe38afd517828962fde29
18039,2021-05-21 15:00:00+00:00,8.5,6.14,uppsala,5f9fe38afd517828962fde29
18040,2021-05-21 16:00:00+00:00,8.2,3.33,uppsala,5f9fe38afd517828962fde29
18041,2021-05-21 17:00:00+00:00,8.0,2.31,uppsala,5f9fe38afd517828962fde29
18042,2021-05-21 18:00:00+00:00,69.2,0.74,uppsala,5f9fe38afd517828962fde29
18043,2021-05-21 19:00:00+00:00,0.0,0.0,uppsala,5f9fe38afd517828962fde29
18044,2021-05-21 20:00:00+00:00,0.0,0.0,uppsala,5f9fe38afd517828962fde29
18045,2021-05-21 21:00:00+00:00,0.0,0.0,uppsala,5f9fe38afd517828962fde29
18046,2021-05-21 22:00:00+00:00,0.0,0.0,uppsala,5f9fe38afd517828962fde29
18047,2021-05-21 23:00:00+00:00,0.0,0.0,uppsala,5f9fe38afd517828962fde29
18048,2021-05-22 00:00:00+00:00,0.0,0.0,uppsala,5f9fe38afd517828962fde29
18049,2021-05-22 01:00:00+00:00,0.0,0.0,uppsala,5f9fe38afd517828962fde29
18050,2021-05-22 02:00:00+00:00,0.0,0.86,uppsala,5f9fe38afd517828962fde29
18051,2021-05-22 03:00:00+00:00,192.0,5.58,uppsala,5f9fe38afd517828962fde29
18052,2021-05-22 04:00:00+00:00,292.4,7.64,uppsala,5f9fe38afd517828962fde29
18053,2021-05-22 05:00:00+00:00,241.3,7.9,uppsala,5f9fe38afd517828962fde29
18054,2021-05-22 06:00:00+00:00,125.6,10.98,uppsala,5f9fe38afd517828962fde29
18055,2021-05-22 07:00:00+00:00,609.6,12.22,uppsala,5f9fe38afd517828962fde29
18056,2021-05-22 08:00:00+00:00,253.0,15.18,uppsala,5f9fe38afd517828962fde29
18057,2021-05-22 09:00:00+00:00,203.8,18.91,uppsala,5f9fe38afd517828962fde29
18058,2021-05-22 10:00:00+00:00,152.2,17.19,uppsala,5f9fe38afd517828962fde29
18059,2021-05-22 11:00:00+00:00,733.1,17.85,uppsala,5f9fe38afd517828962fde29
18060,2021-05-22 12:00:00+00:00,9.1,10.83,uppsala,5f9fe38afd517828962fde29
18061,2021-05-22 13:00:00+00:00,8.5,16.89,uppsala,5f9fe38afd517828962fde29
18062,2021-05-22 14:00:00+00:00,64.5,9.27,uppsala,5f9fe38afd517828962fde29
18063,2021-05-22 15:00:00+00:00,30.7,3.76,uppsala,5f9fe38afd517828962fde29
18064,2021-05-22 16:00:00+00:00,140.4,1.19,uppsala,5f9fe38afd517828962fde29
18065,2021-05-22 17:00:00+00:00,133.0,0.0,uppsala,5f9fe38afd517828962fde29
18066,2021-05-22 18:00:00+00:00,31.7,0.0,uppsala,5f9fe38afd517828962fde29
18067,2021-05-22 19:00:00+00:00,0.0,0.0,uppsala,5f9fe38afd517828962fde29
18068,2021-05-22 20:00:00+00:00,0.0,0.0,uppsala,5f9fe38afd517828962fde29
18069,2021-05-22 21:00:00+00:00,0.0,0.0,uppsala,5f9fe38afd517828962fde29
18070,2021-05-22 22:00:00+00:00,0.0,0.0,uppsala,5f9fe38afd517828962fde29
18071,2021-05-22 23:00:00+00:00,0.0,0.0,uppsala,5f9fe38afd517828962fde29
18072,2021-05-23 00:00:00+00:00,0.0,0.0,uppsala,5f9fe38afd517828962fde29
18073,2021-05-23 01:00:00+00:00,0.0,0.0,uppsala,5f9fe38afd517828962fde29
18074,2021-05-23 02:00:00+00:00,0.0,0.01,uppsala,5f9fe38afd517828962fde29
18075,2021-05-23 03:00:00+00:00,2.1,0.35,uppsala,5f9fe38afd517828962fde29
18076,2021-05-23 04:00:00+00:00,0.0,1.06,uppsala,5f9fe38afd517828962fde29
18077,2021-05-23 05:00:00+00:00,3.1,1.74,uppsala,5f9fe38afd517828962fde29
18078,2021-05-23 06:00:00+00:00,6.1,2.36,uppsala,5f9fe38afd517828962fde29
18079,2021-05-23 07:00:00+00:00,16.9,2.74,uppsala,5f9fe38afd517828962fde29
18080,2021-05-23 08:00:00+00:00,8.9,3.6,uppsala,5f9fe38afd517828962fde29
18081,2021-05-23 09:00:00+00:00,26.3,4.35,uppsala,5f9fe38afd517828962fde29
18082,2021-05-23 10:00:00+00:00,13.3,4.76,uppsala,5f9fe38afd517828962fde29
18083,2021-05-23 11:00:00+00:00,13.4,4.63,uppsala,5f9fe38afd517828962fde29
18084,2021-05-23 12:00:00+00:00,10.7,1.93,uppsala,5f9fe38afd517828962fde29
18085,2021-05-23 13:00:00+00:00,8.6,1.95,uppsala,5f9fe38afd517828962fde29
18086,2021-05-23 14:00:00+00:00,42.7,2.84,uppsala,5f9fe38afd517828962fde29
18087,2021-05-23 15:00:00+00:00,74.1,4.04,uppsala,5f9fe38afd517828962fde29
18088,2021-05-23 16:00:00+00:00,3.3,2.3,uppsala,5f9fe38afd517828962fde29
18089,2021-05-23 17:00:00+00:00,0.4,0.96,uppsala,5f9fe38afd517828962fde29
18090,2021-05-23 18:00:00+00:00,2.8,0.03,uppsala,5f9fe38afd517828962fde29
18091,2021-05-23 19:00:00+00:00,0.0,0.0,uppsala,5f9fe38afd517828962fde29
18092,2021-05-23 20:00:00+00:00,0.0,0.0,uppsala,5f9fe38afd517828962fde29
18093,2021-05-23 21:00:00+00:00,0.0,0.0,uppsala,5f9fe38afd517828962fde29
18094,2021-05-23 22:00:00+00:00,0.0,0.0,uppsala,5f9fe38afd517828962fde29
18095,2021-05-23 23:00:00+00:00,0.0,0.0,uppsala,5f9fe38afd517828962fde29
18096,2021-05-24 00:00:00+00:00,0.0,0.0,uppsala,5f9fe38afd517828962fde29
18097,2021-05-24 01:00:00+00:00,0.0,0.0,uppsala,5f9fe38afd517828962fde29
18098,2021-05-24 02:00:00+00:00,0.0,0.0,uppsala,5f9fe38afd517828962fde29
18099,2021-05-24 03:00:00+00:00,0.0,0.17,uppsala,5f9fe38afd517828962fde29
18100,2021-05-24 04:00:00+00:00,0.0,0.79,uppsala,5f9fe38afd517828962fde29
18101,2021-05-24 05:00:00+00:00,38.3,2.67,uppsala,5f9fe38afd517828962fde29
18102,2021-05-24 06:00:00+00:00,15.4,4.02,uppsala,5f9fe38afd517828962fde29
18103,2021-05-24 07:00:00+00:00,7.4,7.74,uppsala,5f9fe38afd517828962fde29
18104,2021-05-24 08:00:00+00:00,8.9,13.78,uppsala,5f9fe38afd517828962fde29
18105,2021-05-24 09:00:00+00:00,408.6,11.58,uppsala,5f9fe38afd517828962fde29
18106,2021-05-24 10:00:00+00:00,61.3,5.91,uppsala,5f9fe38afd517828962fde29
18107,2021-05-24 11:00:00+00:00,11.5,5.54,uppsala,5f9fe38afd517828962fde29
18108,2021-05-24 12:00:00+00:00,15.1,5.94,uppsala,5f9fe38afd517828962fde29
18109,2021-05-24 13:00:00+00:00,11.5,4.36,uppsala,5f9fe38afd517828962fde29
18110,2021-05-24 14:00:00+00:00,8.3,2.16,uppsala,5f9fe38afd517828962fde29
18111,2021-05-24 15:00:00+00:00,429.8,4.19,uppsala,5f9fe38afd517828962fde29
18112,2021-05-24 16:00:00+00:00,3.4,4.3,uppsala,5f9fe38afd517828962fde29
18113,2021-05-24 17:00:00+00:00,8.0,1.5,uppsala,5f9fe38afd517828962fde29
18114,2021-05-24 18:00:00+00:00,137.7,0.61,uppsala,5f9fe38afd517828962fde29
18115,2021-05-24 19:00:00+00:00,0.0,0.13,uppsala,5f9fe38afd517828962fde29
18116,2021-05-24 20:00:00+00:00,0.0,0.0,uppsala,5f9fe38afd517828962fde29
18117,2021-05-24 21:00:00+00:00,0.0,0.0,uppsala,5f9fe38afd517828962fde29
18118,2021-05-24 22:00:00+00:00,0.0,0.0,uppsala,5f9fe38afd517828962fde29
18119,2021-05-24 23:00:00+00:00,0.0,0.0,uppsala,5f9fe38afd517828962fde29
18120,2021-05-25 00:00:00+00:00,0.0,0.0,uppsala,5f9fe38afd517828962fde29
18121,2021-05-25 01:00:00+00:00,0.0,0.0,uppsala,5f9fe38afd517828962fde29
18122,2021-05-25 02:00:00+00:00,0.0,0.41,uppsala,5f9fe38afd517828962fde29
18123,2021-05-25 03:00:00+00:00,0.0,2.07,uppsala,5f9fe38afd517828962fde29
18124,2021-05-25 04:00:00+00:00,51.1,3.27,uppsala,5f9fe38afd517828962fde29
18125,2021-05-25 05:00:00+00:00,3.3,3.44,uppsala,5f9fe38afd517828962fde29
18126,2021-05-25 06:00:00+00:00,4.0,6.04,uppsala,5f9fe38afd517828962fde29
18127,2021-05-25 07:00:00+00:00,7.1,15.0,uppsala,5f9fe38afd517828962fde29
18128,2021-05-25 08:00:00+00:00,12.3,20.22,uppsala,5f9fe38afd517828962fde29
18129,2021-05-25 09:00:00+00:00,229.2,14.82,uppsala,5f9fe38afd517828962fde29
18130,2021-05-25 10:00:00+00:00,52.7,16.75,uppsala,5f9fe38afd517828962fde29
18131,2021-05-25 11:00:00+00:00,50.7,13.15,uppsala,5f9fe38afd517828962fde29
18132,2021-05-25 12:00:00+00:00,458.7,14.03,uppsala,5f9fe38afd517828962fde29
18133,2021-05-25 13:00:00+00:00,43.7,8.86,uppsala,5f9fe38afd517828962fde29
18134,2021-05-25 14:00:00+00:00,81.6,4.38,uppsala,5f9fe38afd517828962fde29
18135,2021-05-25 15:00:00+00:00,382.7,5.16,uppsala,5f9fe38afd517828962fde29
18136,2021-05-25 16:00:00+00:00,6.9,2.24,uppsala,5f9fe38afd517828962fde29
18137,2021-05-25 17:00:00+00:00,7.5,0.9,uppsala,5f9fe38afd517828962fde29
18138,2021-05-25 18:00:00+00:00,0.0,0.4,uppsala,5f9fe38afd517828962fde29
18139,2021-05-25 19:00:00+00:00,0.0,0.0,uppsala,5f9fe38afd517828962fde29
18140,2021-05-25 20:00:00+00:00,0.0,0.0,uppsala,5f9fe38afd517828962fde29
18141,2021-05-25 21:00:00+00:00,0.0,0.0,uppsala,5f9fe38afd517828962fde29
18142,2021-05-25 22:00:00+00:00,0.0,0.0,uppsala,5f9fe38afd517828962fde29
18143,2021-05-25 23:00:00+00:00,0.0,0.0,uppsala,5f9fe38afd517828962fde29
18144,2021-05-26 00:00:00+00:00,0.0,0.0,uppsala,5f9fe38afd517828962fde29
18145,2021-05-26 01:00:00+00:00,0.0,0.0,uppsala,5f9fe38afd517828962fde29
18146,2021-05-26 02:00:00+00:00,0.0,0.0,uppsala,5f9fe38afd517828962fde29
18147,2021-05-26 03:00:00+00:00,0.0,0.04,uppsala,5f9fe38afd517828962fde29
18148,2021-05-26 04:00:00+00:00,33.4,0.27,uppsala,5f9fe38afd517828962fde29
18149,2021-05-26 05:00:00+00:00,10.4,2.51,uppsala,5f9fe38afd517828962fde29
18150,2021-05-26 06:00:00+00:00,4.6,1.54,uppsala,5f9fe38afd517828962fde29
18151,2021-05-26 07:00:00+00:00,5.1,1.23,uppsala,5f9fe38afd517828962fde29
18152,2021-05-26 08:00:00+00:00,11.6,1.36,uppsala,5f9fe38afd517828962fde29
18153,2021-05-26 09:00:00+00:00,7.5,1.4,uppsala,5f9fe38afd517828962fde29
18154,2021-05-26 10:00:00+00:00,7.3,1.9,uppsala,5f9fe38afd517828962fde29
18155,2021-05-26 11:00:00+00:00,7.6,1.51,uppsala,5f9fe38afd517828962fde29
18156,2021-05-26 12:00:00+00:00,7.6,1.1,uppsala,5f9fe38afd517828962fde29
18157,2021-05-26 13:00:00+00:00,7.7,0.86,uppsala,5f9fe38afd517828962fde29
18158,2021-05-26 14:00:00+00:00,7.3,0.54,uppsala,5f9fe38afd517828962fde29
18159,2021-05-26 15:00:00+00:00,7.2,0.66,uppsala,5f9fe38afd517828962fde29
18160,2021-05-26 16:00:00+00:00,5.2,0.59,uppsala,5f9fe38afd517828962fde29
18161,2021-05-26 17:00:00+00:00,1.9,0.07,uppsala,5f9fe38afd517828962fde29
18162,2021-05-26 18:00:00+00:00,0.0,0.0,uppsala,5f9fe38afd517828962fde29
18163,2021-05-26 19:00:00+00:00,0.0,0.0,uppsala,5f9fe38afd517828962fde29
18164,2021-05-26 20:00:00+00:00,0.0,0.0,uppsala,5f9fe38afd517828962fde29
18165,2021-05-26 21:00:00+00:00,0.0,0.0,uppsala,5f9fe38afd517828962fde29
18166,2021-05-26 22:00:00+00:00,0.0,0.0,uppsala,5f9fe38afd517828962fde29
18167,2021-05-26 23:00:00+00:00,0.0,0.0,uppsala,5f9fe38afd517828962fde29
18168,2021-05-27 00:00:00+00:00,0.0,0.0,uppsala,5f9fe38afd517828962fde29
18169,2021-05-27 01:00:00+00:00,0.0,0.0,uppsala,5f9fe38afd517828962fde29
18170,2021-05-27 02:00:00+00:00,0.0,0.0,uppsala,5f9fe38afd517828962fde29
18171,2021-05-27 03:00:00+00:00,0.0,0.4,uppsala,5f9fe38afd517828962fde29
18172,2021-05-27 04:00:00+00:00,0.0,0.28,uppsala,5f9fe38afd517828962fde29
18173,2021-05-27 05:00:00+00:00,7.2,1.06,uppsala,5f9fe38afd517828962fde29
18174,2021-05-27 06:00:00+00:00,6.9,1.47,uppsala,5f9fe38afd517828962fde29
18175,2021-05-27 07:00:00+00:00,8.9,1.35,uppsala,5f9fe38afd517828962fde29
18176,2021-05-27 08:00:00+00:00,10.2,1.77,uppsala,5f9fe38afd517828962fde29
18177,2021-05-27 09:00:00+00:00,11.0,1.66,uppsala,5f9fe38afd517828962fde29
18178,2021-05-27 10:00:00+00:00,11.4,2.64,uppsala,5f9fe38afd517828962fde29
18179,2021-05-27 11:00:00+00:00,11.6,3.24,uppsala,5f9fe38afd517828962fde29
18180,2021-05-27 12:00:00+00:00,11.2,1.39,uppsala,5f9fe38afd517828962fde29
18181,2021-05-27 13:00:00+00:00,14.3,1.39,uppsala,5f9fe38afd517828962fde29
18182,2021-05-27 14:00:00+00:00,14.8,1.08,uppsala,5f9fe38afd517828962fde29
18183,2021-05-27 15:00:00+00:00,10.1,0.54,uppsala,5f9fe38afd517828962fde29
18184,2021-05-27 16:00:00+00:00,4.6,0.31,uppsala,5f9fe38afd517828962fde29
18185,2021-05-27 17:00:00+00:00,19.5,0.16,uppsala,5f9fe38afd517828962fde29
18186,2021-05-27 18:00:00+00:00,5.3,0.0,uppsala,5f9fe38afd517828962fde29
18187,2021-05-27 19:00:00+00:00,3.7,0.0,uppsala,5f9fe38afd517828962fde29
18188,2021-05-27 20:00:00+00:00,0.0,0.0,uppsala,5f9fe38afd517828962fde29
18189,2021-05-27 21:00:00+00:00,0.0,0.0,uppsala,5f9fe38afd517828962fde29
18190,2021-05-27 22:00:00+00:00,0.0,0.0,uppsala,5f9fe38afd517828962fde29
18191,2021-05-27 23:00:00+00:00,0.0,0.0,uppsala,5f9fe38afd517828962fde29
18192,2021-05-28 00:00:00+00:00,0.0,0.0,uppsala,5f9fe38afd517828962fde29
18193,2021-05-28 01:00:00+00:00,0.0,0.0,uppsala,5f9fe38afd517828962fde29
18194,2021-05-28 02:00:00+00:00,0.0,0.0,uppsala,5f9fe38afd517828962fde29
18195,2021-05-28 03:00:00+00:00,0.0,0.27,uppsala,5f9fe38afd517828962fde29
18196,2021-05-28 04:00:00+00:00,0.0,1.21,uppsala,5f9fe38afd517828962fde29
18197,2021-05-28 05:00:00+00:00,3.8,3.68,uppsala,5f9fe38afd517828962fde29
18198,2021-05-28 06:00:00+00:00,238.6,15.5,uppsala,5f9fe38afd517828962fde29
18199,2021-05-28 07:00:00+00:00,857.6,18.09,uppsala,5f9fe38afd517828962fde29
18200,2021-05-28 08:00:00+00:00,898.6,21.81,uppsala,5f9fe38afd517828962fde29
18201,2021-05-28 09:00:00+00:00,929.9,21.13,uppsala,5f9fe38afd517828962fde29
18202,2021-05-28 10:00:00+00:00,951.6,20.29,uppsala,5f9fe38afd517828962fde29
18203,2021-05-28 11:00:00+00:00,949.8,15.89,uppsala,5f9fe38afd517828962fde29
18204,2021-05-28 12:00:00+00:00,935.1,16.6,uppsala,5f9fe38afd517828962fde29
18205,2021-05-28 13:00:00+00:00,908.5,15.87,uppsala,5f9fe38afd517828962fde29
18206,2021-05-28 14:00:00+00:00,877.2,14.11,uppsala,5f9fe38afd517828962fde29
18207,2021-05-28 15:00:00+00:00,864.4,10.76,uppsala,5f9fe38afd517828962fde29
18208,2021-05-28 16:00:00+00:00,800.1,8.19,uppsala,5f9fe38afd517828962fde29
18209,2021-05-28 17:00:00+00:00,722.9,6.64,uppsala,5f9fe38afd517828962fde29
18210,2021-05-28 18:00:00+00:00,564.5,3.86,uppsala,5f9fe38afd517828962fde29
18211,2021-05-28 19:00:00+00:00,318.2,0.44,uppsala,5f9fe38afd517828962fde29
18212,2021-05-28 20:00:00+00:00,0.0,0.0,uppsala,5f9fe38afd517828962fde29
18213,2021-05-28 21:00:00+00:00,0.0,0.0,uppsala,5f9fe38afd517828962fde29
18214,2021-05-28 22:00:00+00:00,0.0,0.0,uppsala,5f9fe38afd517828962fde29
18215,2021-05-28 23:00:00+00:00,0.0,0.0,uppsala,5f9fe38afd517828962fde29
18216,2021-05-29 00:00:00+00:00,0.0,0.0,uppsala,5f9fe38afd517828962fde29
18217,2021-05-29 01:00:00+00:00,0.0,0.01,uppsala,5f9fe38afd517828962fde29
18218,2021-05-29 02:00:00+00:00,56.4,2.17,uppsala,5f9fe38afd517828962fde29
18219,2021-05-29 03:00:00+00:00,416.6,5.95,uppsala,5f9fe38afd517828962fde29
18220,2021-05-29 04:00:00+00:00,610.0,10.34,uppsala,5f9fe38afd517828962fde29
18221,2021-05-29 05:00:00+00:00,716.8,15.08,uppsala,5f9fe38afd517828962fde29
18222,2021-05-29 06:00:00+00:00,797.8,18.59,uppsala,5f9fe38afd517828962fde29
18223,2021-05-29 07:00:00+00:00,840.0,20.77,uppsala,5f9fe38afd517828962fde29
18224,2021-05-29 08:00:00+00:00,868.5,21.62,uppsala,5f9fe38afd517828962fde29
18225,2021-05-29 09:00:00+00:00,889.7,20.08,uppsala,5f9fe38afd517828962fde29
18226,2021-05-29 10:00:00+00:00,899.5,18.0,uppsala,5f9fe38afd517828962fde29
18227,2021-05-29 11:00:00+00:00,897.7,14.05,uppsala,5f9fe38afd517828962fde29
18228,2021-05-29 12:00:00+00:00,898.7,16.61,uppsala,5f9fe38afd517828962fde29
18229,2021-05-29 13:00:00+00:00,898.2,15.67,uppsala,5f9fe38afd517828962fde29
18230,2021-05-29 14:00:00+00:00,879.8,13.86,uppsala,5f9fe38afd517828962fde29
18231,2021-05-29 15:00:00+00:00,783.5,10.7,uppsala,5f9fe38afd517828962fde29
18232,2021-05-29 16:00:00+00:00,720.9,8.2,uppsala,5f9fe38afd517828962fde29
18233,2021-05-29 17:00:00+00:00,620.0,6.47,uppsala,5f9fe38afd517828962fde29
18234,2021-05-29 18:00:00+00:00,462.0,3.71,uppsala,5f9fe38afd517828962fde29
18235,2021-05-29 19:00:00+00:00,198.0,0.44,uppsala,5f9fe38afd517828962fde29
18236,2021-05-29 20:00:00+00:00,0.0,0.0,uppsala,5f9fe38afd517828962fde29
18237,2021-05-29 21:00:00+00:00,0.0,0.0,uppsala,5f9fe38afd517828962fde29
18238,2021-05-29 22:00:00+00:00,0.0,0.0,uppsala,5f9fe38afd517828962fde29
18239,2021-05-29 23:00:00+00:00,0.0,0.0,uppsala,5f9fe38afd517828962fde29
18240,2021-05-30 00:00:00+00:00,0.0,0.0,uppsala,5f9fe38afd517828962fde29
18241,2021-05-30 01:00:00+00:00,0.0,0.01,uppsala,5f9fe38afd517828962fde29
18242,2021-05-30 02:00:00+00:00,14.0,2.03,uppsala,5f9fe38afd517828962fde29
18243,2021-05-30 03:00:00+00:00,351.6,6.25,uppsala,5f9fe38afd517828962fde29
18244,2021-05-30 04:00:00+00:00,594.7,10.26,uppsala,5f9fe38afd517828962fde29
18245,2021-05-30 05:00:00+00:00,737.8,14.99,uppsala,5f9fe38afd517828962fde29
18246,2021-05-30 06:00:00+00:00,817.5,18.49,uppsala,5f9fe38afd517828962fde29
18247,2021-05-30 07:00:00+00:00,866.8,20.73,uppsala,5f9fe38afd517828962fde29
18248,2021-05-30 08:00:00+00:00,900.2,21.46,uppsala,5f9fe38afd517828962fde29
18249,2021-05-30 09:00:00+00:00,924.1,20.87,uppsala,5f9fe38afd517828962fde29
18250,2021-05-30 10:00:00+00:00,934.7,20.06,uppsala,5f9fe38afd517828962fde29
18251,2021-05-30 11:00:00+00:00,927.4,15.76,uppsala,5f9fe38afd517828962fde29
18252,2021-05-30 12:00:00+00:00,910.0,16.32,uppsala,5f9fe38afd517828962fde29
18253,2021-05-30 13:00:00+00:00,891.9,15.64,uppsala,5f9fe38afd517828962fde29
18254,2021-05-30 14:00:00+00:00,851.9,13.81,uppsala,5f9fe38afd517828962fde29
18255,2021-05-30 15:00:00+00:00,818.7,10.61,uppsala,5f9fe38afd517828962fde29
18256,2021-05-30 16:00:00+00:00,749.7,8.03,uppsala,5f9fe38afd517828962fde29
18257,2021-05-30 17:00:00+00:00,644.2,6.42,uppsala,5f9fe38afd517828962fde29
18258,2021-05-30 18:00:00+00:00,477.7,3.6,uppsala,5f9fe38afd517828962fde29
18259,2021-05-30 19:00:00+00:00,214.7,0.32,uppsala,5f9fe38afd517828962fde29
18260,2021-05-30 20:00:00+00:00,0.0,0.0,uppsala,5f9fe38afd517828962fde29
18261,2021-05-30 21:00:00+00:00,0.0,0.0,uppsala,5f9fe38afd517828962fde29
18262,2021-05-30 22:00:00+00:00,0.0,0.0,uppsala,5f9fe38afd517828962fde29
18263,2021-05-30 23:00:00+00:00,0.0,0.0,uppsala,5f9fe38afd517828962fde29
18264,2021-05-31 00:00:00+00:00,0.0,0.0,uppsala,5f9fe38afd517828962fde29
18265,2021-05-31 01:00:00+00:00,0.0,0.0,uppsala,5f9fe38afd517828962fde29
18266,2021-05-31 02:00:00+00:00,38.2,0.41,uppsala,5f9fe38afd517828962fde29
18267,2021-05-31 03:00:00+00:00,0.0,2.48,uppsala,5f9fe38afd517828962fde29
18268,2021-05-31 04:00:00+00:00,531.6,6.93,uppsala,5f9fe38afd517828962fde29
18269,2021-05-31 05:00:00+00:00,664.8,9.6,uppsala,5f9fe38afd517828962fde29
18270,2021-05-31 06:00:00+00:00,739.8,12.78,uppsala,5f9fe38afd517828962fde29
18271,2021-05-31 07:00:00+00:00,111.1,16.2,uppsala,5f9fe38afd517828962fde29
18272,2021-05-31 08:00:00+00:00,559.2,12.8,uppsala,5f9fe38afd517828962fde29
18273,2021-05-31 09:00:00+00:00,500.1,9.98,uppsala,5f9fe38afd517828962fde29
18274,2021-05-31 10:00:00+00:00,170.1,19.14,uppsala,5f9fe38afd517828962fde29
18275,2021-05-31 11:00:00+00:00,111.2,13.19,uppsala,5f9fe38afd517828962fde29
18276,2021-05-31 12:00:00+00:00,583.2,4.64,uppsala,5f9fe38afd517828962fde29
18277,2021-05-31 13:00:00+00:00,8.5,3.74,uppsala,5f9fe38afd517828962fde29
18278,2021-05-31 14:00:00+00:00,129.0,3.12,uppsala,5f9fe38afd517828962fde29
18279,2021-05-31 15:00:00+00:00,99.3,4.1,uppsala,5f9fe38afd517828962fde29
18280,2021-05-31 16:00:00+00:00,4.6,3.81,uppsala,5f9fe38afd517828962fde29
18281,2021-05-31 17:00:00+00:00,188.4,3.7,uppsala,5f9fe38afd517828962fde29
18282,2021-05-31 18:00:00+00:00,375.0,1.09,uppsala,5f9fe38afd517828962fde29
18283,2021-05-31 19:00:00+00:00,136.2,0.07,uppsala,5f9fe38afd517828962fde29
18284,2021-05-31 20:00:00+00:00,0.0,0.0,uppsala,5f9fe38afd517828962fde29
18285,2021-05-31 21:00:00+00:00,0.0,0.0,uppsala,5f9fe38afd517828962fde29
18286,2021-05-31 22:00:00+00:00,0.0,0.0,uppsala,5f9fe38afd517828962fde29
18287,2021-05-31 23:00:00+00:00,0.0,0.0,uppsala,5f9fe38afd517828962fde29
18288,2021-06-01 00:00:00+00:00,0.0,0.0,uppsala,5f9fe38afd517828962fde29
18289,2021-06-01 01:00:00+00:00,0.0,0.03,uppsala,5f9fe38afd517828962fde29
18290,2021-06-01 02:00:00+00:00,58.4,2.38,uppsala,5f9fe38afd517828962fde29
18291,2021-06-01 03:00:00+00:00,421.1,6.59,uppsala,5f9fe38afd517828962fde29
18292,2021-06-01 04:00:00+00:00,622.8,10.46,uppsala,5f9fe38afd517828962fde29
18293,2021-06-01 05:00:00+00:00,706.8,13.32,uppsala,5f9fe38afd517828962fde29
18294,2021-06-01 06:00:00+00:00,603.0,18.94,uppsala,5f9fe38afd517828962fde29
18295,2021-06-01 07:00:00+00:00,850.3,18.75,uppsala,5f9fe38afd517828962fde29
18296,2021-06-01 08:00:00+00:00,551.5,18.74,uppsala,5f9fe38afd517828962fde29
18297,2021-06-01 09:00:00+00:00,831.4,21.11,uppsala,5f9fe38afd517828962fde29
18298,2021-06-01 10:00:00+00:00,814.8,19.38,uppsala,5f9fe38afd517828962fde29
18299,2021-06-01 11:00:00+00:00,919.2,15.76,uppsala,5f9fe38afd517828962fde29
18300,2021-06-01 12:00:00+00:00,701.7,12.31,uppsala,5f9fe38afd517828962fde29
18301,2021-06-01 13:00:00+00:00,835.3,13.85,uppsala,5f9fe38afd517828962fde29
18302,2021-06-01 14:00:00+00:00,478.2,11.97,uppsala,5f9fe38afd517828962fde29
18303,2021-06-01 15:00:00+00:00,763.5,9.32,uppsala,5f9fe38afd517828962fde29
18304,2021-06-01 16:00:00+00:00,697.2,6.97,uppsala,5f9fe38afd517828962fde29
18305,2021-06-01 17:00:00+00:00,618.3,6.1,uppsala,5f9fe38afd517828962fde29
18306,2021-06-01 18:00:00+00:00,469.9,3.73,uppsala,5f9fe38afd517828962fde29
18307,2021-06-01 19:00:00+00:00,229.1,0.48,uppsala,5f9fe38afd517828962fde29
18308,2021-06-01 20:00:00+00:00,0.0,0.0,uppsala,5f9fe38afd517828962fde29
18309,2021-06-01 21:00:00+00:00,0.0,0.0,uppsala,5f9fe38afd517828962fde29
18310,2021-06-01 22:00:00+00:00,0.0,0.0,uppsala,5f9fe38afd517828962fde29
18311,2021-06-01 23:00:00+00:00,0.0,0.0,uppsala,5f9fe38afd517828962fde29
18312,2021-06-02 00:00:00+00:00,0.0,0.0,uppsala,5f9fe38afd517828962fde29
18313,2021-06-02 01:00:00+00:00,0.0,0.04,uppsala,5f9fe38afd517828962fde29
18314,2021-06-02 02:00:00+00:00,24.4,2.16,uppsala,5f9fe38afd517828962fde29
18315,2021-06-02 03:00:00+00:00,294.6,4.95,uppsala,5f9fe38afd517828962fde29
18316,2021-06-02 04:00:00+00:00,506.2,9.19,uppsala,5f9fe38afd517828962fde29
18317,2021-06-02 05:00:00+00:00,641.8,14.84,uppsala,5f9fe38afd517828962fde29
18318,2021-06-02 06:00:00+00:00,730.5,18.18,uppsala,5f9fe38afd517828962fde29
18319,2021-06-02 07:00:00+00:00,799.0,20.45,uppsala,5f9fe38afd517828962fde29
18320,2021-06-02 08:00:00+00:00,836.9,21.41,uppsala,5f9fe38afd517828962fde29
18321,2021-06-02 09:00:00+00:00,862.2,18.03,uppsala,5f9fe38afd517828962fde29
18322,2021-06-02 10:00:00+00:00,553.4,11.44,uppsala,5f9fe38afd517828962fde29
18323,2021-06-02 11:00:00+00:00,506.4,12.47,uppsala,5f9fe38afd517828962fde29
18324,2021-06-02 12:00:00+00:00,140.0,14.99,uppsala,5f9fe38afd517828962fde29
18325,2021-06-02 13:00:00+00:00,76.9,15.65,uppsala,5f9fe38afd517828962fde29
18326,2021-06-02 14:00:00+00:00,783.8,10.35,uppsala,5f9fe38afd517828962fde29
18327,2021-06-02 15:00:00+00:00,519.9,9.35,uppsala,5f9fe38afd517828962fde29
18328,2021-06-02 16:00:00+00:00,649.6,6.53,uppsala,5f9fe38afd517828962fde29
18329,2021-06-02 17:00:00+00:00,637.2,5.83,uppsala,5f9fe38afd517828962fde29
18330,2021-06-02 18:00:00+00:00,495.8,3.64,uppsala,5f9fe38afd517828962fde29
18331,2021-06-02 19:00:00+00:00,259.3,0.54,uppsala,5f9fe38afd517828962fde29
18332,2021-06-02 20:00:00+00:00,0.0,0.0,uppsala,5f9fe38afd517828962fde29
18333,2021-06-02 21:00:00+00:00,0.0,0.0,uppsala,5f9fe38afd517828962fde29
18334,2021-06-02 22:00:00+00:00,0.0,0.0,uppsala,5f9fe38afd517828962fde29
18335,2021-06-02 23:00:00+00:00,0.0,0.0,uppsala,5f9fe38afd517828962fde29
18336,2021-06-03 00:00:00+00:00,0.0,0.0,uppsala,5f9fe38afd517828962fde29
18337,2021-06-03 01:00:00+00:00,0.0,0.0,uppsala,5f9fe38afd517828962fde29
18338,2021-06-03 02:00:00+00:00,66.9,2.04,uppsala,5f9fe38afd517828962fde29
18339,2021-06-03 03:00:00+00:00,391.8,6.09,uppsala,5f9fe38afd517828962fde29
18340,2021-06-03 04:00:00+00:00,591.7,9.79,uppsala,5f9fe38afd517828962fde29
18341,2021-06-03 05:00:00+00:00,715.9,13.48,uppsala,5f9fe38afd517828962fde29
18342,2021-06-03 06:00:00+00:00,796.3,17.7,uppsala,5f9fe38afd517828962fde29
18343,2021-06-03 07:00:00+00:00,849.9,19.86,uppsala,5f9fe38afd517828962fde29
18344,2021-06-03 08:00:00+00:00,876.6,20.98,uppsala,5f9fe38afd517828962fde29
18345,2021-06-03 09:00:00+00:00,898.2,19.05,uppsala,5f9fe38afd517828962fde29
18346,2021-06-03 10:00:00+00:00,898.3,18.14,uppsala,5f9fe38afd517828962fde29
18347,2021-06-03 11:00:00+00:00,676.0,7.66,uppsala,5f9fe38afd517828962fde29
18348,2021-06-03 12:00:00+00:00,86.6,8.72,uppsala,5f9fe38afd517828962fde29
18349,2021-06-03 13:00:00+00:00,56.2,14.66,uppsala,5f9fe38afd517828962fde29
18350,2021-06-03 14:00:00+00:00,8.2,7.76,uppsala,5f9fe38afd517828962fde29
18351,2021-06-03 15:00:00+00:00,725.7,3.69,uppsala,5f9fe38afd517828962fde29
18352,2021-06-03 16:00:00+00:00,356.4,5.2,uppsala,5f9fe38afd517828962fde29
18353,2021-06-03 17:00:00+00:00,179.1,5.88,uppsala,5f9fe38afd517828962fde29
18354,2021-06-03 18:00:00+00:00,471.5,3.36,uppsala,5f9fe38afd517828962fde29
18355,2021-06-03 19:00:00+00:00,218.7,0.39,uppsala,5f9fe38afd517828962fde29
18356,2021-06-03 20:00:00+00:00,0.0,0.0,uppsala,5f9fe38afd517828962fde29
18357,2021-06-03 21:00:00+00:00,0.0,0.0,uppsala,5f9fe38afd517828962fde29
18358,2021-06-03 22:00:00+00:00,0.0,0.0,uppsala,5f9fe38afd517828962fde29
18359,2021-06-03 23:00:00+00:00,0.0,0.0,uppsala,5f9fe38afd517828962fde29
18360,2021-06-04 00:00:00+00:00,0.0,0.0,uppsala,5f9fe38afd517828962fde29
18361,2021-06-04 01:00:00+00:00,0.0,0.0,uppsala,5f9fe38afd517828962fde29
18362,2021-06-04 02:00:00+00:00,47.3,2.12,uppsala,5f9fe38afd517828962fde29
18363,2021-06-04 03:00:00+00:00,346.0,6.23,uppsala,5f9fe38afd517828962fde29
18364,2021-06-04 04:00:00+00:00,541.9,9.86,uppsala,5f9fe38afd517828962fde29
18365,2021-06-04 05:00:00+00:00,670.6,11.89,uppsala,5f9fe38afd517828962fde29
18366,2021-06-04 06:00:00+00:00,754.8,17.27,uppsala,5f9fe38afd517828962fde29
18367,2021-06-04 07:00:00+00:00,818.0,20.51,uppsala,5f9fe38afd517828962fde29
18368,2021-06-04 08:00:00+00:00,856.1,21.49,uppsala,5f9fe38afd517828962fde29
18369,2021-06-04 09:00:00+00:00,872.7,21.01,uppsala,5f9fe38afd517828962fde29
18370,2021-06-04 10:00:00+00:00,848.7,21.67,uppsala,5f9fe38afd517828962fde29
18371,2021-06-04 11:00:00+00:00,543.2,14.16,uppsala,5f9fe38afd517828962fde29
18372,2021-06-04 12:00:00+00:00,10.5,9.42,uppsala,5f9fe38afd517828962fde29
18373,2021-06-04 13:00:00+00:00,33.3,6.23,uppsala,5f9fe38afd517828962fde29
18374,2021-06-04 14:00:00+00:00,8.8,13.66,uppsala,5f9fe38afd517828962fde29
18375,2021-06-04 15:00:00+00:00,9.4,2.56,uppsala,5f9fe38afd517828962fde29
18376,2021-06-04 16:00:00+00:00,11.2,6.14,uppsala,5f9fe38afd517828962fde29
18377,2021-06-04 17:00:00+00:00,288.0,6.07,uppsala,5f9fe38afd517828962fde29
18378,2021-06-04 18:00:00+00:00,294.2,3.3,uppsala,5f9fe38afd517828962fde29
18379,2021-06-04 19:00:00+00:00,105.2,0.46,uppsala,5f9fe38afd517828962fde29
18380,2021-06-04 20:00:00+00:00,0.0,0.0,uppsala,5f9fe38afd517828962fde29
18381,2021-06-04 21:00:00+00:00,0.0,0.0,uppsala,5f9fe38afd517828962fde29
18382,2021-06-04 22:00:00+00:00,0.0,0.0,uppsala,5f9fe38afd517828962fde29
18383,2021-06-04 23:00:00+00:00,0.0,0.0,uppsala,5f9fe38afd517828962fde29
18384,2021-06-05 00:00:00+00:00,0.0,0.0,uppsala,5f9fe38afd517828962fde29
18385,2021-06-05 01:00:00+00:00,0.0,0.0,uppsala,5f9fe38afd517828962fde29
18386,2021-06-05 02:00:00+00:00,0.5,0.94,uppsala,5f9fe38afd517828962fde29
18387,2021-06-05 03:00:00+00:00,174.1,5.62,uppsala,5f9fe38afd517828962fde29
18388,2021-06-05 04:00:00+00:00,157.9,9.74,uppsala,5f9fe38afd517828962fde29
18389,2021-06-05 05:00:00+00:00,528.1,14.22,uppsala,5f9fe38afd517828962fde29
18390,2021-06-05 06:00:00+00:00,639.1,17.56,uppsala,5f9fe38afd517828962fde29
18391,2021-06-05 07:00:00+00:00,713.0,19.84,uppsala,5f9fe38afd517828962fde29
18392,2021-06-05 08:00:00+00:00,771.3,20.72,uppsala,5f9fe38afd517828962fde29
18393,2021-06-05 09:00:00+00:00,804.9,20.21,uppsala,5f9fe38afd517828962fde29
18394,2021-06-05 10:00:00+00:00,834.0,19.33,uppsala,5f9fe38afd517828962fde29
18395,2021-06-05 11:00:00+00:00,834.1,15.71,uppsala,5f9fe38afd517828962fde29
18396,2021-06-05 12:00:00+00:00,824.2,16.1,uppsala,5f9fe38afd517828962fde29
18397,2021-06-05 13:00:00+00:00,802.8,15.47,uppsala,5f9fe38afd517828962fde29
18398,2021-06-05 14:00:00+00:00,748.5,13.33,uppsala,5f9fe38afd517828962fde29
18399,2021-06-05 15:00:00+00:00,718.6,10.37,uppsala,5f9fe38afd517828962fde29
18400,2021-06-05 16:00:00+00:00,675.0,7.55,uppsala,5f9fe38afd517828962fde29
18401,2021-06-05 17:00:00+00:00,569.3,5.79,uppsala,5f9fe38afd517828962fde29
18402,2021-06-05 18:00:00+00:00,393.6,3.22,uppsala,5f9fe38afd517828962fde29
18403,2021-06-05 19:00:00+00:00,162.9,0.44,uppsala,5f9fe38afd517828962fde29
18404,2021-06-05 20:00:00+00:00,0.0,0.0,uppsala,5f9fe38afd517828962fde29
18405,2021-06-05 21:00:00+00:00,0.0,0.0,uppsala,5f9fe38afd517828962fde29
18406,2021-06-05 22:00:00+00:00,0.0,0.0,uppsala,5f9fe38afd517828962fde29
18407,2021-06-05 23:00:00+00:00,0.0,7.776,uppsala,5f9fe38afd517828962fde29
18408,2021-06-06 00:00:00+00:00,0.0,7.776,uppsala,5f9fe38afd517828962fde29
18409,2021-06-06 01:00:00+00:00,0.0,7.776,uppsala,5f9fe38afd517828962fde29
18410,2021-06-06 02:00:00+00:00,8.6,7.776,uppsala,5f9fe38afd517828962fde29
18411,2021-06-06 03:00:00+00:00,125.6,7.776,uppsala,5f9fe38afd517828962fde29
18412,2021-06-06 04:00:00+00:00,439.6,7.776,uppsala,5f9fe38afd517828962fde29
18413,2021-06-06 05:00:00+00:00,578.8,7.776,uppsala,5f9fe38afd517828962fde29
18414,2021-06-06 06:00:00+00:00,650.6,7.776,uppsala,5f9fe38afd517828962fde29
18415,2021-06-06 07:00:00+00:00,718.6,7.776,uppsala,5f9fe38afd517828962fde29
18416,2021-06-06 08:00:00+00:00,7.7,7.776,uppsala,5f9fe38afd517828962fde29
18417,2021-06-06 09:00:00+00:00,80.5,7.776,uppsala,5f9fe38afd517828962fde29
18418,2021-06-06 10:00:00+00:00,720.7,7.776,uppsala,5f9fe38afd517828962fde29
18419,2021-06-06 11:00:00+00:00,734.3,7.776,uppsala,5f9fe38afd517828962fde29
18420,2021-06-06 12:00:00+00:00,602.6,7.776,uppsala,5f9fe38afd517828962fde29
18421,2021-06-06 13:00:00+00:00,136.0,7.776,uppsala,5f9fe38afd517828962fde29
18422,2021-06-06 14:00:00+00:00,743.9,7.776,uppsala,5f9fe38afd517828962fde29
18423,2021-06-06 15:00:00+00:00,663.1,7.776,uppsala,5f9fe38afd517828962fde29
18424,2021-06-06 16:00:00+00:00,583.0,7.776,uppsala,5f9fe38afd517828962fde29
18425,2021-06-06 17:00:00+00:00,458.8,7.776,uppsala,5f9fe38afd517828962fde29
18426,2021-06-06 18:00:00+00:00,298.0,7.776,uppsala,5f9fe38afd517828962fde29
18427,2021-06-06 19:00:00+00:00,101.3,7.776,uppsala,5f9fe38afd517828962fde29
18428,2021-06-06 20:00:00+00:00,0.0,7.776,uppsala,5f9fe38afd517828962fde29
18429,2021-06-06 21:00:00+00:00,0.0,7.776,uppsala,5f9fe38afd517828962fde29
18430,2021-06-06 22:00:00+00:00,0.0,7.776,uppsala,5f9fe38afd517828962fde29
18431,2021-06-06 23:00:00+00:00,0.0,7.776,uppsala,5f9fe38afd517828962fde29
18432,2021-06-07 00:00:00+00:00,0.0,0.0,uppsala,5f9fe38afd517828962fde29
18433,2021-06-07 01:00:00+00:00,0.0,0.0,uppsala,5f9fe38afd517828962fde29
18434,2021-06-07 02:00:00+00:00,1.4,0.25,uppsala,5f9fe38afd517828962fde29
18435,2021-06-07 03:00:00+00:00,188.7,3.49,uppsala,5f9fe38afd517828962fde29
18436,2021-06-07 04:00:00+00:00,2.9,7.26,uppsala,5f9fe38afd517828962fde29
18437,2021-06-07 05:00:00+00:00,518.8,10.61,uppsala,5f9fe38afd517828962fde29
18438,2021-06-07 06:00:00+00:00,567.0,15.9,uppsala,5f9fe38afd517828962fde29
18439,2021-06-07 07:00:00+00:00,310.9,18.83,uppsala,5f9fe38afd517828962fde29
18440,2021-06-07 08:00:00+00:00,121.7,16.43,uppsala,5f9fe38afd517828962fde29
18441,2021-06-07 09:00:00+00:00,690.5,18.43,uppsala,5f9fe38afd517828962fde29
18442,2021-06-07 10:00:00+00:00,743.1,12.49,uppsala,5f9fe38afd517828962fde29
18443,2021-06-07 11:00:00+00:00,103.1,11.44,uppsala,5f9fe38afd517828962fde29
18444,2021-06-07 12:00:00+00:00,227.3,9.16,uppsala,5f9fe38afd517828962fde29
18445,2021-06-07 13:00:00+00:00,337.6,7.91,uppsala,5f9fe38afd517828962fde29
18446,2021-06-07 14:00:00+00:00,68.4,9.47,uppsala,5f9fe38afd517828962fde29
18447,2021-06-07 15:00:00+00:00,46.9,5.32,uppsala,5f9fe38afd517828962fde29
18448,2021-06-07 16:00:00+00:00,0.8,0.99,uppsala,5f9fe38afd517828962fde29
18449,2021-06-07 17:00:00+00:00,0.0,0.05,uppsala,5f9fe38afd517828962fde29
18450,2021-06-07 18:00:00+00:00,0.0,0.05,uppsala,5f9fe38afd517828962fde29
18451,2021-06-07 19:00:00+00:00,0.0,0.02,uppsala,5f9fe38afd517828962fde29
18452,2021-06-07 20:00:00+00:00,0.0,0.0,uppsala,5f9fe38afd517828962fde29
18453,2021-06-07 21:00:00+00:00,0.0,0.0,uppsala,5f9fe38afd517828962fde29
18454,2021-06-07 22:00:00+00:00,0.0,0.0,uppsala,5f9fe38afd517828962fde29
18455,2021-06-07 23:00:00+00:00,0.0,0.0,uppsala,5f9fe38afd517828962fde29
18456,2021-06-08 00:00:00+00:00,0.0,0.0,uppsala,5f9fe38afd517828962fde29
18457,2021-06-08 01:00:00+00:00,0.0,0.0,uppsala,5f9fe38afd517828962fde29
18458,2021-06-08 02:00:00+00:00,0.0,0.0,uppsala,5f9fe38afd517828962fde29
18459,2021-06-08 03:00:00+00:00,0.0,0.15,uppsala,5f9fe38afd517828962fde29
18460,2021-06-08 04:00:00+00:00,7.6,1.11,uppsala,5f9fe38afd517828962fde29
18461,2021-06-08 05:00:00+00:00,1.2,3.25,uppsala,5f9fe38afd517828962fde29
18462,2021-06-08 06:00:00+00:00,4.1,11.46,uppsala,5f9fe38afd517828962fde29
18463,2021-06-08 07:00:00+00:00,6.1,8.2,uppsala,5f9fe38afd517828962fde29
18464,2021-06-08 08:00:00+00:00,244.9,5.3,uppsala,5f9fe38afd517828962fde29
18465,2021-06-08 09:00:00+00:00,26.6,9.93,uppsala,5f9fe38afd517828962fde29
18466,2021-06-08 10:00:00+00:00,9.4,9.26,uppsala,5f9fe38afd517828962fde29
18467,2021-06-08 11:00:00+00:00,204.3,2.69,uppsala,5f9fe38afd517828962fde29
18468,2021-06-08 12:00:00+00:00,32.0,5.39,uppsala,5f9fe38afd517828962fde29
18469,2021-06-08 13:00:00+00:00,8.8,4.75,uppsala,5f9fe38afd517828962fde29
18470,2021-06-08 14:00:00+00:00,7.7,4.81,uppsala,5f9fe38afd517828962fde29
18471,2021-06-08 15:00:00+00:00,240.4,8.37,uppsala,5f9fe38afd517828962fde29
18472,2021-06-08 16:00:00+00:00,13.2,7.18,uppsala,5f9fe38afd517828962fde29
18473,2021-06-08 17:00:00+00:00,145.9,2.08,uppsala,5f9fe38afd517828962fde29
18474,2021-06-08 18:00:00+00:00,1.8,0.63,uppsala,5f9fe38afd517828962fde29
18475,2021-06-08 19:00:00+00:00,0.0,0.04,uppsala,5f9fe38afd517828962fde29
18476,2021-06-08 20:00:00+00:00,0.0,0.0,uppsala,5f9fe38afd517828962fde29
18477,2021-06-08 21:00:00+00:00,0.0,0.0,uppsala,5f9fe38afd517828962fde29
18478,2021-06-08 22:00:00+00:00,0.0,0.0,uppsala,5f9fe38afd517828962fde29
18479,2021-06-08 23:00:00+00:00,0.0,0.0,uppsala,5f9fe38afd517828962fde29
18480,2021-06-09 00:00:00+00:00,0.0,0.0,uppsala,5f9fe38afd517828962fde29
18481,2021-06-09 01:00:00+00:00,0.0,0.02,uppsala,5f9fe38afd517828962fde29
18482,2021-06-09 02:00:00+00:00,0.0,0.65,uppsala,5f9fe38afd517828962fde29
18483,2021-06-09 03:00:00+00:00,90.3,3.29,uppsala,5f9fe38afd517828962fde29
18484,2021-06-09 04:00:00+00:00,0.0,4.24,uppsala,5f9fe38afd517828962fde29
18485,2021-06-09 05:00:00+00:00,0.0,9.26,uppsala,5f9fe38afd517828962fde29
18486,2021-06-09 06:00:00+00:00,1.8,16.58,uppsala,5f9fe38afd517828962fde29
18487,2021-06-09 07:00:00+00:00,547.3,19.43,uppsala,5f9fe38afd517828962fde29
18488,2021-06-09 08:00:00+00:00,605.1,6.82,uppsala,5f9fe38afd517828962fde29
18489,2021-06-09 09:00:00+00:00,26.6,9.69,uppsala,5f9fe38afd517828962fde29
18490,2021-06-09 10:00:00+00:00,127.9,11.34,uppsala,5f9fe38afd517828962fde29
18491,2021-06-09 11:00:00+00:00,7.2,11.33,uppsala,5f9fe38afd517828962fde29
18492,2021-06-09 12:00:00+00:00,69.4,9.95,uppsala,5f9fe38afd517828962fde29
18493,2021-06-09 13:00:00+00:00,481.5,9.81,uppsala,5f9fe38afd517828962fde29
18494,2021-06-09 14:00:00+00:00,8.2,3.51,uppsala,5f9fe38afd517828962fde29
18495,2021-06-09 15:00:00+00:00,161.0,3.42,uppsala,5f9fe38afd517828962fde29
18496,2021-06-09 16:00:00+00:00,27.5,8.22,uppsala,5f9fe38afd517828962fde29
18497,2021-06-09 17:00:00+00:00,244.4,6.53,uppsala,5f9fe38afd517828962fde29
18498,2021-06-09 18:00:00+00:00,155.0,1.17,uppsala,5f9fe38afd517828962fde29
18499,2021-06-09 19:00:00+00:00,80.1,0.0,uppsala,5f9fe38afd517828962fde29
18500,2021-06-09 20:00:00+00:00,0.0,0.0,uppsala,5f9fe38afd517828962fde29
18501,2021-06-09 21:00:00+00:00,0.0,0.0,uppsala,5f9fe38afd517828962fde29
18502,2021-06-09 22:00:00+00:00,0.0,0.0,uppsala,5f9fe38afd517828962fde29
18503,2021-06-09 23:00:00+00:00,0.0,0.0,uppsala,5f9fe38afd517828962fde29
18504,2021-06-10 00:00:00+00:00,0.0,0.0,uppsala,5f9fe38afd517828962fde29
18505,2021-06-10 01:00:00+00:00,0.0,0.0,uppsala,5f9fe38afd517828962fde29
18506,2021-06-10 02:00:00+00:00,1.7000000000000002,0.16,uppsala,5f9fe38afd517828962fde29
18507,2021-06-10 03:00:00+00:00,63.1,2.88,uppsala,5f9fe38afd517828962fde29
18508,2021-06-10 04:00:00+00:00,362.6,9.6,uppsala,5f9fe38afd517828962fde29
18509,2021-06-10 05:00:00+00:00,535.2,14.18,uppsala,5f9fe38afd517828962fde29
18510,2021-06-10 06:00:00+00:00,660.9,17.7,uppsala,5f9fe38afd517828962fde29
18511,2021-06-10 07:00:00+00:00,733.0,20.09,uppsala,5f9fe38afd517828962fde29
18512,2021-06-10 08:00:00+00:00,784.9,21.11,uppsala,5f9fe38afd517828962fde29
18513,2021-06-10 09:00:00+00:00,816.8,20.57,uppsala,5f9fe38afd517828962fde29
18514,2021-06-10 10:00:00+00:00,836.3,16.24,uppsala,5f9fe38afd517828962fde29
18515,2021-06-10 11:00:00+00:00,846.6,13.58,uppsala,5f9fe38afd517828962fde29
18516,2021-06-10 12:00:00+00:00,846.4,15.89,uppsala,5f9fe38afd517828962fde29
18517,2021-06-10 13:00:00+00:00,812.9,15.17,uppsala,5f9fe38afd517828962fde29
18518,2021-06-10 14:00:00+00:00,759.0,13.45,uppsala,5f9fe38afd517828962fde29
18519,2021-06-10 15:00:00+00:00,777.6,10.39,uppsala,5f9fe38afd517828962fde29
18520,2021-06-10 16:00:00+00:00,716.4,7.91,uppsala,5f9fe38afd517828962fde29
18521,2021-06-10 17:00:00+00:00,621.1,6.11,uppsala,5f9fe38afd517828962fde29
18522,2021-06-10 18:00:00+00:00,487.2,2.29,uppsala,5f9fe38afd517828962fde29
18523,2021-06-10 19:00:00+00:00,269.3,0.69,uppsala,5f9fe38afd517828962fde29
18524,2021-06-10 20:00:00+00:00,0.1,0.0,uppsala,5f9fe38afd517828962fde29
18525,2021-06-10 21:00:00+00:00,0.0,0.0,uppsala,5f9fe38afd517828962fde29
18526,2021-06-10 22:00:00+00:00,0.0,0.0,uppsala,5f9fe38afd517828962fde29
18527,2021-06-10 23:00:00+00:00,0.0,0.0,uppsala,5f9fe38afd517828962fde29
18528,2021-06-11 00:00:00+00:00,0.0,0.0,uppsala,5f9fe38afd517828962fde29
18529,2021-06-11 01:00:00+00:00,0.0,0.07,uppsala,5f9fe38afd517828962fde29
18530,2021-06-11 02:00:00+00:00,74.9,2.24,uppsala,5f9fe38afd517828962fde29
18531,2021-06-11 03:00:00+00:00,368.9,6.03,uppsala,5f9fe38afd517828962fde29
18532,2021-06-11 04:00:00+00:00,565.1,9.66,uppsala,5f9fe38afd517828962fde29
18533,2021-06-11 05:00:00+00:00,688.1,14.24,uppsala,5f9fe38afd517828962fde29
18534,2021-06-11 06:00:00+00:00,771.4,17.75,uppsala,5f9fe38afd517828962fde29
18535,2021-06-11 07:00:00+00:00,813.6,20.05,uppsala,5f9fe38afd517828962fde29
18536,2021-06-11 08:00:00+00:00,847.3,21.23,uppsala,5f9fe38afd517828962fde29
18537,2021-06-11 09:00:00+00:00,867.7,21.25,uppsala,5f9fe38afd517828962fde29
18538,2021-06-11 10:00:00+00:00,870.4,20.83,uppsala,5f9fe38afd517828962fde29
18539,2021-06-11 11:00:00+00:00,775.0,15.99,uppsala,5f9fe38afd517828962fde29
18540,2021-06-11 12:00:00+00:00,521.3,14.74,uppsala,5f9fe38afd517828962fde29
18541,2021-06-11 13:00:00+00:00,244.8,13.86,uppsala,5f9fe38afd517828962fde29
18542,2021-06-11 14:00:00+00:00,32.3,11.36,uppsala,5f9fe38afd517828962fde29
18543,2021-06-11 15:00:00+00:00,4.1,7.85,uppsala,5f9fe38afd517828962fde29
18544,2021-06-11 16:00:00+00:00,1.5,7.35,uppsala,5f9fe38afd517828962fde29
18545,2021-06-11 17:00:00+00:00,147.1,7.05,uppsala,5f9fe38afd517828962fde29
18546,2021-06-11 18:00:00+00:00,79.0,2.21,uppsala,5f9fe38afd517828962fde29
18547,2021-06-11 19:00:00+00:00,0.1,0.05,uppsala,5f9fe38afd517828962fde29
18548,2021-06-11 20:00:00+00:00,0.0,0.0,uppsala,5f9fe38afd517828962fde29
18549,2021-06-11 21:00:00+00:00,0.0,0.0,uppsala,5f9fe38afd517828962fde29
18550,2021-06-11 22:00:00+00:00,0.0,0.0,uppsala,5f9fe38afd517828962fde29
18551,2021-06-11 23:00:00+00:00,0.0,0.0,uppsala,5f9fe38afd517828962fde29
18552,2021-06-12 00:00:00+00:00,0.0,0.0,uppsala,5f9fe38afd517828962fde29
18553,2021-06-12 01:00:00+00:00,0.0,0.0,uppsala,5f9fe38afd517828962fde29
18554,2021-06-12 02:00:00+00:00,0.0,0.0,uppsala,5f9fe38afd517828962fde29
18555,2021-06-12 03:00:00+00:00,9.7,0.04,uppsala,5f9fe38afd517828962fde29
18556,2021-06-12 04:00:00+00:00,16.1,0.38,uppsala,5f9fe38afd517828962fde29
18557,2021-06-12 05:00:00+00:00,2.5,2.07,uppsala,5f9fe38afd517828962fde29
18558,2021-06-12 06:00:00+00:00,6.7,6.75,uppsala,5f9fe38afd517828962fde29
18559,2021-06-12 07:00:00+00:00,7.6,11.7,uppsala,5f9fe38afd517828962fde29
18560,2021-06-12 08:00:00+00:00,65.6,14.85,uppsala,5f9fe38afd517828962fde29
18561,2021-06-12 09:00:00+00:00,330.0,14.28,uppsala,5f9fe38afd517828962fde29
18562,2021-06-12 10:00:00+00:00,258.1,7.68,uppsala,5f9fe38afd517828962fde29
18563,2021-06-12 11:00:00+00:00,359.7,1.69,uppsala,5f9fe38afd517828962fde29
18564,2021-06-12 12:00:00+00:00,34.1,7.7,uppsala,5f9fe38afd517828962fde29
18565,2021-06-12 13:00:00+00:00,9.7,8.94,uppsala,5f9fe38afd517828962fde29
18566,2021-06-12 14:00:00+00:00,10.2,2.79,uppsala,5f9fe38afd517828962fde29
18567,2021-06-12 15:00:00+00:00,5.9,1.25,uppsala,5f9fe38afd517828962fde29
18568,2021-06-12 16:00:00+00:00,103.0,0.74,uppsala,5f9fe38afd517828962fde29
18569,2021-06-12 17:00:00+00:00,0.4,0.9,uppsala,5f9fe38afd517828962fde29
18570,2021-06-12 18:00:00+00:00,0.0,1.71,uppsala,5f9fe38afd517828962fde29
18571,2021-06-12 19:00:00+00:00,91.4,0.57,uppsala,5f9fe38afd517828962fde29
18572,2021-06-12 20:00:00+00:00,0.0,0.0,uppsala,5f9fe38afd517828962fde29
18573,2021-06-12 21:00:00+00:00,0.0,0.0,uppsala,5f9fe38afd517828962fde29
18574,2021-06-12 22:00:00+00:00,0.0,0.0,uppsala,5f9fe38afd517828962fde29
18575,2021-06-12 23:00:00+00:00,0.0,0.0,uppsala,5f9fe38afd517828962fde29
18576,2021-06-13 00:00:00+00:00,0.0,0.0,uppsala,5f9fe38afd517828962fde29
18577,2021-06-13 01:00:00+00:00,0.0,0.14,uppsala,5f9fe38afd517828962fde29
18578,2021-06-13 02:00:00+00:00,22.6,2.73,uppsala,5f9fe38afd517828962fde29
18579,2021-06-13 03:00:00+00:00,7.9,3.43,uppsala,5f9fe38afd517828962fde29
18580,2021-06-13 04:00:00+00:00,463.4,10.46,uppsala,5f9fe38afd517828962fde29
18581,2021-06-13 05:00:00+00:00,728.7,15.31,uppsala,5f9fe38afd517828962fde29
18582,2021-06-13 06:00:00+00:00,819.0,18.75,uppsala,5f9fe38afd517828962fde29
18583,2021-06-13 07:00:00+00:00,869.0,21.2,uppsala,5f9fe38afd517828962fde29
18584,2021-06-13 08:00:00+00:00,881.8,21.89,uppsala,5f9fe38afd517828962fde29
18585,2021-06-13 09:00:00+00:00,924.3,21.36,uppsala,5f9fe38afd517828962fde29
18586,2021-06-13 10:00:00+00:00,922.1,17.73,uppsala,5f9fe38afd517828962fde29
18587,2021-06-13 11:00:00+00:00,861.7,12.65,uppsala,5f9fe38afd517828962fde29
18588,2021-06-13 12:00:00+00:00,682.8,10.88,uppsala,5f9fe38afd517828962fde29
18589,2021-06-13 13:00:00+00:00,676.6,13.23,uppsala,5f9fe38afd517828962fde29
18590,2021-06-13 14:00:00+00:00,828.9,14.02,uppsala,5f9fe38afd517828962fde29
18591,2021-06-13 15:00:00+00:00,769.7,10.02,uppsala,5f9fe38afd517828962fde29
18592,2021-06-13 16:00:00+00:00,720.8,8.43,uppsala,5f9fe38afd517828962fde29
18593,2021-06-13 17:00:00+00:00,619.5,6.82,uppsala,5f9fe38afd517828962fde29
18594,2021-06-13 18:00:00+00:00,486.1,4.47,uppsala,5f9fe38afd517828962fde29
18595,2021-06-13 19:00:00+00:00,272.5,1.04,uppsala,5f9fe38afd517828962fde29
18596,2021-06-13 20:00:00+00:00,0.0,0.0,uppsala,5f9fe38afd517828962fde29
18597,2021-06-13 21:00:00+00:00,0.0,0.0,uppsala,5f9fe38afd517828962fde29
18598,2021-06-13 22:00:00+00:00,0.0,0.0,uppsala,5f9fe38afd517828962fde29
18599,2021-06-13 23:00:00+00:00,0.0,0.0,uppsala,5f9fe38afd517828962fde29
18600,2021-06-14 00:00:00+00:00,0.0,0.0,uppsala,5f9fe38afd517828962fde29
18601,2021-06-14 01:00:00+00:00,0.0,0.0,uppsala,5f9fe38afd517828962fde29
18602,2021-06-14 02:00:00+00:00,2.2,0.76,uppsala,5f9fe38afd517828962fde29
18603,2021-06-14 03:00:00+00:00,30.1,6.37,uppsala,5f9fe38afd517828962fde29
18604,2021-06-14 04:00:00+00:00,527.4,9.84,uppsala,5f9fe38afd517828962fde29
18605,2021-06-14 05:00:00+00:00,634.4,14.18,uppsala,5f9fe38afd517828962fde29
18606,2021-06-14 06:00:00+00:00,23.8,15.04,uppsala,5f9fe38afd517828962fde29
18607,2021-06-14 07:00:00+00:00,247.5,17.87,uppsala,5f9fe38afd517828962fde29
18608,2021-06-14 08:00:00+00:00,280.0,18.01,uppsala,5f9fe38afd517828962fde29
18609,2021-06-14 09:00:00+00:00,320.3,13.41,uppsala,5f9fe38afd517828962fde29
18610,2021-06-14 10:00:00+00:00,181.0,10.91,uppsala,5f9fe38afd517828962fde29
18611,2021-06-14 11:00:00+00:00,79.0,10.83,uppsala,5f9fe38afd517828962fde29
18612,2021-06-14 12:00:00+00:00,71.5,10.25,uppsala,5f9fe38afd517828962fde29
18613,2021-06-14 13:00:00+00:00,49.3,7.29,uppsala,5f9fe38afd517828962fde29
18614,2021-06-14 14:00:00+00:00,23.3,4.83,uppsala,5f9fe38afd517828962fde29
18615,2021-06-14 15:00:00+00:00,13.6,2.97,uppsala,5f9fe38afd517828962fde29
18616,2021-06-14 16:00:00+00:00,3.5,1.58,uppsala,5f9fe38afd517828962fde29
18617,2021-06-14 17:00:00+00:00,23.3,0.36,uppsala,5f9fe38afd517828962fde29
18618,2021-06-14 18:00:00+00:00,0.0,0.05,uppsala,5f9fe38afd517828962fde29
18619,2021-06-14 19:00:00+00:00,0.0,0.39,uppsala,5f9fe38afd517828962fde29
18620,2021-06-14 20:00:00+00:00,0.1,0.0,uppsala,5f9fe38afd517828962fde29
18621,2021-06-14 21:00:00+00:00,0.0,0.0,uppsala,5f9fe38afd517828962fde29
18622,2021-06-14 22:00:00+00:00,0.0,0.0,uppsala,5f9fe38afd517828962fde29
18623,2021-06-14 23:00:00+00:00,0.0,0.0,uppsala,5f9fe38afd517828962fde29
18624,2021-06-15 00:00:00+00:00,0.0,0.0,uppsala,5f9fe38afd517828962fde29
18625,2021-06-15 01:00:00+00:00,0.0,0.11,uppsala,5f9fe38afd517828962fde29
18626,2021-06-15 02:00:00+00:00,93.1,2.63,uppsala,5f9fe38afd517828962fde29
18627,2021-06-15 03:00:00+00:00,382.3,6.74,uppsala,5f9fe38afd517828962fde29
18628,2021-06-15 04:00:00+00:00,593.0,10.28,uppsala,5f9fe38afd517828962fde29
18629,2021-06-15 05:00:00+00:00,714.1,15.12,uppsala,5f9fe38afd517828962fde29
18630,2021-06-15 06:00:00+00:00,796.2,18.1,uppsala,5f9fe38afd517828962fde29
18631,2021-06-15 07:00:00+00:00,849.2,20.1,uppsala,5f9fe38afd517828962fde29
18632,2021-06-15 08:00:00+00:00,895.8,23.05,uppsala,5f9fe38afd517828962fde29
18633,2021-06-15 09:00:00+00:00,911.6,18.52,uppsala,5f9fe38afd517828962fde29
18634,2021-06-15 10:00:00+00:00,875.0,19.09,uppsala,5f9fe38afd517828962fde29
18635,2021-06-15 11:00:00+00:00,903.1,16.34,uppsala,5f9fe38afd517828962fde29
18636,2021-06-15 12:00:00+00:00,539.4,15.53,uppsala,5f9fe38afd517828962fde29
18637,2021-06-15 13:00:00+00:00,620.2,15.07,uppsala,5f9fe38afd517828962fde29
18638,2021-06-15 14:00:00+00:00,239.9,11.59,uppsala,5f9fe38afd517828962fde29
18639,2021-06-15 15:00:00+00:00,7.3,10.71,uppsala,5f9fe38afd517828962fde29
18640,2021-06-15 16:00:00+00:00,26.9,8.21,uppsala,5f9fe38afd517828962fde29
18641,2021-06-15 17:00:00+00:00,629.1,6.1,uppsala,5f9fe38afd517828962fde29
18642,2021-06-15 18:00:00+00:00,484.4,3.1,uppsala,5f9fe38afd517828962fde29
18643,2021-06-15 19:00:00+00:00,30.2,0.36,uppsala,5f9fe38afd517828962fde29
18644,2021-06-15 20:00:00+00:00,0.4,0.0,uppsala,5f9fe38afd517828962fde29
18645,2021-06-15 21:00:00+00:00,0.0,0.0,uppsala,5f9fe38afd517828962fde29
18646,2021-06-15 22:00:00+00:00,0.0,0.0,uppsala,5f9fe38afd517828962fde29
18647,2021-06-15 23:00:00+00:00,0.0,0.0,uppsala,5f9fe38afd517828962fde29
18648,2021-06-16 00:00:00+00:00,0.0,0.0,uppsala,5f9fe38afd517828962fde29
18649,2021-06-16 01:00:00+00:00,0.0,0.01,uppsala,5f9fe38afd517828962fde29
18650,2021-06-16 02:00:00+00:00,67.5,2.56,uppsala,5f9fe38afd517828962fde29
18651,2021-06-16 03:00:00+00:00,350.4,6.79,uppsala,5f9fe38afd517828962fde29
18652,2021-06-16 04:00:00+00:00,539.6,10.23,uppsala,5f9fe38afd517828962fde29
18653,2021-06-16 05:00:00+00:00,677.4,15.55,uppsala,5f9fe38afd517828962fde29
18654,2021-06-16 06:00:00+00:00,435.0,10.11,uppsala,5f9fe38afd517828962fde29
18655,2021-06-16 07:00:00+00:00,8.1,12.91,uppsala,5f9fe38afd517828962fde29
18656,2021-06-16 08:00:00+00:00,344.9,20.54,uppsala,5f9fe38afd517828962fde29
18657,2021-06-16 09:00:00+00:00,864.2,21.07,uppsala,5f9fe38afd517828962fde29
18658,2021-06-16 10:00:00+00:00,885.0,18.87,uppsala,5f9fe38afd517828962fde29
18659,2021-06-16 11:00:00+00:00,723.4,15.18,uppsala,5f9fe38afd517828962fde29
18660,2021-06-16 12:00:00+00:00,862.4,16.31,uppsala,5f9fe38afd517828962fde29
18661,2021-06-16 13:00:00+00:00,858.8,15.67,uppsala,5f9fe38afd517828962fde29
18662,2021-06-16 14:00:00+00:00,833.3,13.99,uppsala,5f9fe38afd517828962fde29
18663,2021-06-16 15:00:00+00:00,819.7,11.02,uppsala,5f9fe38afd517828962fde29
18664,2021-06-16 16:00:00+00:00,703.7,8.24,uppsala,5f9fe38afd517828962fde29
18665,2021-06-16 17:00:00+00:00,663.4,6.69,uppsala,5f9fe38afd517828962fde29
18666,2021-06-16 18:00:00+00:00,520.5,3.19,uppsala,5f9fe38afd517828962fde29
18667,2021-06-16 19:00:00+00:00,293.5,0.69,uppsala,5f9fe38afd517828962fde29
18668,2021-06-16 20:00:00+00:00,2.9,0.0,uppsala,5f9fe38afd517828962fde29
18669,2021-06-16 21:00:00+00:00,0.0,0.0,uppsala,5f9fe38afd517828962fde29
18670,2021-06-16 22:00:00+00:00,0.0,0.0,uppsala,5f9fe38afd517828962fde29
18671,2021-06-16 23:00:00+00:00,0.0,0.0,uppsala,5f9fe38afd517828962fde29
18672,2021-06-17 00:00:00+00:00,0.0,0.0,uppsala,5f9fe38afd517828962fde29
18673,2021-06-17 01:00:00+00:00,0.0,0.0,uppsala,5f9fe38afd517828962fde29
18674,2021-06-17 02:00:00+00:00,0.6000000000000001,0.41,uppsala,5f9fe38afd517828962fde29
18675,2021-06-17 03:00:00+00:00,13.7,1.23,uppsala,5f9fe38afd517828962fde29
18676,2021-06-17 04:00:00+00:00,85.3,5.26,uppsala,5f9fe38afd517828962fde29
18677,2021-06-17 05:00:00+00:00,380.4,13.42,uppsala,5f9fe38afd517828962fde29
18678,2021-06-17 06:00:00+00:00,740.9,14.28,uppsala,5f9fe38afd517828962fde29
18679,2021-06-17 07:00:00+00:00,162.1,19.66,uppsala,5f9fe38afd517828962fde29
18680,2021-06-17 08:00:00+00:00,179.9,20.83,uppsala,5f9fe38afd517828962fde29
18681,2021-06-17 09:00:00+00:00,662.8,18.87,uppsala,5f9fe38afd517828962fde29
18682,2021-06-17 10:00:00+00:00,10.6,19.02,uppsala,5f9fe38afd517828962fde29
18683,2021-06-17 11:00:00+00:00,812.8,15.83,uppsala,5f9fe38afd517828962fde29
18684,2021-06-17 12:00:00+00:00,918.0,16.17,uppsala,5f9fe38afd517828962fde29
18685,2021-06-17 13:00:00+00:00,904.0,15.59,uppsala,5f9fe38afd517828962fde29
18686,2021-06-17 14:00:00+00:00,881.9,13.97,uppsala,5f9fe38afd517828962fde29
18687,2021-06-17 15:00:00+00:00,830.7,10.83,uppsala,5f9fe38afd517828962fde29
18688,2021-06-17 16:00:00+00:00,766.9,8.29,uppsala,5f9fe38afd517828962fde29
18689,2021-06-17 17:00:00+00:00,646.7,6.74,uppsala,5f9fe38afd517828962fde29
18690,2021-06-17 18:00:00+00:00,445.9,3.95,uppsala,5f9fe38afd517828962fde29
18691,2021-06-17 19:00:00+00:00,195.9,0.62,uppsala,5f9fe38afd517828962fde29
18692,2021-06-17 20:00:00+00:00,0.0,0.0,uppsala,5f9fe38afd517828962fde29
18693,2021-06-17 21:00:00+00:00,0.0,0.0,uppsala,5f9fe38afd517828962fde29
18694,2021-06-17 22:00:00+00:00,0.0,0.0,uppsala,5f9fe38afd517828962fde29
18695,2021-06-17 23:00:00+00:00,0.0,0.0,uppsala,5f9fe38afd517828962fde29
18696,2021-06-18 00:00:00+00:00,0.0,0.0,uppsala,5f9fe38afd517828962fde29
18697,2021-06-18 01:00:00+00:00,0.0,0.03,uppsala,5f9fe38afd517828962fde29
18698,2021-06-18 02:00:00+00:00,48.4,2.09,uppsala,5f9fe38afd517828962fde29
18699,2021-06-18 03:00:00+00:00,298.7,5.61,uppsala,5f9fe38afd517828962fde29
18700,2021-06-18 04:00:00+00:00,486.9,9.18,uppsala,5f9fe38afd517828962fde29
18701,2021-06-18 05:00:00+00:00,597.6,11.4,uppsala,5f9fe38afd517828962fde29
18702,2021-06-18 06:00:00+00:00,646.7,16.58,uppsala,5f9fe38afd517828962fde29
18703,2021-06-18 07:00:00+00:00,703.9,19.07,uppsala,5f9fe38afd517828962fde29
18704,2021-06-18 08:00:00+00:00,726.1,20.11,uppsala,5f9fe38afd517828962fde29
18705,2021-06-18 09:00:00+00:00,725.7,20.06,uppsala,5f9fe38afd517828962fde29
18706,2021-06-18 10:00:00+00:00,723.4,19.24,uppsala,5f9fe38afd517828962fde29
18707,2021-06-18 11:00:00+00:00,723.0,15.53,uppsala,5f9fe38afd517828962fde29
18708,2021-06-18 12:00:00+00:00,714.7,11.11,uppsala,5f9fe38afd517828962fde29
18709,2021-06-18 13:00:00+00:00,409.5,5.99,uppsala,5f9fe38afd517828962fde29
18710,2021-06-18 14:00:00+00:00,114.5,11.33,uppsala,5f9fe38afd517828962fde29
18711,2021-06-18 15:00:00+00:00,567.4,10.0,uppsala,5f9fe38afd517828962fde29
18712,2021-06-18 16:00:00+00:00,493.1,7.36,uppsala,5f9fe38afd517828962fde29
18713,2021-06-18 17:00:00+00:00,376.3,4.7,uppsala,5f9fe38afd517828962fde29
18714,2021-06-18 18:00:00+00:00,214.0,0.5,uppsala,5f9fe38afd517828962fde29
18715,2021-06-18 19:00:00+00:00,17.5,0.0,uppsala,5f9fe38afd517828962fde29
18716,2021-06-18 20:00:00+00:00,0.0,0.0,uppsala,5f9fe38afd517828962fde29
18717,2021-06-18 21:00:00+00:00,0.0,0.0,uppsala,5f9fe38afd517828962fde29
18718,2021-06-18 22:00:00+00:00,0.0,0.0,uppsala,5f9fe38afd517828962fde29
18719,2021-06-18 23:00:00+00:00,0.0,0.0,uppsala,5f9fe38afd517828962fde29
18720,2021-06-19 00:00:00+00:00,0.0,0.0,uppsala,5f9fe38afd517828962fde29
18721,2021-06-19 01:00:00+00:00,0.0,0.0,uppsala,5f9fe38afd517828962fde29
18722,2021-06-19 02:00:00+00:00,0.0,0.02,uppsala,5f9fe38afd517828962fde29
18723,2021-06-19 03:00:00+00:00,16.0,1.39,uppsala,5f9fe38afd517828962fde29
18724,2021-06-19 04:00:00+00:00,0.9,7.78,uppsala,5f9fe38afd517828962fde29
18725,2021-06-19 05:00:00+00:00,275.4,13.83,uppsala,5f9fe38afd517828962fde29
18726,2021-06-19 06:00:00+00:00,470.0,16.58,uppsala,5f9fe38afd517828962fde29
18727,2021-06-19 07:00:00+00:00,557.5,16.65,uppsala,5f9fe38afd517828962fde29
18728,2021-06-19 08:00:00+00:00,599.4,20.52,uppsala,5f9fe38afd517828962fde29
18729,2021-06-19 09:00:00+00:00,479.5,19.15,uppsala,5f9fe38afd517828962fde29
18730,2021-06-19 10:00:00+00:00,729.5,18.29,uppsala,5f9fe38afd517828962fde29
18731,2021-06-19 11:00:00+00:00,769.5,15.48,uppsala,5f9fe38afd517828962fde29
18732,2021-06-19 12:00:00+00:00,762.0,15.49,uppsala,5f9fe38afd517828962fde29
18733,2021-06-19 13:00:00+00:00,718.8,14.7,uppsala,5f9fe38afd517828962fde29
18734,2021-06-19 14:00:00+00:00,666.1,12.75,uppsala,5f9fe38afd517828962fde29
18735,2021-06-19 15:00:00+00:00,561.2,9.68,uppsala,5f9fe38afd517828962fde29
18736,2021-06-19 16:00:00+00:00,462.5,6.34,uppsala,5f9fe38afd517828962fde29
18737,2021-06-19 17:00:00+00:00,285.8,1.04,uppsala,5f9fe38afd517828962fde29
18738,2021-06-19 18:00:00+00:00,65.1,0.32,uppsala,5f9fe38afd517828962fde29
18739,2021-06-19 19:00:00+00:00,43.9,0.07,uppsala,5f9fe38afd517828962fde29
18740,2021-06-19 20:00:00+00:00,0.0,0.0,uppsala,5f9fe38afd517828962fde29
18741,2021-06-19 21:00:00+00:00,0.0,0.0,uppsala,5f9fe38afd517828962fde29
18742,2021-06-19 22:00:00+00:00,0.0,0.0,uppsala,5f9fe38afd517828962fde29
18743,2021-06-19 23:00:00+00:00,0.0,0.0,uppsala,5f9fe38afd517828962fde29
18744,2021-06-20 00:00:00+00:00,0.0,0.0,uppsala,5f9fe38afd517828962fde29
18745,2021-06-20 01:00:00+00:00,0.0,0.0,uppsala,5f9fe38afd517828962fde29
18746,2021-06-20 02:00:00+00:00,12.4,0.74,uppsala,5f9fe38afd517828962fde29
18747,2021-06-20 03:00:00+00:00,204.8,4.17,uppsala,5f9fe38afd517828962fde29
18748,2021-06-20 04:00:00+00:00,313.5,9.12,uppsala,5f9fe38afd517828962fde29
18749,2021-06-20 05:00:00+00:00,78.4,13.53,uppsala,5f9fe38afd517828962fde29
18750,2021-06-20 06:00:00+00:00,657.6,16.33,uppsala,5f9fe38afd517828962fde29
18751,2021-06-20 07:00:00+00:00,684.7,14.84,uppsala,5f9fe38afd517828962fde29
18752,2021-06-20 08:00:00+00:00,717.4,17.56,uppsala,5f9fe38afd517828962fde29
18753,2021-06-20 09:00:00+00:00,266.2,17.23,uppsala,5f9fe38afd517828962fde29
18754,2021-06-20 10:00:00+00:00,736.1,19.51,uppsala,5f9fe38afd517828962fde29
18755,2021-06-20 11:00:00+00:00,785.6,14.41,uppsala,5f9fe38afd517828962fde29
18756,2021-06-20 12:00:00+00:00,615.8,16.03,uppsala,5f9fe38afd517828962fde29
18757,2021-06-20 13:00:00+00:00,646.0,14.39,uppsala,5f9fe38afd517828962fde29
18758,2021-06-20 14:00:00+00:00,611.0,5.78,uppsala,5f9fe38afd517828962fde29
18759,2021-06-20 15:00:00+00:00,91.8,4.7,uppsala,5f9fe38afd517828962fde29
18760,2021-06-20 16:00:00+00:00,131.4,4.24,uppsala,5f9fe38afd517828962fde29
18761,2021-06-20 17:00:00+00:00,0.0,1.36,uppsala,5f9fe38afd517828962fde29
18762,2021-06-20 18:00:00+00:00,0.0,0.28,uppsala,5f9fe38afd517828962fde29
18763,2021-06-20 19:00:00+00:00,31.3,0.0,uppsala,5f9fe38afd517828962fde29
18764,2021-06-20 20:00:00+00:00,0.0,0.0,uppsala,5f9fe38afd517828962fde29
18765,2021-06-20 21:00:00+00:00,0.0,0.0,uppsala,5f9fe38afd517828962fde29
18766,2021-06-20 22:00:00+00:00,0.0,0.0,uppsala,5f9fe38afd517828962fde29
18767,2021-06-20 23:00:00+00:00,0.0,0.0,uppsala,5f9fe38afd517828962fde29
18768,2021-06-21 00:00:00+00:00,0.0,0.0,uppsala,5f9fe38afd517828962fde29
18769,2021-06-21 01:00:00+00:00,0.0,0.0,uppsala,5f9fe38afd517828962fde29
18770,2021-06-21 02:00:00+00:00,0.0,0.01,uppsala,5f9fe38afd517828962fde29
18771,2021-06-21 03:00:00+00:00,46.1,2.59,uppsala,5f9fe38afd517828962fde29
18772,2021-06-21 04:00:00+00:00,189.3,7.51,uppsala,5f9fe38afd517828962fde29
18773,2021-06-21 05:00:00+00:00,308.3,12.73,uppsala,5f9fe38afd517828962fde29
18774,2021-06-21 06:00:00+00:00,649.4,16.25,uppsala,5f9fe38afd517828962fde29
18775,2021-06-21 07:00:00+00:00,713.9,19.36,uppsala,5f9fe38afd517828962fde29
18776,2021-06-21 08:00:00+00:00,18.7,19.77,uppsala,5f9fe38afd517828962fde29
18777,2021-06-21 09:00:00+00:00,31.8,19.62,uppsala,5f9fe38afd517828962fde29
18778,2021-06-21 10:00:00+00:00,639.4,20.19,uppsala,5f9fe38afd517828962fde29
18779,2021-06-21 11:00:00+00:00,43.4,16.11,uppsala,5f9fe38afd517828962fde29
18780,2021-06-21 12:00:00+00:00,8.9,14.56,uppsala,5f9fe38afd517828962fde29
18781,2021-06-21 13:00:00+00:00,771.6,11.19,uppsala,5f9fe38afd517828962fde29
18782,2021-06-21 14:00:00+00:00,6.4,5.43,uppsala,5f9fe38afd517828962fde29
18783,2021-06-21 15:00:00+00:00,19.6,1.78,uppsala,5f9fe38afd517828962fde29
18784,2021-06-21 16:00:00+00:00,0.4,1.97,uppsala,5f9fe38afd517828962fde29
18785,2021-06-21 17:00:00+00:00,241.7,0.74,uppsala,5f9fe38afd517828962fde29
18786,2021-06-21 18:00:00+00:00,0.0,0.68,uppsala,5f9fe38afd517828962fde29
18787,2021-06-21 19:00:00+00:00,0.0,0.07,uppsala,5f9fe38afd517828962fde29
18788,2021-06-21 20:00:00+00:00,0.0,0.0,uppsala,5f9fe38afd517828962fde29
18789,2021-06-21 21:00:00+00:00,0.0,0.0,uppsala,5f9fe38afd517828962fde29
18790,2021-06-21 22:00:00+00:00,0.0,0.0,uppsala,5f9fe38afd517828962fde29
18791,2021-06-21 23:00:00+00:00,0.0,0.0,uppsala,5f9fe38afd517828962fde29
18792,2021-06-22 00:00:00+00:00,0.0,0.0,uppsala,5f9fe38afd517828962fde29
18793,2021-06-22 01:00:00+00:00,0.0,0.02,uppsala,5f9fe38afd517828962fde29
18794,2021-06-22 02:00:00+00:00,0.0,1.28,uppsala,5f9fe38afd517828962fde29
18795,2021-06-22 03:00:00+00:00,136.2,4.67,uppsala,5f9fe38afd517828962fde29
18796,2021-06-22 04:00:00+00:00,302.1,7.95,uppsala,5f9fe38afd517828962fde29
18797,2021-06-22 05:00:00+00:00,204.6,10.61,uppsala,5f9fe38afd517828962fde29
18798,2021-06-22 06:00:00+00:00,298.4,13.93,uppsala,5f9fe38afd517828962fde29
18799,2021-06-22 07:00:00+00:00,89.3,10.96,uppsala,5f9fe38afd517828962fde29
18800,2021-06-22 08:00:00+00:00,368.4,13.44,uppsala,5f9fe38afd517828962fde29
18801,2021-06-22 09:00:00+00:00,485.7,5.75,uppsala,5f9fe38afd517828962fde29
18802,2021-06-22 10:00:00+00:00,68.5,9.74,uppsala,5f9fe38afd517828962fde29
18803,2021-06-22 11:00:00+00:00,44.9,15.76,uppsala,5f9fe38afd517828962fde29
18804,2021-06-22 12:00:00+00:00,205.1,4.2,uppsala,5f9fe38afd517828962fde29
18805,2021-06-22 13:00:00+00:00,6.3,4.67,uppsala,5f9fe38afd517828962fde29
18806,2021-06-22 14:00:00+00:00,5.5,5.65,uppsala,5f9fe38afd517828962fde29
18807,2021-06-22 15:00:00+00:00,2.2,3.37,uppsala,5f9fe38afd517828962fde29
18808,2021-06-22 16:00:00+00:00,1.1,1.84,uppsala,5f9fe38afd517828962fde29
18809,2021-06-22 17:00:00+00:00,3.3,0.99,uppsala,5f9fe38afd517828962fde29
18810,2021-06-22 18:00:00+00:00,0.0,0.4,uppsala,5f9fe38afd517828962fde29
18811,2021-06-22 19:00:00+00:00,0.0,0.0,uppsala,5f9fe38afd517828962fde29
18812,2021-06-22 20:00:00+00:00,0.0,0.0,uppsala,5f9fe38afd517828962fde29
18813,2021-06-22 21:00:00+00:00,0.0,0.0,uppsala,5f9fe38afd517828962fde29
18814,2021-06-22 22:00:00+00:00,0.0,0.0,uppsala,5f9fe38afd517828962fde29
18815,2021-06-22 23:00:00+00:00,0.0,0.0,uppsala,5f9fe38afd517828962fde29
18816,2021-06-23 00:00:00+00:00,0.0,0.0,uppsala,5f9fe38afd517828962fde29
18817,2021-06-23 01:00:00+00:00,0.0,0.0,uppsala,5f9fe38afd517828962fde29
18818,2021-06-23 02:00:00+00:00,0.0,0.02,uppsala,5f9fe38afd517828962fde29
18819,2021-06-23 03:00:00+00:00,0.0,1.3,uppsala,5f9fe38afd517828962fde29
18820,2021-06-23 04:00:00+00:00,0.0,2.52,uppsala,5f9fe38afd517828962fde29
18821,2021-06-23 05:00:00+00:00,192.7,4.94,uppsala,5f9fe38afd517828962fde29
18822,2021-06-23 06:00:00+00:00,274.8,9.88,uppsala,5f9fe38afd517828962fde29
18823,2021-06-23 07:00:00+00:00,5.6,8.73,uppsala,5f9fe38afd517828962fde29
18824,2021-06-23 08:00:00+00:00,7.0,8.61,uppsala,5f9fe38afd517828962fde29
18825,2021-06-23 09:00:00+00:00,271.3,8.35,uppsala,5f9fe38afd517828962fde29
18826,2021-06-23 10:00:00+00:00,339.9,3.43,uppsala,5f9fe38afd517828962fde29
18827,2021-06-23 11:00:00+00:00,8.1,3.98,uppsala,5f9fe38afd517828962fde29
18828,2021-06-23 12:00:00+00:00,53.1,5.58,uppsala,5f9fe38afd517828962fde29
18829,2021-06-23 13:00:00+00:00,7.3,5.18,uppsala,5f9fe38afd517828962fde29
18830,2021-06-23 14:00:00+00:00,331.3,7.4,uppsala,5f9fe38afd517828962fde29
18831,2021-06-23 15:00:00+00:00,6.0,8.1,uppsala,5f9fe38afd517828962fde29
18832,2021-06-23 16:00:00+00:00,4.2,5.64,uppsala,5f9fe38afd517828962fde29
18833,2021-06-23 17:00:00+00:00,75.3,6.29,uppsala,5f9fe38afd517828962fde29
18834,2021-06-23 18:00:00+00:00,130.7,3.9,uppsala,5f9fe38afd517828962fde29
18835,2021-06-23 19:00:00+00:00,122.1,0.36,uppsala,5f9fe38afd517828962fde29
18836,2021-06-23 20:00:00+00:00,0.0,0.0,uppsala,5f9fe38afd517828962fde29
18837,2021-06-23 21:00:00+00:00,0.0,0.0,uppsala,5f9fe38afd517828962fde29
18838,2021-06-23 22:00:00+00:00,0.0,0.0,uppsala,5f9fe38afd517828962fde29
18839,2021-06-23 23:00:00+00:00,0.0,0.0,uppsala,5f9fe38afd517828962fde29
18840,2021-06-24 00:00:00+00:00,0.0,0.0,uppsala,5f9fe38afd517828962fde29
18841,2021-06-24 01:00:00+00:00,0.0,0.0,uppsala,5f9fe38afd517828962fde29
18842,2021-06-24 02:00:00+00:00,0.0,0.03,uppsala,5f9fe38afd517828962fde29
18843,2021-06-24 03:00:00+00:00,0.0,0.13,uppsala,5f9fe38afd517828962fde29
18844,2021-06-24 04:00:00+00:00,132.2,1.39,uppsala,5f9fe38afd517828962fde29
18845,2021-06-24 05:00:00+00:00,1.8,2.41,uppsala,5f9fe38afd517828962fde29
18846,2021-06-24 06:00:00+00:00,40.8,6.51,uppsala,5f9fe38afd517828962fde29
18847,2021-06-24 07:00:00+00:00,29.5,13.19,uppsala,5f9fe38afd517828962fde29
18848,2021-06-24 08:00:00+00:00,14.9,8.82,uppsala,5f9fe38afd517828962fde29
18849,2021-06-24 09:00:00+00:00,8.6,8.83,uppsala,5f9fe38afd517828962fde29
18850,2021-06-24 10:00:00+00:00,104.3,11.18,uppsala,5f9fe38afd517828962fde29
18851,2021-06-24 11:00:00+00:00,30.5,11.79,uppsala,5f9fe38afd517828962fde29
18852,2021-06-24 12:00:00+00:00,9.2,7.76,uppsala,5f9fe38afd517828962fde29
18853,2021-06-24 13:00:00+00:00,47.0,9.84,uppsala,5f9fe38afd517828962fde29
18854,2021-06-24 14:00:00+00:00,22.3,11.26,uppsala,5f9fe38afd517828962fde29
18855,2021-06-24 15:00:00+00:00,138.2,6.68,uppsala,5f9fe38afd517828962fde29
18856,2021-06-24 16:00:00+00:00,28.7,7.29,uppsala,5f9fe38afd517828962fde29
18857,2021-06-24 17:00:00+00:00,140.6,5.27,uppsala,5f9fe38afd517828962fde29
18858,2021-06-24 18:00:00+00:00,465.0,4.06,uppsala,5f9fe38afd517828962fde29
18859,2021-06-24 19:00:00+00:00,19.2,0.33,uppsala,5f9fe38afd517828962fde29
18860,2021-06-24 20:00:00+00:00,0.0,0.0,uppsala,5f9fe38afd517828962fde29
18861,2021-06-24 21:00:00+00:00,0.0,0.0,uppsala,5f9fe38afd517828962fde29
18862,2021-06-24 22:00:00+00:00,0.0,0.0,uppsala,5f9fe38afd517828962fde29
18863,2021-06-24 23:00:00+00:00,0.0,0.0,uppsala,5f9fe38afd517828962fde29
18864,2021-06-25 00:00:00+00:00,0.0,0.0,uppsala,5f9fe38afd517828962fde29
18865,2021-06-25 01:00:00+00:00,0.0,0.0,uppsala,5f9fe38afd517828962fde29
18866,2021-06-25 02:00:00+00:00,9.9,0.99,uppsala,5f9fe38afd517828962fde29
18867,2021-06-25 03:00:00+00:00,45.2,2.34,uppsala,5f9fe38afd517828962fde29
18868,2021-06-25 04:00:00+00:00,26.1,0.98,uppsala,5f9fe38afd517828962fde29
18869,2021-06-25 05:00:00+00:00,0.4,1.78,uppsala,5f9fe38afd517828962fde29
18870,2021-06-25 06:00:00+00:00,9.9,3.12,uppsala,5f9fe38afd517828962fde29
18871,2021-06-25 07:00:00+00:00,14.1,1.64,uppsala,5f9fe38afd517828962fde29
18872,2021-06-25 08:00:00+00:00,6.2,2.52,uppsala,5f9fe38afd517828962fde29
18873,2021-06-25 09:00:00+00:00,21.0,7.17,uppsala,5f9fe38afd517828962fde29
18874,2021-06-25 10:00:00+00:00,7.9,6.83,uppsala,5f9fe38afd517828962fde29
18875,2021-06-25 11:00:00+00:00,129.9,6.87,uppsala,5f9fe38afd517828962fde29
18876,2021-06-25 12:00:00+00:00,24.3,8.66,uppsala,5f9fe38afd517828962fde29
18877,2021-06-25 13:00:00+00:00,7.5,7.29,uppsala,5f9fe38afd517828962fde29
18878,2021-06-25 14:00:00+00:00,104.8,10.2,uppsala,5f9fe38afd517828962fde29
18879,2021-06-25 15:00:00+00:00,640.3,9.19,uppsala,5f9fe38afd517828962fde29
18880,2021-06-25 16:00:00+00:00,5.1,5.73,uppsala,5f9fe38afd517828962fde29
18881,2021-06-25 17:00:00+00:00,7.8,2.33,uppsala,5f9fe38afd517828962fde29
18882,2021-06-25 18:00:00+00:00,0.0,0.68,uppsala,5f9fe38afd517828962fde29
18883,2021-06-25 19:00:00+00:00,0.0,0.01,uppsala,5f9fe38afd517828962fde29
18884,2021-06-25 20:00:00+00:00,0.0,0.0,uppsala,5f9fe38afd517828962fde29
18885,2021-06-25 21:00:00+00:00,0.0,0.0,uppsala,5f9fe38afd517828962fde29
18886,2021-06-25 22:00:00+00:00,0.0,0.0,uppsala,5f9fe38afd517828962fde29
18887,2021-06-25 23:00:00+00:00,0.0,0.0,uppsala,5f9fe38afd517828962fde29
18888,2021-06-26 00:00:00+00:00,0.0,0.0,uppsala,5f9fe38afd517828962fde29
18889,2021-06-26 01:00:00+00:00,0.0,0.0,uppsala,5f9fe38afd517828962fde29
18890,2021-06-26 02:00:00+00:00,0.0,0.13,uppsala,5f9fe38afd517828962fde29
18891,2021-06-26 03:00:00+00:00,0.0,0.72,uppsala,5f9fe38afd517828962fde29
18892,2021-06-26 04:00:00+00:00,0.0,1.49,uppsala,5f9fe38afd517828962fde29
18893,2021-06-26 05:00:00+00:00,1.7000000000000002,4.05,uppsala,5f9fe38afd517828962fde29
18894,2021-06-26 06:00:00+00:00,6.3,6.47,uppsala,5f9fe38afd517828962fde29
18895,2021-06-26 07:00:00+00:00,6.7,12.58,uppsala,5f9fe38afd517828962fde29
18896,2021-06-26 08:00:00+00:00,9.3,14.13,uppsala,5f9fe38afd517828962fde29
18897,2021-06-26 09:00:00+00:00,197.3,8.03,uppsala,5f9fe38afd517828962fde29
18898,2021-06-26 10:00:00+00:00,40.0,10.91,uppsala,5f9fe38afd517828962fde29
18899,2021-06-26 11:00:00+00:00,119.9,12.88,uppsala,5f9fe38afd517828962fde29
18900,2021-06-26 12:00:00+00:00,142.7,15.4,uppsala,5f9fe38afd517828962fde29
18901,2021-06-26 13:00:00+00:00,539.8,10.65,uppsala,5f9fe38afd517828962fde29
18902,2021-06-26 14:00:00+00:00,773.0,14.38,uppsala,5f9fe38afd517828962fde29
18903,2021-06-26 15:00:00+00:00,447.5,10.88,uppsala,5f9fe38afd517828962fde29
18904,2021-06-26 16:00:00+00:00,423.6,7.99,uppsala,5f9fe38afd517828962fde29
18905,2021-06-26 17:00:00+00:00,470.3,6.52,uppsala,5f9fe38afd517828962fde29
18906,2021-06-26 18:00:00+00:00,327.2,4.44,uppsala,5f9fe38afd517828962fde29
18907,2021-06-26 19:00:00+00:00,140.7,1.09,uppsala,5f9fe38afd517828962fde29
18908,2021-06-26 20:00:00+00:00,0.0,0.0,uppsala,5f9fe38afd517828962fde29
18909,2021-06-26 21:00:00+00:00,0.0,0.0,uppsala,5f9fe38afd517828962fde29
18910,2021-06-26 22:00:00+00:00,0.0,0.0,uppsala,5f9fe38afd517828962fde29
18911,2021-06-26 23:00:00+00:00,0.0,0.0,uppsala,5f9fe38afd517828962fde29
18912,2021-06-27 00:00:00+00:00,0.0,0.0,uppsala,5f9fe38afd517828962fde29
18913,2021-06-27 01:00:00+00:00,0.0,0.0,uppsala,5f9fe38afd517828962fde29
18914,2021-06-27 02:00:00+00:00,0.0,0.09,uppsala,5f9fe38afd517828962fde29
18915,2021-06-27 03:00:00+00:00,2.5,2.76,uppsala,5f9fe38afd517828962fde29
18916,2021-06-27 04:00:00+00:00,0.0,6.52,uppsala,5f9fe38afd517828962fde29
18917,2021-06-27 05:00:00+00:00,108.0,6.64,uppsala,5f9fe38afd517828962fde29
18918,2021-06-27 06:00:00+00:00,248.6,8.13,uppsala,5f9fe38afd517828962fde29
18919,2021-06-27 07:00:00+00:00,289.0,14.8,uppsala,5f9fe38afd517828962fde29
18920,2021-06-27 08:00:00+00:00,696.6,20.44,uppsala,5f9fe38afd517828962fde29
18921,2021-06-27 09:00:00+00:00,194.7,19.27,uppsala,5f9fe38afd517828962fde29
18922,2021-06-27 10:00:00+00:00,195.6,19.99,uppsala,5f9fe38afd517828962fde29
18923,2021-06-27 11:00:00+00:00,8.6,3.31,uppsala,5f9fe38afd517828962fde29
18924,2021-06-27 12:00:00+00:00,230.3,5.49,uppsala,5f9fe38afd517828962fde29
18925,2021-06-27 13:00:00+00:00,8.0,11.83,uppsala,5f9fe38afd517828962fde29
18926,2021-06-27 14:00:00+00:00,212.8,7.24,uppsala,5f9fe38afd517828962fde29
18927,2021-06-27 15:00:00+00:00,169.0,2.76,uppsala,5f9fe38afd517828962fde29
18928,2021-06-27 16:00:00+00:00,3.8,3.15,uppsala,5f9fe38afd517828962fde29
18929,2021-06-27 17:00:00+00:00,14.8,2.47,uppsala,5f9fe38afd517828962fde29
18930,2021-06-27 18:00:00+00:00,0.0,2.09,uppsala,5f9fe38afd517828962fde29
18931,2021-06-27 19:00:00+00:00,2.4,0.89,uppsala,5f9fe38afd517828962fde29
18932,2021-06-27 20:00:00+00:00,0.1,0.01,uppsala,5f9fe38afd517828962fde29
18933,2021-06-27 21:00:00+00:00,0.0,0.0,uppsala,5f9fe38afd517828962fde29
18934,2021-06-27 22:00:00+00:00,0.0,0.0,uppsala,5f9fe38afd517828962fde29
18935,2021-06-27 23:00:00+00:00,0.0,0.0,uppsala,5f9fe38afd517828962fde29
18936,2021-06-28 00:00:00+00:00,0.0,0.0,uppsala,5f9fe38afd517828962fde29
18937,2021-06-28 01:00:00+00:00,0.0,0.0,uppsala,5f9fe38afd517828962fde29
18938,2021-06-28 02:00:00+00:00,0.0,0.02,uppsala,5f9fe38afd517828962fde29
18939,2021-06-28 03:00:00+00:00,174.3,0.92,uppsala,5f9fe38afd517828962fde29
18940,2021-06-28 04:00:00+00:00,0.0,2.33,uppsala,5f9fe38afd517828962fde29
18941,2021-06-28 05:00:00+00:00,8.9,2.38,uppsala,5f9fe38afd517828962fde29
18942,2021-06-28 06:00:00+00:00,2.6,2.57,uppsala,5f9fe38afd517828962fde29
18943,2021-06-28 07:00:00+00:00,439.1,3.06,uppsala,5f9fe38afd517828962fde29
18944,2021-06-28 08:00:00+00:00,131.9,3.34,uppsala,5f9fe38afd517828962fde29
18945,2021-06-28 09:00:00+00:00,18.9,7.87,uppsala,5f9fe38afd517828962fde29
18946,2021-06-28 10:00:00+00:00,19.9,11.48,uppsala,5f9fe38afd517828962fde29
18947,2021-06-28 11:00:00+00:00,34.4,12.4,uppsala,5f9fe38afd517828962fde29
18948,2021-06-28 12:00:00+00:00,9.3,11.85,uppsala,5f9fe38afd517828962fde29
18949,2021-06-28 13:00:00+00:00,463.5,12.69,uppsala,5f9fe38afd517828962fde29
18950,2021-06-28 14:00:00+00:00,594.7,11.55,uppsala,5f9fe38afd517828962fde29
18951,2021-06-28 15:00:00+00:00,691.9,9.89,uppsala,5f9fe38afd517828962fde29
18952,2021-06-28 16:00:00+00:00,643.3,7.0,uppsala,5f9fe38afd517828962fde29
18953,2021-06-28 17:00:00+00:00,561.0,6.13,uppsala,5f9fe38afd517828962fde29
18954,2021-06-28 18:00:00+00:00,431.4,3.86,uppsala,5f9fe38afd517828962fde29
18955,2021-06-28 19:00:00+00:00,223.6,0.93,uppsala,5f9fe38afd517828962fde29
18956,2021-06-28 20:00:00+00:00,0.8,0.0,uppsala,5f9fe38afd517828962fde29
18957,2021-06-28 21:00:00+00:00,0.0,0.0,uppsala,5f9fe38afd517828962fde29
18958,2021-06-28 22:00:00+00:00,0.0,0.0,uppsala,5f9fe38afd517828962fde29
18959,2021-06-28 23:00:00+00:00,0.0,0.0,uppsala,5f9fe38afd517828962fde29
18960,2021-06-29 00:00:00+00:00,0.0,0.0,uppsala,5f9fe38afd517828962fde29
18961,2021-06-29 01:00:00+00:00,0.0,0.05,uppsala,5f9fe38afd517828962fde29
18962,2021-06-29 02:00:00+00:00,65.7,2.24,uppsala,5f9fe38afd517828962fde29
18963,2021-06-29 03:00:00+00:00,346.8,6.12,uppsala,5f9fe38afd517828962fde29
18964,2021-06-29 04:00:00+00:00,546.2,9.5,uppsala,5f9fe38afd517828962fde29
18965,2021-06-29 05:00:00+00:00,618.9,13.94,uppsala,5f9fe38afd517828962fde29
18966,2021-06-29 06:00:00+00:00,769.3,17.29,uppsala,5f9fe38afd517828962fde29
18967,2021-06-29 07:00:00+00:00,833.9,19.48,uppsala,5f9fe38afd517828962fde29
18968,2021-06-29 08:00:00+00:00,866.7,20.57,uppsala,5f9fe38afd517828962fde29
18969,2021-06-29 09:00:00+00:00,887.3,20.52,uppsala,5f9fe38afd517828962fde29
18970,2021-06-29 10:00:00+00:00,704.8,20.4,uppsala,5f9fe38afd517828962fde29
18971,2021-06-29 11:00:00+00:00,865.8,16.43,uppsala,5f9fe38afd517828962fde29
18972,2021-06-29 12:00:00+00:00,817.7,16.11,uppsala,5f9fe38afd517828962fde29
18973,2021-06-29 13:00:00+00:00,621.1,10.35,uppsala,5f9fe38afd517828962fde29
18974,2021-06-29 14:00:00+00:00,804.5,2.5,uppsala,5f9fe38afd517828962fde29
18975,2021-06-29 15:00:00+00:00,110.7,2.05,uppsala,5f9fe38afd517828962fde29
18976,2021-06-29 16:00:00+00:00,43.9,2.4,uppsala,5f9fe38afd517828962fde29
18977,2021-06-29 17:00:00+00:00,155.5,0.81,uppsala,5f9fe38afd517828962fde29
18978,2021-06-29 18:00:00+00:00,0.0,1.33,uppsala,5f9fe38afd517828962fde29
18979,2021-06-29 19:00:00+00:00,0.7000000000000001,0.23,uppsala,5f9fe38afd517828962fde29
18980,2021-06-29 20:00:00+00:00,0.0,0.0,uppsala,5f9fe38afd517828962fde29
18981,2021-06-29 21:00:00+00:00,0.0,0.0,uppsala,5f9fe38afd517828962fde29
18982,2021-06-29 22:00:00+00:00,0.0,0.0,uppsala,5f9fe38afd517828962fde29
18983,2021-06-29 23:00:00+00:00,0.0,0.0,uppsala,5f9fe38afd517828962fde29
18984,2021-06-30 00:00:00+00:00,0.0,0.0,uppsala,5f9fe38afd517828962fde29
18985,2021-06-30 01:00:00+00:00,0.0,0.0,uppsala,5f9fe38afd517828962fde29
18986,2021-06-30 02:00:00+00:00,0.0,0.04,uppsala,5f9fe38afd517828962fde29
18987,2021-06-30 03:00:00+00:00,0.0,0.51,uppsala,5f9fe38afd517828962fde29
18988,2021-06-30 04:00:00+00:00,0.4,1.1,uppsala,5f9fe38afd517828962fde29
18989,2021-06-30 05:00:00+00:00,1.3,3.46,uppsala,5f9fe38afd517828962fde29
18990,2021-06-30 06:00:00+00:00,4.0,6.34,uppsala,5f9fe38afd517828962fde29
18991,2021-06-30 07:00:00+00:00,78.1,14.7,uppsala,5f9fe38afd517828962fde29
18992,2021-06-30 08:00:00+00:00,46.9,13.63,uppsala,5f9fe38afd517828962fde29
18993,2021-06-30 09:00:00+00:00,89.0,5.06,uppsala,5f9fe38afd517828962fde29
18994,2021-06-30 10:00:00+00:00,19.2,8.12,uppsala,5f9fe38afd517828962fde29
18995,2021-06-30 11:00:00+00:00,8.3,7.49,uppsala,5f9fe38afd517828962fde29
18996,2021-06-30 12:00:00+00:00,8.0,6.45,uppsala,5f9fe38afd517828962fde29
18997,2021-06-30 13:00:00+00:00,7.6,8.42,uppsala,5f9fe38afd517828962fde29
18998,2021-06-30 14:00:00+00:00,126.5,7.84,uppsala,5f9fe38afd517828962fde29
18999,2021-06-30 15:00:00+00:00,5.5,5.98,uppsala,5f9fe38afd517828962fde29
19000,2021-06-30 16:00:00+00:00,3.6,5.49,uppsala,5f9fe38afd517828962fde29
19001,2021-06-30 17:00:00+00:00,1.0,8.72,uppsala,5f9fe38afd517828962fde29
19002,2021-06-30 18:00:00+00:00,0.0,4.35,uppsala,5f9fe38afd517828962fde29
19003,2021-06-30 19:00:00+00:00,0.0,1.1,uppsala,5f9fe38afd517828962fde29
19004,2021-06-30 20:00:00+00:00,0.0,0.0,uppsala,5f9fe38afd517828962fde29
19005,2021-06-30 21:00:00+00:00,0.0,0.0,uppsala,5f9fe38afd517828962fde29
19006,2021-06-30 22:00:00+00:00,0.0,0.0,uppsala,5f9fe38afd517828962fde29
19007,2021-06-30 23:00:00+00:00,0.0,0.0,uppsala,5f9fe38afd517828962fde29
19008,2021-07-01 00:00:00+00:00,0.0,0.0,uppsala,5f9fe38afd517828962fde29
19009,2021-07-01 01:00:00+00:00,0.0,0.0,uppsala,5f9fe38afd517828962fde29
19010,2021-07-01 02:00:00+00:00,0.0,0.02,uppsala,5f9fe38afd517828962fde29
19011,2021-07-01 03:00:00+00:00,4.3,0.96,uppsala,5f9fe38afd517828962fde29
19012,2021-07-01 04:00:00+00:00,227.7,3.8,uppsala,5f9fe38afd517828962fde29
19013,2021-07-01 05:00:00+00:00,496.0,10.56,uppsala,5f9fe38afd517828962fde29
19014,2021-07-01 06:00:00+00:00,716.3,13.32,uppsala,5f9fe38afd517828962fde29
19015,2021-07-01 07:00:00+00:00,779.6,12.76,uppsala,5f9fe38afd517828962fde29
19016,2021-07-01 08:00:00+00:00,61.7,8.88,uppsala,5f9fe38afd517828962fde29
19017,2021-07-01 09:00:00+00:00,28.7,11.21,uppsala,5f9fe38afd517828962fde29
19018,2021-07-01 10:00:00+00:00,58.9,16.49,uppsala,5f9fe38afd517828962fde29
19019,2021-07-01 11:00:00+00:00,868.0,15.76,uppsala,5f9fe38afd517828962fde29
19020,2021-07-01 12:00:00+00:00,835.3,15.97,uppsala,5f9fe38afd517828962fde29
19021,2021-07-01 13:00:00+00:00,862.5,15.12,uppsala,5f9fe38afd517828962fde29
19022,2021-07-01 14:00:00+00:00,845.9,13.5,uppsala,5f9fe38afd517828962fde29
19023,2021-07-01 15:00:00+00:00,805.0,10.53,uppsala,5f9fe38afd517828962fde29
19024,2021-07-01 16:00:00+00:00,743.9,7.93,uppsala,5f9fe38afd517828962fde29
19025,2021-07-01 17:00:00+00:00,655.7,6.49,uppsala,5f9fe38afd517828962fde29
19026,2021-07-01 18:00:00+00:00,501.5,4.2,uppsala,5f9fe38afd517828962fde29
19027,2021-07-01 19:00:00+00:00,283.1,1.04,uppsala,5f9fe38afd517828962fde29
19028,2021-07-01 20:00:00+00:00,1.8,0.0,uppsala,5f9fe38afd517828962fde29
19029,2021-07-01 21:00:00+00:00,0.0,0.0,uppsala,5f9fe38afd517828962fde29
19030,2021-07-01 22:00:00+00:00,0.0,0.0,uppsala,5f9fe38afd517828962fde29
19031,2021-07-01 23:00:00+00:00,0.0,0.0,uppsala,5f9fe38afd517828962fde29
19032,2021-07-02 00:00:00+00:00,0.0,0.0,uppsala,5f9fe38afd517828962fde29
19033,2021-07-02 01:00:00+00:00,0.0,0.04,uppsala,5f9fe38afd517828962fde29
19034,2021-07-02 02:00:00+00:00,35.6,1.31,uppsala,5f9fe38afd517828962fde29
19035,2021-07-02 03:00:00+00:00,316.4,5.79,uppsala,5f9fe38afd517828962fde29
19036,2021-07-02 04:00:00+00:00,519.5,9.0,uppsala,5f9fe38afd517828962fde29
19037,2021-07-02 05:00:00+00:00,664.3,13.06,uppsala,5f9fe38afd517828962fde29
19038,2021-07-02 06:00:00+00:00,757.8,17.07,uppsala,5f9fe38afd517828962fde29
19039,2021-07-02 07:00:00+00:00,824.6,19.47,uppsala,5f9fe38afd517828962fde29
19040,2021-07-02 08:00:00+00:00,871.1,20.63,uppsala,5f9fe38afd517828962fde29
19041,2021-07-02 09:00:00+00:00,906.6,19.54,uppsala,5f9fe38afd517828962fde29
19042,2021-07-02 10:00:00+00:00,912.9,12.79,uppsala,5f9fe38afd517828962fde29
19043,2021-07-02 11:00:00+00:00,905.0,16.7,uppsala,5f9fe38afd517828962fde29
19044,2021-07-02 12:00:00+00:00,908.6,14.22,uppsala,5f9fe38afd517828962fde29
19045,2021-07-02 13:00:00+00:00,887.7,15.01,uppsala,5f9fe38afd517828962fde29
19046,2021-07-02 14:00:00+00:00,845.4,13.43,uppsala,5f9fe38afd517828962fde29
19047,2021-07-02 15:00:00+00:00,831.5,10.61,uppsala,5f9fe38afd517828962fde29
19048,2021-07-02 16:00:00+00:00,782.2,8.03,uppsala,5f9fe38afd517828962fde29
19049,2021-07-02 17:00:00+00:00,698.3,6.66,uppsala,5f9fe38afd517828962fde29
19050,2021-07-02 18:00:00+00:00,563.6,4.52,uppsala,5f9fe38afd517828962fde29
19051,2021-07-02 19:00:00+00:00,360.0,1.21,uppsala,5f9fe38afd517828962fde29
19052,2021-07-02 20:00:00+00:00,5.4,0.0,uppsala,5f9fe38afd517828962fde29
19053,2021-07-02 21:00:00+00:00,0.0,0.0,uppsala,5f9fe38afd517828962fde29
19054,2021-07-02 22:00:00+00:00,0.0,0.0,uppsala,5f9fe38afd517828962fde29
19055,2021-07-02 23:00:00+00:00,0.0,0.0,uppsala,5f9fe38afd517828962fde29
19056,2021-07-03 00:00:00+00:00,0.0,0.0,uppsala,5f9fe38afd517828962fde29
19057,2021-07-03 01:00:00+00:00,0.0,0.02,uppsala,5f9fe38afd517828962fde29
19058,2021-07-03 02:00:00+00:00,52.4,1.86,uppsala,5f9fe38afd517828962fde29
19059,2021-07-03 03:00:00+00:00,281.4,5.59,uppsala,5f9fe38afd517828962fde29
19060,2021-07-03 04:00:00+00:00,476.0,9.22,uppsala,5f9fe38afd517828962fde29
19061,2021-07-03 05:00:00+00:00,608.0,13.7,uppsala,5f9fe38afd517828962fde29
19062,2021-07-03 06:00:00+00:00,686.4,17.22,uppsala,5f9fe38afd517828962fde29
19063,2021-07-03 07:00:00+00:00,754.6,19.42,uppsala,5f9fe38afd517828962fde29
19064,2021-07-03 08:00:00+00:00,788.2,20.54,uppsala,5f9fe38afd517828962fde29
19065,2021-07-03 09:00:00+00:00,809.1,15.42,uppsala,5f9fe38afd517828962fde29
19066,2021-07-03 10:00:00+00:00,326.0,16.66,uppsala,5f9fe38afd517828962fde29
19067,2021-07-03 11:00:00+00:00,139.9,14.19,uppsala,5f9fe38afd517828962fde29
19068,2021-07-03 12:00:00+00:00,316.1,16.94,uppsala,5f9fe38afd517828962fde29
19069,2021-07-03 13:00:00+00:00,359.2,15.54,uppsala,5f9fe38afd517828962fde29
19070,2021-07-03 14:00:00+00:00,760.5,14.03,uppsala,5f9fe38afd517828962fde29
19071,2021-07-03 15:00:00+00:00,714.0,10.95,uppsala,5f9fe38afd517828962fde29
19072,2021-07-03 16:00:00+00:00,665.3,8.38,uppsala,5f9fe38afd517828962fde29
19073,2021-07-03 17:00:00+00:00,546.1,7.88,uppsala,5f9fe38afd517828962fde29
19074,2021-07-03 18:00:00+00:00,403.7,3.01,uppsala,5f9fe38afd517828962fde29
19075,2021-07-03 19:00:00+00:00,242.5,1.16,uppsala,5f9fe38afd517828962fde29
19076,2021-07-03 20:00:00+00:00,0.0,0.0,uppsala,5f9fe38afd517828962fde29
19077,2021-07-03 21:00:00+00:00,0.0,0.0,uppsala,5f9fe38afd517828962fde29
19078,2021-07-03 22:00:00+00:00,0.0,0.0,uppsala,5f9fe38afd517828962fde29
19079,2021-07-03 23:00:00+00:00,0.0,0.0,uppsala,5f9fe38afd517828962fde29
19080,2021-07-04 00:00:00+00:00,0.0,0.0,uppsala,5f9fe38afd517828962fde29
19081,2021-07-04 01:00:00+00:00,0.0,0.0,uppsala,5f9fe38afd517828962fde29
19082,2021-07-04 02:00:00+00:00,18.8,1.21,uppsala,5f9fe38afd517828962fde29
19083,2021-07-04 03:00:00+00:00,261.6,5.16,uppsala,5f9fe38afd517828962fde29
19084,2021-07-04 04:00:00+00:00,69.4,8.68,uppsala,5f9fe38afd517828962fde29
19085,2021-07-04 05:00:00+00:00,604.3,11.11,uppsala,5f9fe38afd517828962fde29
19086,2021-07-04 06:00:00+00:00,377.0,13.56,uppsala,5f9fe38afd517828962fde29
19087,2021-07-04 07:00:00+00:00,758.0,14.79,uppsala,5f9fe38afd517828962fde29
19088,2021-07-04 08:00:00+00:00,8.0,18.76,uppsala,5f9fe38afd517828962fde29
19089,2021-07-04 09:00:00+00:00,8.9,16.96,uppsala,5f9fe38afd517828962fde29
19090,2021-07-04 10:00:00+00:00,9.2,14.03,uppsala,5f9fe38afd517828962fde29
19091,2021-07-04 11:00:00+00:00,393.9,15.2,uppsala,5f9fe38afd517828962fde29
19092,2021-07-04 12:00:00+00:00,440.7,13.45,uppsala,5f9fe38afd517828962fde29
19093,2021-07-04 13:00:00+00:00,604.1,6.51,uppsala,5f9fe38afd517828962fde29
19094,2021-07-04 14:00:00+00:00,49.3,6.55,uppsala,5f9fe38afd517828962fde29
19095,2021-07-04 15:00:00+00:00,615.5,8.03,uppsala,5f9fe38afd517828962fde29
19096,2021-07-04 16:00:00+00:00,525.4,5.56,uppsala,5f9fe38afd517828962fde29
19097,2021-07-04 17:00:00+00:00,651.9,4.89,uppsala,5f9fe38afd517828962fde29
19098,2021-07-04 18:00:00+00:00,531.7,3.61,uppsala,5f9fe38afd517828962fde29
19099,2021-07-04 19:00:00+00:00,327.2,0.65,uppsala,5f9fe38afd517828962fde29
19100,2021-07-04 20:00:00+00:00,5.0,0.0,uppsala,5f9fe38afd517828962fde29
19101,2021-07-04 21:00:00+00:00,0.0,0.0,uppsala,5f9fe38afd517828962fde29
19102,2021-07-04 22:00:00+00:00,0.0,0.0,uppsala,5f9fe38afd517828962fde29
19103,2021-07-04 23:00:00+00:00,0.0,0.0,uppsala,5f9fe38afd517828962fde29
19104,2021-07-05 00:00:00+00:00,0.0,0.0,uppsala,5f9fe38afd517828962fde29
19105,2021-07-05 01:00:00+00:00,0.0,0.0,uppsala,5f9fe38afd517828962fde29
19106,2021-07-05 02:00:00+00:00,62.5,1.26,uppsala,5f9fe38afd517828962fde29
19107,2021-07-05 03:00:00+00:00,362.5,5.51,uppsala,5f9fe38afd517828962fde29
19108,2021-07-05 04:00:00+00:00,551.5,9.23,uppsala,5f9fe38afd517828962fde29
19109,2021-07-05 05:00:00+00:00,617.6,10.11,uppsala,5f9fe38afd517828962fde29
19110,2021-07-05 06:00:00+00:00,124.4,8.33,uppsala,5f9fe38afd517828962fde29
19111,2021-07-05 07:00:00+00:00,65.9,6.64,uppsala,5f9fe38afd517828962fde29
19112,2021-07-05 08:00:00+00:00,182.8,8.56,uppsala,5f9fe38afd517828962fde29
19113,2021-07-05 09:00:00+00:00,219.5,16.83,uppsala,5f9fe38afd517828962fde29
19114,2021-07-05 10:00:00+00:00,686.3,19.59,uppsala,5f9fe38afd517828962fde29
19115,2021-07-05 11:00:00+00:00,778.7,17.09,uppsala,5f9fe38afd517828962fde29
19116,2021-07-05 12:00:00+00:00,555.6,9.12,uppsala,5f9fe38afd517828962fde29
19117,2021-07-05 13:00:00+00:00,132.7,7.15,uppsala,5f9fe38afd517828962fde29
19118,2021-07-05 14:00:00+00:00,65.1,4.51,uppsala,5f9fe38afd517828962fde29
19119,2021-07-05 15:00:00+00:00,318.4,4.13,uppsala,5f9fe38afd517828962fde29
19120,2021-07-05 16:00:00+00:00,24.5,4.32,uppsala,5f9fe38afd517828962fde29
19121,2021-07-05 17:00:00+00:00,60.5,1.78,uppsala,5f9fe38afd517828962fde29
19122,2021-07-05 18:00:00+00:00,0.0,1.07,uppsala,5f9fe38afd517828962fde29
19123,2021-07-05 19:00:00+00:00,0.0,0.07,uppsala,5f9fe38afd517828962fde29
19124,2021-07-05 20:00:00+00:00,0.0,0.0,uppsala,5f9fe38afd517828962fde29
19125,2021-07-05 21:00:00+00:00,0.0,0.0,uppsala,5f9fe38afd517828962fde29
19126,2021-07-05 22:00:00+00:00,0.0,0.0,uppsala,5f9fe38afd517828962fde29
19127,2021-07-05 23:00:00+00:00,0.0,0.0,uppsala,5f9fe38afd517828962fde29
19128,2021-07-06 00:00:00+00:00,0.0,0.0,uppsala,5f9fe38afd517828962fde29
19129,2021-07-06 01:00:00+00:00,0.0,0.0,uppsala,5f9fe38afd517828962fde29
19130,2021-07-06 02:00:00+00:00,0.0,0.0,uppsala,5f9fe38afd517828962fde29
19131,2021-07-06 03:00:00+00:00,0.0,0.0,uppsala,5f9fe38afd517828962fde29
19132,2021-07-06 04:00:00+00:00,0.0,1.87,uppsala,5f9fe38afd517828962fde29
19133,2021-07-06 05:00:00+00:00,17.0,4.82,uppsala,5f9fe38afd517828962fde29
19134,2021-07-06 06:00:00+00:00,96.8,5.4,uppsala,5f9fe38afd517828962fde29
19135,2021-07-06 07:00:00+00:00,194.5,13.25,uppsala,5f9fe38afd517828962fde29
19136,2021-07-06 08:00:00+00:00,268.1,15.93,uppsala,5f9fe38afd517828962fde29
19137,2021-07-06 09:00:00+00:00,827.0,17.76,uppsala,5f9fe38afd517828962fde29
19138,2021-07-06 10:00:00+00:00,864.0,17.66,uppsala,5f9fe38afd517828962fde29
19139,2021-07-06 11:00:00+00:00,626.0,17.09,uppsala,5f9fe38afd517828962fde29
19140,2021-07-06 12:00:00+00:00,634.8,16.61,uppsala,5f9fe38afd517828962fde29
19141,2021-07-06 13:00:00+00:00,509.7,15.88,uppsala,5f9fe38afd517828962fde29
19142,2021-07-06 14:00:00+00:00,468.4,12.6,uppsala,5f9fe38afd517828962fde29
19143,2021-07-06 15:00:00+00:00,694.4,10.28,uppsala,5f9fe38afd517828962fde29
19144,2021-07-06 16:00:00+00:00,2.9,8.07,uppsala,5f9fe38afd517828962fde29
19145,2021-07-06 17:00:00+00:00,570.1,6.03,uppsala,5f9fe38afd517828962fde29
19146,2021-07-06 18:00:00+00:00,411.6,3.03,uppsala,5f9fe38afd517828962fde29
19147,2021-07-06 19:00:00+00:00,183.7,0.4,uppsala,5f9fe38afd517828962fde29
19148,2021-07-06 20:00:00+00:00,0.0,0.0,uppsala,5f9fe38afd517828962fde29
19149,2021-07-06 21:00:00+00:00,0.0,0.0,uppsala,5f9fe38afd517828962fde29
19150,2021-07-06 22:00:00+00:00,0.0,0.0,uppsala,5f9fe38afd517828962fde29
19151,2021-07-06 23:00:00+00:00,0.0,0.0,uppsala,5f9fe38afd517828962fde29
19152,2021-07-07 00:00:00+00:00,0.0,0.0,uppsala,5f9fe38afd517828962fde29
19153,2021-07-07 01:00:00+00:00,0.0,0.0,uppsala,5f9fe38afd517828962fde29
19154,2021-07-07 02:00:00+00:00,0.0,0.0,uppsala,5f9fe38afd517828962fde29
19155,2021-07-07 03:00:00+00:00,78.6,0.2,uppsala,5f9fe38afd517828962fde29
19156,2021-07-07 04:00:00+00:00,11.5,0.13,uppsala,5f9fe38afd517828962fde29
19157,2021-07-07 05:00:00+00:00,0.2,0.9,uppsala,5f9fe38afd517828962fde29
19158,2021-07-07 06:00:00+00:00,30.7,2.02,uppsala,5f9fe38afd517828962fde29
19159,2021-07-07 07:00:00+00:00,8.5,4.15,uppsala,5f9fe38afd517828962fde29
19160,2021-07-07 08:00:00+00:00,8.6,1.73,uppsala,5f9fe38afd517828962fde29
19161,2021-07-07 09:00:00+00:00,33.2,4.49,uppsala,5f9fe38afd517828962fde29
19162,2021-07-07 10:00:00+00:00,6.8,5.28,uppsala,5f9fe38afd517828962fde29
19163,2021-07-07 11:00:00+00:00,26.8,3.49,uppsala,5f9fe38afd517828962fde29
19164,2021-07-07 12:00:00+00:00,196.2,5.47,uppsala,5f9fe38afd517828962fde29
19165,2021-07-07 13:00:00+00:00,216.3,4.43,uppsala,5f9fe38afd517828962fde29
19166,2021-07-07 14:00:00+00:00,11.5,2.45,uppsala,5f9fe38afd517828962fde29
19167,2021-07-07 15:00:00+00:00,28.6,1.37,uppsala,5f9fe38afd517828962fde29
19168,2021-07-07 16:00:00+00:00,12.4,0.95,uppsala,5f9fe38afd517828962fde29
19169,2021-07-07 17:00:00+00:00,0.0,1.5,uppsala,5f9fe38afd517828962fde29
19170,2021-07-07 18:00:00+00:00,55.4,0.74,uppsala,5f9fe38afd517828962fde29
19171,2021-07-07 19:00:00+00:00,0.0,0.14,uppsala,5f9fe38afd517828962fde29
19172,2021-07-07 20:00:00+00:00,0.0,0.0,uppsala,5f9fe38afd517828962fde29
19173,2021-07-07 21:00:00+00:00,0.0,0.0,uppsala,5f9fe38afd517828962fde29
19174,2021-07-07 22:00:00+00:00,0.0,0.0,uppsala,5f9fe38afd517828962fde29
19175,2021-07-07 23:00:00+00:00,0.0,0.0,uppsala,5f9fe38afd517828962fde29
19176,2021-07-08 00:00:00+00:00,0.0,0.0,uppsala,5f9fe38afd517828962fde29
19177,2021-07-08 01:00:00+00:00,0.0,0.0,uppsala,5f9fe38afd517828962fde29
19178,2021-07-08 02:00:00+00:00,16.2,1.65,uppsala,5f9fe38afd517828962fde29
19179,2021-07-08 03:00:00+00:00,317.9,5.37,uppsala,5f9fe38afd517828962fde29
19180,2021-07-08 04:00:00+00:00,546.6,9.25,uppsala,5f9fe38afd517828962fde29
19181,2021-07-08 05:00:00+00:00,670.7,14.0,uppsala,5f9fe38afd517828962fde29
19182,2021-07-08 06:00:00+00:00,743.5,17.52,uppsala,5f9fe38afd517828962fde29
19183,2021-07-08 07:00:00+00:00,802.0,19.7,uppsala,5f9fe38afd517828962fde29
19184,2021-07-08 08:00:00+00:00,834.5,20.85,uppsala,5f9fe38afd517828962fde29
19185,2021-07-08 09:00:00+00:00,849.9,15.75,uppsala,5f9fe38afd517828962fde29
19186,2021-07-08 10:00:00+00:00,837.2,17.59,uppsala,5f9fe38afd517828962fde29
19187,2021-07-08 11:00:00+00:00,785.6,14.33,uppsala,5f9fe38afd517828962fde29
19188,2021-07-08 12:00:00+00:00,183.1,13.88,uppsala,5f9fe38afd517828962fde29
19189,2021-07-08 13:00:00+00:00,51.0,12.75,uppsala,5f9fe38afd517828962fde29
19190,2021-07-08 14:00:00+00:00,774.2,10.14,uppsala,5f9fe38afd517828962fde29
19191,2021-07-08 15:00:00+00:00,31.5,10.81,uppsala,5f9fe38afd517828962fde29
19192,2021-07-08 16:00:00+00:00,41.3,4.92,uppsala,5f9fe38afd517828962fde29
19193,2021-07-08 17:00:00+00:00,0.0,3.28,uppsala,5f9fe38afd517828962fde29
19194,2021-07-08 18:00:00+00:00,2.1,1.71,uppsala,5f9fe38afd517828962fde29
19195,2021-07-08 19:00:00+00:00,0.0,0.71,uppsala,5f9fe38afd517828962fde29
19196,2021-07-08 20:00:00+00:00,0.0,0.0,uppsala,5f9fe38afd517828962fde29
19197,2021-07-08 21:00:00+00:00,0.0,0.0,uppsala,5f9fe38afd517828962fde29
19198,2021-07-08 22:00:00+00:00,0.0,0.0,uppsala,5f9fe38afd517828962fde29
19199,2021-07-08 23:00:00+00:00,0.0,0.0,uppsala,5f9fe38afd517828962fde29
19200,2021-07-09 00:00:00+00:00,0.0,0.0,uppsala,5f9fe38afd517828962fde29
19201,2021-07-09 01:00:00+00:00,0.0,0.0,uppsala,5f9fe38afd517828962fde29
19202,2021-07-09 02:00:00+00:00,0.0,0.05,uppsala,5f9fe38afd517828962fde29
19203,2021-07-09 03:00:00+00:00,0.0,0.74,uppsala,5f9fe38afd517828962fde29
19204,2021-07-09 04:00:00+00:00,23.0,2.34,uppsala,5f9fe38afd517828962fde29
19205,2021-07-09 05:00:00+00:00,2.9,6.11,uppsala,5f9fe38afd517828962fde29
19206,2021-07-09 06:00:00+00:00,91.2,13.43,uppsala,5f9fe38afd517828962fde29
19207,2021-07-09 07:00:00+00:00,6.0,15.82,uppsala,5f9fe38afd517828962fde29
19208,2021-07-09 08:00:00+00:00,4.7,8.51,uppsala,5f9fe38afd517828962fde29
19209,2021-07-09 09:00:00+00:00,66.6,13.42,uppsala,5f9fe38afd517828962fde29
19210,2021-07-09 10:00:00+00:00,282.1,10.76,uppsala,5f9fe38afd517828962fde29
19211,2021-07-09 11:00:00+00:00,169.8,16.17,uppsala,5f9fe38afd517828962fde29
19212,2021-07-09 12:00:00+00:00,173.6,14.34,uppsala,5f9fe38afd517828962fde29
19213,2021-07-09 13:00:00+00:00,83.9,7.24,uppsala,5f9fe38afd517828962fde29
19214,2021-07-09 14:00:00+00:00,5.9,4.33,uppsala,5f9fe38afd517828962fde29
19215,2021-07-09 15:00:00+00:00,4.0,3.87,uppsala,5f9fe38afd517828962fde29
19216,2021-07-09 16:00:00+00:00,0.0,3.04,uppsala,5f9fe38afd517828962fde29
19217,2021-07-09 17:00:00+00:00,28.9,1.43,uppsala,5f9fe38afd517828962fde29
19218,2021-07-09 18:00:00+00:00,7.7,0.33,uppsala,5f9fe38afd517828962fde29
19219,2021-07-09 19:00:00+00:00,0.0,0.0,uppsala,5f9fe38afd517828962fde29
19220,2021-07-09 20:00:00+00:00,0.0,0.0,uppsala,5f9fe38afd517828962fde29
19221,2021-07-09 21:00:00+00:00,0.0,0.0,uppsala,5f9fe38afd517828962fde29
19222,2021-07-09 22:00:00+00:00,0.0,0.0,uppsala,5f9fe38afd517828962fde29
19223,2021-07-09 23:00:00+00:00,0.0,0.0,uppsala,5f9fe38afd517828962fde29
19224,2021-07-10 00:00:00+00:00,0.0,0.0,uppsala,5f9fe38afd517828962fde29
19225,2021-07-10 01:00:00+00:00,0.0,0.0,uppsala,5f9fe38afd517828962fde29
19226,2021-07-10 02:00:00+00:00,0.0,0.01,uppsala,5f9fe38afd517828962fde29
19227,2021-07-10 03:00:00+00:00,0.0,0.16,uppsala,5f9fe38afd517828962fde29
19228,2021-07-10 04:00:00+00:00,2.1,0.26,uppsala,5f9fe38afd517828962fde29
19229,2021-07-10 05:00:00+00:00,0.0,0.8,uppsala,5f9fe38afd517828962fde29
19230,2021-07-10 06:00:00+00:00,0.8,2.78,uppsala,5f9fe38afd517828962fde29
19231,2021-07-10 07:00:00+00:00,7.5,2.92,uppsala,5f9fe38afd517828962fde29
19232,2021-07-10 08:00:00+00:00,5.8,10.79,uppsala,5f9fe38afd517828962fde29
19233,2021-07-10 09:00:00+00:00,290.5,12.61,uppsala,5f9fe38afd517828962fde29
19234,2021-07-10 10:00:00+00:00,563.9,15.41,uppsala,5f9fe38afd517828962fde29
19235,2021-07-10 11:00:00+00:00,301.1,12.41,uppsala,5f9fe38afd517828962fde29
19236,2021-07-10 12:00:00+00:00,330.9,14.11,uppsala,5f9fe38afd517828962fde29
19237,2021-07-10 13:00:00+00:00,79.1,12.37,uppsala,5f9fe38afd517828962fde29
19238,2021-07-10 14:00:00+00:00,124.4,6.2,uppsala,5f9fe38afd517828962fde29
19239,2021-07-10 15:00:00+00:00,4.6,5.17,uppsala,5f9fe38afd517828962fde29
19240,2021-07-10 16:00:00+00:00,4.5,4.86,uppsala,5f9fe38afd517828962fde29
19241,2021-07-10 17:00:00+00:00,166.1,2.35,uppsala,5f9fe38afd517828962fde29
19242,2021-07-10 18:00:00+00:00,104.9,2.22,uppsala,5f9fe38afd517828962fde29
19243,2021-07-10 19:00:00+00:00,12.8,0.27,uppsala,5f9fe38afd517828962fde29
19244,2021-07-10 20:00:00+00:00,0.0,0.0,uppsala,5f9fe38afd517828962fde29
19245,2021-07-10 21:00:00+00:00,0.0,0.0,uppsala,5f9fe38afd517828962fde29
19246,2021-07-10 22:00:00+00:00,0.0,0.0,uppsala,5f9fe38afd517828962fde29
19247,2021-07-10 23:00:00+00:00,0.0,0.0,uppsala,5f9fe38afd517828962fde29
19248,2021-07-11 00:00:00+00:00,0.0,0.0,uppsala,5f9fe38afd517828962fde29
19249,2021-07-11 01:00:00+00:00,0.0,0.0,uppsala,5f9fe38afd517828962fde29
19250,2021-07-11 02:00:00+00:00,0.0,0.0,uppsala,5f9fe38afd517828962fde29
19251,2021-07-11 03:00:00+00:00,7.2,1.36,uppsala,5f9fe38afd517828962fde29
19252,2021-07-11 04:00:00+00:00,0.2,2.31,uppsala,5f9fe38afd517828962fde29
19253,2021-07-11 05:00:00+00:00,31.5,3.76,uppsala,5f9fe38afd517828962fde29
19254,2021-07-11 06:00:00+00:00,4.0,5.84,uppsala,5f9fe38afd517828962fde29
19255,2021-07-11 07:00:00+00:00,269.9,10.7,uppsala,5f9fe38afd517828962fde29
19256,2021-07-11 08:00:00+00:00,37.8,20.08,uppsala,5f9fe38afd517828962fde29
19257,2021-07-11 09:00:00+00:00,468.3,21.71,uppsala,5f9fe38afd517828962fde29
19258,2021-07-11 10:00:00+00:00,831.6,19.73,uppsala,5f9fe38afd517828962fde29
19259,2021-07-11 11:00:00+00:00,870.0,16.01,uppsala,5f9fe38afd517828962fde29
19260,2021-07-11 12:00:00+00:00,880.1,15.98,uppsala,5f9fe38afd517828962fde29
19261,2021-07-11 13:00:00+00:00,873.4,15.37,uppsala,5f9fe38afd517828962fde29
19262,2021-07-11 14:00:00+00:00,847.1,13.79,uppsala,5f9fe38afd517828962fde29
19263,2021-07-11 15:00:00+00:00,736.5,10.95,uppsala,5f9fe38afd517828962fde29
19264,2021-07-11 16:00:00+00:00,582.7,8.14,uppsala,5f9fe38afd517828962fde29
19265,2021-07-11 17:00:00+00:00,550.7,6.53,uppsala,5f9fe38afd517828962fde29
19266,2021-07-11 18:00:00+00:00,403.8,4.05,uppsala,5f9fe38afd517828962fde29
19267,2021-07-11 19:00:00+00:00,176.9,0.73,uppsala,5f9fe38afd517828962fde29
19268,2021-07-11 20:00:00+00:00,0.0,0.0,uppsala,5f9fe38afd517828962fde29
19269,2021-07-11 21:00:00+00:00,0.0,0.0,uppsala,5f9fe38afd517828962fde29
19270,2021-07-11 22:00:00+00:00,0.0,0.0,uppsala,5f9fe38afd517828962fde29
19271,2021-07-11 23:00:00+00:00,0.0,0.0,uppsala,5f9fe38afd517828962fde29
19272,2021-07-12 00:00:00+00:00,0.0,0.0,uppsala,5f9fe38afd517828962fde29
19273,2021-07-12 01:00:00+00:00,0.0,0.0,uppsala,5f9fe38afd517828962fde29
19274,2021-07-12 02:00:00+00:00,0.1,1.4,uppsala,5f9fe38afd517828962fde29
19275,2021-07-12 03:00:00+00:00,215.0,5.23,uppsala,5f9fe38afd517828962fde29
19276,2021-07-12 04:00:00+00:00,423.1,8.95,uppsala,5f9fe38afd517828962fde29
19277,2021-07-12 05:00:00+00:00,563.9,13.58,uppsala,5f9fe38afd517828962fde29
19278,2021-07-12 06:00:00+00:00,674.2,16.9,uppsala,5f9fe38afd517828962fde29
19279,2021-07-12 07:00:00+00:00,749.8,18.61,uppsala,5f9fe38afd517828962fde29
19280,2021-07-12 08:00:00+00:00,791.9,20.79,uppsala,5f9fe38afd517828962fde29
19281,2021-07-12 09:00:00+00:00,137.0,21.7,uppsala,5f9fe38afd517828962fde29
19282,2021-07-12 10:00:00+00:00,820.6,12.22,uppsala,5f9fe38afd517828962fde29
19283,2021-07-12 11:00:00+00:00,536.6,11.88,uppsala,5f9fe38afd517828962fde29
19284,2021-07-12 12:00:00+00:00,724.2,13.74,uppsala,5f9fe38afd517828962fde29
19285,2021-07-12 13:00:00+00:00,8.4,14.69,uppsala,5f9fe38afd517828962fde29
19286,2021-07-12 14:00:00+00:00,782.6,13.03,uppsala,5f9fe38afd517828962fde29
19287,2021-07-12 15:00:00+00:00,684.9,6.5,uppsala,5f9fe38afd517828962fde29
19288,2021-07-12 16:00:00+00:00,557.9,7.82,uppsala,5f9fe38afd517828962fde29
19289,2021-07-12 17:00:00+00:00,423.4,5.24,uppsala,5f9fe38afd517828962fde29
19290,2021-07-12 18:00:00+00:00,362.9,1.22,uppsala,5f9fe38afd517828962fde29
19291,2021-07-12 19:00:00+00:00,6.3,0.09,uppsala,5f9fe38afd517828962fde29
19292,2021-07-12 20:00:00+00:00,0.0,0.0,uppsala,5f9fe38afd517828962fde29
19293,2021-07-12 21:00:00+00:00,0.0,0.0,uppsala,5f9fe38afd517828962fde29
19294,2021-07-12 22:00:00+00:00,0.0,0.0,uppsala,5f9fe38afd517828962fde29
19295,2021-07-12 23:00:00+00:00,0.0,0.0,uppsala,5f9fe38afd517828962fde29
19296,2021-07-13 00:00:00+00:00,0.0,0.0,uppsala,5f9fe38afd517828962fde29
19297,2021-07-13 01:00:00+00:00,0.0,0.0,uppsala,5f9fe38afd517828962fde29
19298,2021-07-13 02:00:00+00:00,0.0,0.91,uppsala,5f9fe38afd517828962fde29
19299,2021-07-13 03:00:00+00:00,196.3,4.47,uppsala,5f9fe38afd517828962fde29
19300,2021-07-13 04:00:00+00:00,405.6,8.35,uppsala,5f9fe38afd517828962fde29
19301,2021-07-13 05:00:00+00:00,545.8,12.54,uppsala,5f9fe38afd517828962fde29
19302,2021-07-13 06:00:00+00:00,61.0,16.25,uppsala,5f9fe38afd517828962fde29
19303,2021-07-13 07:00:00+00:00,647.3,18.69,uppsala,5f9fe38afd517828962fde29
19304,2021-07-13 08:00:00+00:00,726.7,19.8,uppsala,5f9fe38afd517828962fde29
19305,2021-07-13 09:00:00+00:00,729.9,19.65,uppsala,5f9fe38afd517828962fde29
19306,2021-07-13 10:00:00+00:00,723.1,18.85,uppsala,5f9fe38afd517828962fde29
19307,2021-07-13 11:00:00+00:00,698.9,15.52,uppsala,5f9fe38afd517828962fde29
19308,2021-07-13 12:00:00+00:00,654.8,12.75,uppsala,5f9fe38afd517828962fde29
19309,2021-07-13 13:00:00+00:00,317.6,11.15,uppsala,5f9fe38afd517828962fde29
19310,2021-07-13 14:00:00+00:00,200.7,12.1,uppsala,5f9fe38afd517828962fde29
19311,2021-07-13 15:00:00+00:00,493.8,10.08,uppsala,5f9fe38afd517828962fde29
19312,2021-07-13 16:00:00+00:00,448.0,6.78,uppsala,5f9fe38afd517828962fde29
19313,2021-07-13 17:00:00+00:00,376.5,3.27,uppsala,5f9fe38afd517828962fde29
19314,2021-07-13 18:00:00+00:00,231.2,0.15,uppsala,5f9fe38afd517828962fde29
19315,2021-07-13 19:00:00+00:00,45.7,0.0,uppsala,5f9fe38afd517828962fde29
19316,2021-07-13 20:00:00+00:00,0.0,0.0,uppsala,5f9fe38afd517828962fde29
19317,2021-07-13 21:00:00+00:00,0.0,0.0,uppsala,5f9fe38afd517828962fde29
19318,2021-07-13 22:00:00+00:00,0.0,0.0,uppsala,5f9fe38afd517828962fde29
19319,2021-07-13 23:00:00+00:00,0.0,0.0,uppsala,5f9fe38afd517828962fde29
19320,2021-07-14 00:00:00+00:00,0.0,0.0,uppsala,5f9fe38afd517828962fde29
19321,2021-07-14 01:00:00+00:00,0.0,0.0,uppsala,5f9fe38afd517828962fde29
19322,2021-07-14 02:00:00+00:00,0.0,0.44,uppsala,5f9fe38afd517828962fde29
19323,2021-07-14 03:00:00+00:00,123.9,3.53,uppsala,5f9fe38afd517828962fde29
19324,2021-07-14 04:00:00+00:00,363.4,7.63,uppsala,5f9fe38afd517828962fde29
19325,2021-07-14 05:00:00+00:00,525.7,12.19,uppsala,5f9fe38afd517828962fde29
19326,2021-07-14 06:00:00+00:00,632.5,16.0,uppsala,5f9fe38afd517828962fde29
19327,2021-07-14 07:00:00+00:00,712.1,18.74,uppsala,5f9fe38afd517828962fde29
19328,2021-07-14 08:00:00+00:00,758.2,19.85,uppsala,5f9fe38afd517828962fde29
19329,2021-07-14 09:00:00+00:00,790.0,19.49,uppsala,5f9fe38afd517828962fde29
19330,2021-07-14 10:00:00+00:00,799.8,19.05,uppsala,5f9fe38afd517828962fde29
19331,2021-07-14 11:00:00+00:00,789.2,15.13,uppsala,5f9fe38afd517828962fde29
19332,2021-07-14 12:00:00+00:00,766.7,15.45,uppsala,5f9fe38afd517828962fde29
19333,2021-07-14 13:00:00+00:00,737.6,14.68,uppsala,5f9fe38afd517828962fde29
19334,2021-07-14 14:00:00+00:00,693.9,12.78,uppsala,5f9fe38afd517828962fde29
19335,2021-07-14 15:00:00+00:00,681.3,10.07,uppsala,5f9fe38afd517828962fde29
19336,2021-07-14 16:00:00+00:00,620.7,7.32,uppsala,5f9fe38afd517828962fde29
19337,2021-07-14 17:00:00+00:00,522.3,5.03,uppsala,5f9fe38afd517828962fde29
19338,2021-07-14 18:00:00+00:00,329.9,0.51,uppsala,5f9fe38afd517828962fde29
19339,2021-07-14 19:00:00+00:00,115.7,0.0,uppsala,5f9fe38afd517828962fde29
19340,2021-07-14 20:00:00+00:00,0.0,0.0,uppsala,5f9fe38afd517828962fde29
19341,2021-07-14 21:00:00+00:00,0.0,0.0,uppsala,5f9fe38afd517828962fde29
19342,2021-07-14 22:00:00+00:00,0.0,0.0,uppsala,5f9fe38afd517828962fde29
19343,2021-07-14 23:00:00+00:00,0.0,0.0,uppsala,5f9fe38afd517828962fde29
19344,2021-07-15 00:00:00+00:00,0.0,0.0,uppsala,5f9fe38afd517828962fde29
19345,2021-07-15 01:00:00+00:00,0.0,0.0,uppsala,5f9fe38afd517828962fde29
19346,2021-07-15 02:00:00+00:00,0.0,0.45,uppsala,5f9fe38afd517828962fde29
19347,2021-07-15 03:00:00+00:00,0.0,1.04,uppsala,5f9fe38afd517828962fde29
19348,2021-07-15 04:00:00+00:00,89.2,6.88,uppsala,5f9fe38afd517828962fde29
19349,2021-07-15 05:00:00+00:00,108.9,11.42,uppsala,5f9fe38afd517828962fde29
19350,2021-07-15 06:00:00+00:00,473.3,15.44,uppsala,5f9fe38afd517828962fde29
19351,2021-07-15 07:00:00+00:00,569.3,17.88,uppsala,5f9fe38afd517828962fde29
19352,2021-07-15 08:00:00+00:00,619.0,19.06,uppsala,5f9fe38afd517828962fde29
19353,2021-07-15 09:00:00+00:00,641.7,17.03,uppsala,5f9fe38afd517828962fde29
19354,2021-07-15 10:00:00+00:00,656.9,13.35,uppsala,5f9fe38afd517828962fde29
19355,2021-07-15 11:00:00+00:00,679.0,14.06,uppsala,5f9fe38afd517828962fde29
19356,2021-07-15 12:00:00+00:00,616.2,15.3,uppsala,5f9fe38afd517828962fde29
19357,2021-07-15 13:00:00+00:00,640.1,11.87,uppsala,5f9fe38afd517828962fde29
19358,2021-07-15 14:00:00+00:00,222.8,11.61,uppsala,5f9fe38afd517828962fde29
19359,2021-07-15 15:00:00+00:00,545.8,9.62,uppsala,5f9fe38afd517828962fde29
19360,2021-07-15 16:00:00+00:00,502.9,7.49,uppsala,5f9fe38afd517828962fde29
19361,2021-07-15 17:00:00+00:00,421.0,5.47,uppsala,5f9fe38afd517828962fde29
19362,2021-07-15 18:00:00+00:00,278.6,2.82,uppsala,5f9fe38afd517828962fde29
19363,2021-07-15 19:00:00+00:00,85.0,0.34,uppsala,5f9fe38afd517828962fde29
19364,2021-07-15 20:00:00+00:00,0.0,0.0,uppsala,5f9fe38afd517828962fde29
19365,2021-07-15 21:00:00+00:00,0.0,0.0,uppsala,5f9fe38afd517828962fde29
19366,2021-07-15 22:00:00+00:00,0.0,0.0,uppsala,5f9fe38afd517828962fde29
19367,2021-07-15 23:00:00+00:00,0.0,0.0,uppsala,5f9fe38afd517828962fde29
19368,2021-07-16 00:00:00+00:00,0.0,0.0,uppsala,5f9fe38afd517828962fde29
19369,2021-07-16 01:00:00+00:00,0.0,0.0,uppsala,5f9fe38afd517828962fde29
19370,2021-07-16 02:00:00+00:00,0.0,0.06,uppsala,5f9fe38afd517828962fde29
19371,2021-07-16 03:00:00+00:00,0.0,2.32,uppsala,5f9fe38afd517828962fde29
19372,2021-07-16 04:00:00+00:00,18.6,4.7,uppsala,5f9fe38afd517828962fde29
19373,2021-07-16 05:00:00+00:00,0.2,6.28,uppsala,5f9fe38afd517828962fde29
19374,2021-07-16 06:00:00+00:00,378.1,13.06,uppsala,5f9fe38afd517828962fde29
19375,2021-07-16 07:00:00+00:00,135.6,16.33,uppsala,5f9fe38afd517828962fde29
19376,2021-07-16 08:00:00+00:00,563.5,18.92,uppsala,5f9fe38afd517828962fde29
19377,2021-07-16 09:00:00+00:00,787.5,20.27,uppsala,5f9fe38afd517828962fde29
19378,2021-07-16 10:00:00+00:00,840.8,19.63,uppsala,5f9fe38afd517828962fde29
19379,2021-07-16 11:00:00+00:00,868.3,15.57,uppsala,5f9fe38afd517828962fde29
19380,2021-07-16 12:00:00+00:00,872.9,15.51,uppsala,5f9fe38afd517828962fde29
19381,2021-07-16 13:00:00+00:00,865.0,14.92,uppsala,5f9fe38afd517828962fde29
19382,2021-07-16 14:00:00+00:00,839.4,13.42,uppsala,5f9fe38afd517828962fde29
19383,2021-07-16 15:00:00+00:00,779.5,10.68,uppsala,5f9fe38afd517828962fde29
19384,2021-07-16 16:00:00+00:00,696.7,7.79,uppsala,5f9fe38afd517828962fde29
19385,2021-07-16 17:00:00+00:00,582.7,6.11,uppsala,5f9fe38afd517828962fde29
19386,2021-07-16 18:00:00+00:00,409.3,3.26,uppsala,5f9fe38afd517828962fde29
19387,2021-07-16 19:00:00+00:00,163.2,0.29,uppsala,5f9fe38afd517828962fde29
19388,2021-07-16 20:00:00+00:00,0.0,0.0,uppsala,5f9fe38afd517828962fde29
19389,2021-07-16 21:00:00+00:00,0.0,0.0,uppsala,5f9fe38afd517828962fde29
19390,2021-07-16 22:00:00+00:00,0.0,0.0,uppsala,5f9fe38afd517828962fde29
19391,2021-07-16 23:00:00+00:00,0.0,0.0,uppsala,5f9fe38afd517828962fde29
19392,2021-07-17 00:00:00+00:00,0.0,0.0,uppsala,5f9fe38afd517828962fde29
19393,2021-07-17 01:00:00+00:00,0.0,0.0,uppsala,5f9fe38afd517828962fde29
19394,2021-07-17 02:00:00+00:00,0.0,0.52,uppsala,5f9fe38afd517828962fde29
19395,2021-07-17 03:00:00+00:00,177.6,3.15,uppsala,5f9fe38afd517828962fde29
19396,2021-07-17 04:00:00+00:00,386.0,7.68,uppsala,5f9fe38afd517828962fde29
19397,2021-07-17 05:00:00+00:00,530.6,12.13,uppsala,5f9fe38afd517828962fde29
19398,2021-07-17 06:00:00+00:00,626.7,16.33,uppsala,5f9fe38afd517828962fde29
19399,2021-07-17 07:00:00+00:00,680.2,18.89,uppsala,5f9fe38afd517828962fde29
19400,2021-07-17 08:00:00+00:00,720.9,18.7,uppsala,5f9fe38afd517828962fde29
19401,2021-07-17 09:00:00+00:00,727.4,18.34,uppsala,5f9fe38afd517828962fde29
19402,2021-07-17 10:00:00+00:00,737.5,18.0,uppsala,5f9fe38afd517828962fde29
19403,2021-07-17 11:00:00+00:00,740.4,13.36,uppsala,5f9fe38afd517828962fde29
19404,2021-07-17 12:00:00+00:00,663.3,14.18,uppsala,5f9fe38afd517828962fde29
19405,2021-07-17 13:00:00+00:00,607.2,13.44,uppsala,5f9fe38afd517828962fde29
19406,2021-07-17 14:00:00+00:00,669.7,12.65,uppsala,5f9fe38afd517828962fde29
19407,2021-07-17 15:00:00+00:00,458.2,9.19,uppsala,5f9fe38afd517828962fde29
19408,2021-07-17 16:00:00+00:00,383.4,6.89,uppsala,5f9fe38afd517828962fde29
19409,2021-07-17 17:00:00+00:00,275.0,4.42,uppsala,5f9fe38afd517828962fde29
19410,2021-07-17 18:00:00+00:00,144.0,1.59,uppsala,5f9fe38afd517828962fde29
19411,2021-07-17 19:00:00+00:00,22.3,0.07,uppsala,5f9fe38afd517828962fde29
19412,2021-07-17 20:00:00+00:00,0.0,0.0,uppsala,5f9fe38afd517828962fde29
19413,2021-07-17 21:00:00+00:00,0.0,0.0,uppsala,5f9fe38afd517828962fde29
19414,2021-07-17 22:00:00+00:00,0.0,0.0,uppsala,5f9fe38afd517828962fde29
19415,2021-07-17 23:00:00+00:00,0.0,0.0,uppsala,5f9fe38afd517828962fde29
19416,2021-07-18 00:00:00+00:00,0.0,0.0,uppsala,5f9fe38afd517828962fde29
19417,2021-07-18 01:00:00+00:00,0.0,0.0,uppsala,5f9fe38afd517828962fde29
19418,2021-07-18 02:00:00+00:00,0.0,0.59,uppsala,5f9fe38afd517828962fde29
19419,2021-07-18 03:00:00+00:00,95.2,3.57,uppsala,5f9fe38afd517828962fde29
19420,2021-07-18 04:00:00+00:00,302.9,6.31,uppsala,5f9fe38afd517828962fde29
19421,2021-07-18 05:00:00+00:00,66.0,7.38,uppsala,5f9fe38afd517828962fde29
19422,2021-07-18 06:00:00+00:00,611.5,15.11,uppsala,5f9fe38afd517828962fde29
19423,2021-07-18 07:00:00+00:00,530.3,9.2,uppsala,5f9fe38afd517828962fde29
19424,2021-07-18 08:00:00+00:00,49.1,18.01,uppsala,5f9fe38afd517828962fde29
19425,2021-07-18 09:00:00+00:00,556.5,21.33,uppsala,5f9fe38afd517828962fde29
19426,2021-07-18 10:00:00+00:00,820.5,13.02,uppsala,5f9fe38afd517828962fde29
19427,2021-07-18 11:00:00+00:00,463.4,4.46,uppsala,5f9fe38afd517828962fde29
19428,2021-07-18 12:00:00+00:00,510.9,13.63,uppsala,5f9fe38afd517828962fde29
19429,2021-07-18 13:00:00+00:00,60.5,9.77,uppsala,5f9fe38afd517828962fde29
19430,2021-07-18 14:00:00+00:00,7.3,2.93,uppsala,5f9fe38afd517828962fde29
19431,2021-07-18 15:00:00+00:00,63.4,3.4,uppsala,5f9fe38afd517828962fde29
19432,2021-07-18 16:00:00+00:00,4.9,3.16,uppsala,5f9fe38afd517828962fde29
19433,2021-07-18 17:00:00+00:00,0.0,1.95,uppsala,5f9fe38afd517828962fde29
19434,2021-07-18 18:00:00+00:00,65.9,2.22,uppsala,5f9fe38afd517828962fde29
19435,2021-07-18 19:00:00+00:00,0.0,0.64,uppsala,5f9fe38afd517828962fde29
19436,2021-07-18 20:00:00+00:00,0.0,0.0,uppsala,5f9fe38afd517828962fde29
19437,2021-07-18 21:00:00+00:00,0.0,0.0,uppsala,5f9fe38afd517828962fde29
19438,2021-07-18 22:00:00+00:00,0.0,0.0,uppsala,5f9fe38afd517828962fde29
19439,2021-07-18 23:00:00+00:00,0.0,0.0,uppsala,5f9fe38afd517828962fde29
19440,2021-07-19 00:00:00+00:00,0.0,0.0,uppsala,5f9fe38afd517828962fde29
19441,2021-07-19 01:00:00+00:00,0.0,0.0,uppsala,5f9fe38afd517828962fde29
19442,2021-07-19 02:00:00+00:00,0.0,0.94,uppsala,5f9fe38afd517828962fde29
19443,2021-07-19 03:00:00+00:00,206.1,4.73,uppsala,5f9fe38afd517828962fde29
19444,2021-07-19 04:00:00+00:00,416.8,8.66,uppsala,5f9fe38afd517828962fde29
19445,2021-07-19 05:00:00+00:00,565.3,13.24,uppsala,5f9fe38afd517828962fde29
19446,2021-07-19 06:00:00+00:00,670.2,16.04,uppsala,5f9fe38afd517828962fde29
19447,2021-07-19 07:00:00+00:00,756.6,17.91,uppsala,5f9fe38afd517828962fde29
19448,2021-07-19 08:00:00+00:00,503.6,16.5,uppsala,5f9fe38afd517828962fde29
19449,2021-07-19 09:00:00+00:00,574.3,20.1,uppsala,5f9fe38afd517828962fde29
19450,2021-07-19 10:00:00+00:00,507.4,18.4,uppsala,5f9fe38afd517828962fde29
19451,2021-07-19 11:00:00+00:00,346.9,14.55,uppsala,5f9fe38afd517828962fde29
19452,2021-07-19 12:00:00+00:00,147.6,16.48,uppsala,5f9fe38afd517828962fde29
19453,2021-07-19 13:00:00+00:00,684.8,14.17,uppsala,5f9fe38afd517828962fde29
19454,2021-07-19 14:00:00+00:00,225.2,13.79,uppsala,5f9fe38afd517828962fde29
19455,2021-07-19 15:00:00+00:00,689.9,10.83,uppsala,5f9fe38afd517828962fde29
19456,2021-07-19 16:00:00+00:00,623.0,7.93,uppsala,5f9fe38afd517828962fde29
19457,2021-07-19 17:00:00+00:00,526.4,6.2,uppsala,5f9fe38afd517828962fde29
19458,2021-07-19 18:00:00+00:00,362.6,1.07,uppsala,5f9fe38afd517828962fde29
19459,2021-07-19 19:00:00+00:00,126.5,0.05,uppsala,5f9fe38afd517828962fde29
19460,2021-07-19 20:00:00+00:00,0.0,0.0,uppsala,5f9fe38afd517828962fde29
19461,2021-07-19 21:00:00+00:00,0.0,0.0,uppsala,5f9fe38afd517828962fde29
19462,2021-07-19 22:00:00+00:00,0.0,0.0,uppsala,5f9fe38afd517828962fde29
19463,2021-07-19 23:00:00+00:00,0.0,0.0,uppsala,5f9fe38afd517828962fde29
19464,2021-07-20 00:00:00+00:00,0.0,0.0,uppsala,5f9fe38afd517828962fde29
19465,2021-07-20 01:00:00+00:00,0.0,0.0,uppsala,5f9fe38afd517828962fde29
19466,2021-07-20 02:00:00+00:00,0.0,0.16,uppsala,5f9fe38afd517828962fde29
19467,2021-07-20 03:00:00+00:00,13.5,1.58,uppsala,5f9fe38afd517828962fde29
19468,2021-07-20 04:00:00+00:00,249.2,2.58,uppsala,5f9fe38afd517828962fde29
19469,2021-07-20 05:00:00+00:00,134.2,12.5,uppsala,5f9fe38afd517828962fde29
19470,2021-07-20 06:00:00+00:00,433.3,12.15,uppsala,5f9fe38afd517828962fde29
19471,2021-07-20 07:00:00+00:00,729.9,16.74,uppsala,5f9fe38afd517828962fde29
19472,2021-07-20 08:00:00+00:00,13.9,6.06,uppsala,5f9fe38afd517828962fde29
19473,2021-07-20 09:00:00+00:00,76.3,9.06,uppsala,5f9fe38afd517828962fde29
19474,2021-07-20 10:00:00+00:00,251.5,16.27,uppsala,5f9fe38afd517828962fde29
19475,2021-07-20 11:00:00+00:00,493.7,12.25,uppsala,5f9fe38afd517828962fde29
19476,2021-07-20 12:00:00+00:00,442.1,8.99,uppsala,5f9fe38afd517828962fde29
19477,2021-07-20 13:00:00+00:00,283.1,4.32,uppsala,5f9fe38afd517828962fde29
19478,2021-07-20 14:00:00+00:00,11.1,9.27,uppsala,5f9fe38afd517828962fde29
19479,2021-07-20 15:00:00+00:00,10.8,7.3,uppsala,5f9fe38afd517828962fde29
19480,2021-07-20 16:00:00+00:00,378.1,7.41,uppsala,5f9fe38afd517828962fde29
19481,2021-07-20 17:00:00+00:00,393.3,4.99,uppsala,5f9fe38afd517828962fde29
19482,2021-07-20 18:00:00+00:00,227.0,2.84,uppsala,5f9fe38afd517828962fde29
19483,2021-07-20 19:00:00+00:00,41.0,0.28,uppsala,5f9fe38afd517828962fde29
19484,2021-07-20 20:00:00+00:00,0.0,0.0,uppsala,5f9fe38afd517828962fde29
19485,2021-07-20 21:00:00+00:00,0.0,0.0,uppsala,5f9fe38afd517828962fde29
19486,2021-07-20 22:00:00+00:00,0.0,0.0,uppsala,5f9fe38afd517828962fde29
19487,2021-07-20 23:00:00+00:00,0.0,0.0,uppsala,5f9fe38afd517828962fde29
19488,2021-07-21 00:00:00+00:00,0.0,0.0,uppsala,5f9fe38afd517828962fde29
19489,2021-07-21 01:00:00+00:00,0.0,0.0,uppsala,5f9fe38afd517828962fde29
19490,2021-07-21 02:00:00+00:00,0.0,0.67,uppsala,5f9fe38afd517828962fde29
19491,2021-07-21 03:00:00+00:00,179.1,4.41,uppsala,5f9fe38afd517828962fde29
19492,2021-07-21 04:00:00+00:00,443.1,8.74,uppsala,5f9fe38afd517828962fde29
19493,2021-07-21 05:00:00+00:00,592.8,13.47,uppsala,5f9fe38afd517828962fde29
19494,2021-07-21 06:00:00+00:00,694.1,17.11,uppsala,5f9fe38afd517828962fde29
19495,2021-07-21 07:00:00+00:00,771.1,19.15,uppsala,5f9fe38afd517828962fde29
19496,2021-07-21 08:00:00+00:00,822.7,20.77,uppsala,5f9fe38afd517828962fde29
19497,2021-07-21 09:00:00+00:00,852.1,20.41,uppsala,5f9fe38afd517828962fde29
19498,2021-07-21 10:00:00+00:00,864.4,19.73,uppsala,5f9fe38afd517828962fde29
19499,2021-07-21 11:00:00+00:00,867.1,15.6,uppsala,5f9fe38afd517828962fde29
19500,2021-07-21 12:00:00+00:00,856.2,15.85,uppsala,5f9fe38afd517828962fde29
19501,2021-07-21 13:00:00+00:00,834.4,15.44,uppsala,5f9fe38afd517828962fde29
19502,2021-07-21 14:00:00+00:00,793.5,13.77,uppsala,5f9fe38afd517828962fde29
19503,2021-07-21 15:00:00+00:00,832.2,10.92,uppsala,5f9fe38afd517828962fde29
19504,2021-07-21 16:00:00+00:00,768.0,7.77,uppsala,5f9fe38afd517828962fde29
19505,2021-07-21 17:00:00+00:00,668.1,5.94,uppsala,5f9fe38afd517828962fde29
19506,2021-07-21 18:00:00+00:00,484.9,3.11,uppsala,5f9fe38afd517828962fde29
19507,2021-07-21 19:00:00+00:00,201.5,0.29,uppsala,5f9fe38afd517828962fde29
19508,2021-07-21 20:00:00+00:00,0.0,0.0,uppsala,5f9fe38afd517828962fde29
19509,2021-07-21 21:00:00+00:00,0.0,0.0,uppsala,5f9fe38afd517828962fde29
19510,2021-07-21 22:00:00+00:00,0.0,0.0,uppsala,5f9fe38afd517828962fde29
19511,2021-07-21 23:00:00+00:00,0.0,0.0,uppsala,5f9fe38afd517828962fde29
19512,2021-07-22 00:00:00+00:00,0.0,0.0,uppsala,5f9fe38afd517828962fde29
19513,2021-07-22 01:00:00+00:00,0.0,0.0,uppsala,5f9fe38afd517828962fde29
19514,2021-07-22 02:00:00+00:00,0.0,0.49,uppsala,5f9fe38afd517828962fde29
19515,2021-07-22 03:00:00+00:00,174.9,3.59,uppsala,5f9fe38afd517828962fde29
19516,2021-07-22 04:00:00+00:00,419.1,8.15,uppsala,5f9fe38afd517828962fde29
19517,2021-07-22 05:00:00+00:00,580.3,12.83,uppsala,5f9fe38afd517828962fde29
19518,2021-07-22 06:00:00+00:00,674.4,16.46,uppsala,5f9fe38afd517828962fde29
19519,2021-07-22 07:00:00+00:00,724.8,18.07,uppsala,5f9fe38afd517828962fde29
19520,2021-07-22 08:00:00+00:00,734.2,18.43,uppsala,5f9fe38afd517828962fde29
19521,2021-07-22 09:00:00+00:00,85.2,20.04,uppsala,5f9fe38afd517828962fde29
19522,2021-07-22 10:00:00+00:00,475.3,19.56,uppsala,5f9fe38afd517828962fde29
19523,2021-07-22 11:00:00+00:00,718.5,15.62,uppsala,5f9fe38afd517828962fde29
19524,2021-07-22 12:00:00+00:00,761.8,15.52,uppsala,5f9fe38afd517828962fde29
19525,2021-07-22 13:00:00+00:00,655.9,15.24,uppsala,5f9fe38afd517828962fde29
19526,2021-07-22 14:00:00+00:00,655.1,13.34,uppsala,5f9fe38afd517828962fde29
19527,2021-07-22 15:00:00+00:00,528.2,8.62,uppsala,5f9fe38afd517828962fde29
19528,2021-07-22 16:00:00+00:00,464.3,6.44,uppsala,5f9fe38afd517828962fde29
19529,2021-07-22 17:00:00+00:00,338.0,3.52,uppsala,5f9fe38afd517828962fde29
19530,2021-07-22 18:00:00+00:00,212.1,2.06,uppsala,5f9fe38afd517828962fde29
19531,2021-07-22 19:00:00+00:00,39.1,0.1,uppsala,5f9fe38afd517828962fde29
19532,2021-07-22 20:00:00+00:00,0.0,0.0,uppsala,5f9fe38afd517828962fde29
19533,2021-07-22 21:00:00+00:00,0.0,0.0,uppsala,5f9fe38afd517828962fde29
19534,2021-07-22 22:00:00+00:00,0.0,0.0,uppsala,5f9fe38afd517828962fde29
19535,2021-07-22 23:00:00+00:00,0.0,0.0,uppsala,5f9fe38afd517828962fde29
19536,2021-07-23 00:00:00+00:00,0.0,0.0,uppsala,5f9fe38afd517828962fde29
19537,2021-07-23 01:00:00+00:00,0.0,0.0,uppsala,5f9fe38afd517828962fde29
19538,2021-07-23 02:00:00+00:00,0.0,0.16,uppsala,5f9fe38afd517828962fde29
19539,2021-07-23 03:00:00+00:00,7.0,3.34,uppsala,5f9fe38afd517828962fde29
19540,2021-07-23 04:00:00+00:00,280.4,7.92,uppsala,5f9fe38afd517828962fde29
19541,2021-07-23 05:00:00+00:00,446.1,12.89,uppsala,5f9fe38afd517828962fde29
19542,2021-07-23 06:00:00+00:00,555.3,17.01,uppsala,5f9fe38afd517828962fde29
19543,2021-07-23 07:00:00+00:00,634.4,17.18,uppsala,5f9fe38afd517828962fde29
19544,2021-07-23 08:00:00+00:00,678.6,20.05,uppsala,5f9fe38afd517828962fde29
19545,2021-07-23 09:00:00+00:00,642.6,20.12,uppsala,5f9fe38afd517828962fde29
19546,2021-07-23 10:00:00+00:00,671.9,19.06,uppsala,5f9fe38afd517828962fde29
19547,2021-07-23 11:00:00+00:00,749.7,15.39,uppsala,5f9fe38afd517828962fde29
19548,2021-07-23 12:00:00+00:00,763.2,15.76,uppsala,5f9fe38afd517828962fde29
19549,2021-07-23 13:00:00+00:00,743.8,15.26,uppsala,5f9fe38afd517828962fde29
19550,2021-07-23 14:00:00+00:00,705.6,13.53,uppsala,5f9fe38afd517828962fde29
19551,2021-07-23 15:00:00+00:00,753.2,10.64,uppsala,5f9fe38afd517828962fde29
19552,2021-07-23 16:00:00+00:00,671.1,7.67,uppsala,5f9fe38afd517828962fde29
19553,2021-07-23 17:00:00+00:00,556.5,5.81,uppsala,5f9fe38afd517828962fde29
19554,2021-07-23 18:00:00+00:00,376.0,2.94,uppsala,5f9fe38afd517828962fde29
19555,2021-07-23 19:00:00+00:00,105.7,0.25,uppsala,5f9fe38afd517828962fde29
19556,2021-07-23 20:00:00+00:00,0.0,0.0,uppsala,5f9fe38afd517828962fde29
19557,2021-07-23 21:00:00+00:00,0.0,0.0,uppsala,5f9fe38afd517828962fde29
19558,2021-07-23 22:00:00+00:00,0.0,0.0,uppsala,5f9fe38afd517828962fde29
19559,2021-07-23 23:00:00+00:00,0.0,0.0,uppsala,5f9fe38afd517828962fde29
19560,2021-07-24 00:00:00+00:00,0.0,0.0,uppsala,5f9fe38afd517828962fde29
19561,2021-07-24 01:00:00+00:00,0.0,0.0,uppsala,5f9fe38afd517828962fde29
19562,2021-07-24 02:00:00+00:00,0.0,0.46,uppsala,5f9fe38afd517828962fde29
19563,2021-07-24 03:00:00+00:00,131.9,4.02,uppsala,5f9fe38afd517828962fde29
19564,2021-07-24 04:00:00+00:00,383.4,8.02,uppsala,5f9fe38afd517828962fde29
19565,2021-07-24 05:00:00+00:00,564.8,12.21,uppsala,5f9fe38afd517828962fde29
19566,2021-07-24 06:00:00+00:00,683.2,16.05,uppsala,5f9fe38afd517828962fde29
19567,2021-07-24 07:00:00+00:00,752.7,18.62,uppsala,5f9fe38afd517828962fde29
19568,2021-07-24 08:00:00+00:00,799.0,19.97,uppsala,5f9fe38afd517828962fde29
19569,2021-07-24 09:00:00+00:00,835.8,19.79,uppsala,5f9fe38afd517828962fde29
19570,2021-07-24 10:00:00+00:00,849.9,20.18,uppsala,5f9fe38afd517828962fde29
19571,2021-07-24 11:00:00+00:00,824.9,16.1,uppsala,5f9fe38afd517828962fde29
19572,2021-07-24 12:00:00+00:00,845.6,15.6,uppsala,5f9fe38afd517828962fde29
19573,2021-07-24 13:00:00+00:00,829.4,15.0,uppsala,5f9fe38afd517828962fde29
19574,2021-07-24 14:00:00+00:00,794.8,13.6,uppsala,5f9fe38afd517828962fde29
19575,2021-07-24 15:00:00+00:00,741.0,10.65,uppsala,5f9fe38afd517828962fde29
19576,2021-07-24 16:00:00+00:00,677.1,7.44,uppsala,5f9fe38afd517828962fde29
19577,2021-07-24 17:00:00+00:00,580.3,5.49,uppsala,5f9fe38afd517828962fde29
19578,2021-07-24 18:00:00+00:00,417.4,2.31,uppsala,5f9fe38afd517828962fde29
19579,2021-07-24 19:00:00+00:00,132.6,0.13,uppsala,5f9fe38afd517828962fde29
19580,2021-07-24 20:00:00+00:00,0.0,0.0,uppsala,5f9fe38afd517828962fde29
19581,2021-07-24 21:00:00+00:00,0.0,0.0,uppsala,5f9fe38afd517828962fde29
19582,2021-07-24 22:00:00+00:00,0.0,0.0,uppsala,5f9fe38afd517828962fde29
19583,2021-07-24 23:00:00+00:00,0.0,0.0,uppsala,5f9fe38afd517828962fde29
19584,2021-07-25 00:00:00+00:00,0.0,0.0,uppsala,5f9fe38afd517828962fde29
19585,2021-07-25 01:00:00+00:00,0.0,0.0,uppsala,5f9fe38afd517828962fde29
19586,2021-07-25 02:00:00+00:00,0.0,0.29,uppsala,5f9fe38afd517828962fde29
19587,2021-07-25 03:00:00+00:00,179.2,3.49,uppsala,5f9fe38afd517828962fde29
19588,2021-07-25 04:00:00+00:00,451.1,7.67,uppsala,5f9fe38afd517828962fde29
19589,2021-07-25 05:00:00+00:00,630.5,12.14,uppsala,5f9fe38afd517828962fde29
19590,2021-07-25 06:00:00+00:00,731.1,16.0,uppsala,5f9fe38afd517828962fde29
19591,2021-07-25 07:00:00+00:00,794.7,18.55,uppsala,5f9fe38afd517828962fde29
19592,2021-07-25 08:00:00+00:00,837.1,19.52,uppsala,5f9fe38afd517828962fde29
19593,2021-07-25 09:00:00+00:00,860.6,19.47,uppsala,5f9fe38afd517828962fde29
19594,2021-07-25 10:00:00+00:00,882.2,18.96,uppsala,5f9fe38afd517828962fde29
19595,2021-07-25 11:00:00+00:00,885.4,15.19,uppsala,5f9fe38afd517828962fde29
19596,2021-07-25 12:00:00+00:00,878.4,15.49,uppsala,5f9fe38afd517828962fde29
19597,2021-07-25 13:00:00+00:00,861.9,14.96,uppsala,5f9fe38afd517828962fde29
19598,2021-07-25 14:00:00+00:00,834.8,13.15,uppsala,5f9fe38afd517828962fde29
19599,2021-07-25 15:00:00+00:00,751.0,10.3,uppsala,5f9fe38afd517828962fde29
19600,2021-07-25 16:00:00+00:00,685.5,7.32,uppsala,5f9fe38afd517828962fde29
19601,2021-07-25 17:00:00+00:00,563.1,5.43,uppsala,5f9fe38afd517828962fde29
19602,2021-07-25 18:00:00+00:00,396.5,2.47,uppsala,5f9fe38afd517828962fde29
19603,2021-07-25 19:00:00+00:00,106.7,0.1,uppsala,5f9fe38afd517828962fde29
19604,2021-07-25 20:00:00+00:00,0.0,0.0,uppsala,5f9fe38afd517828962fde29
19605,2021-07-25 21:00:00+00:00,0.0,0.0,uppsala,5f9fe38afd517828962fde29
19606,2021-07-25 22:00:00+00:00,0.0,0.0,uppsala,5f9fe38afd517828962fde29
19607,2021-07-25 23:00:00+00:00,0.0,0.0,uppsala,5f9fe38afd517828962fde29
19608,2021-07-26 00:00:00+00:00,0.0,0.0,uppsala,5f9fe38afd517828962fde29
19609,2021-07-26 01:00:00+00:00,0.0,0.0,uppsala,5f9fe38afd517828962fde29
19610,2021-07-26 02:00:00+00:00,0.0,0.39,uppsala,5f9fe38afd517828962fde29
19611,2021-07-26 03:00:00+00:00,82.9,2.17,uppsala,5f9fe38afd517828962fde29
19612,2021-07-26 04:00:00+00:00,319.1,7.1,uppsala,5f9fe38afd517828962fde29
19613,2021-07-26 05:00:00+00:00,483.9,12.59,uppsala,5f9fe38afd517828962fde29
19614,2021-07-26 06:00:00+00:00,588.2,14.55,uppsala,5f9fe38afd517828962fde29
19615,2021-07-26 07:00:00+00:00,651.5,17.95,uppsala,5f9fe38afd517828962fde29
19616,2021-07-26 08:00:00+00:00,702.3,20.09,uppsala,5f9fe38afd517828962fde29
19617,2021-07-26 09:00:00+00:00,739.1,19.7,uppsala,5f9fe38afd517828962fde29
19618,2021-07-26 10:00:00+00:00,760.4,18.61,uppsala,5f9fe38afd517828962fde29
19619,2021-07-26 11:00:00+00:00,749.6,15.9,uppsala,5f9fe38afd517828962fde29
19620,2021-07-26 12:00:00+00:00,730.3,15.67,uppsala,5f9fe38afd517828962fde29
19621,2021-07-26 13:00:00+00:00,637.0,14.23,uppsala,5f9fe38afd517828962fde29
19622,2021-07-26 14:00:00+00:00,636.4,12.6,uppsala,5f9fe38afd517828962fde29
19623,2021-07-26 15:00:00+00:00,2.7,8.76,uppsala,5f9fe38afd517828962fde29
19624,2021-07-26 16:00:00+00:00,9.9,3.81,uppsala,5f9fe38afd517828962fde29
19625,2021-07-26 17:00:00+00:00,35.8,2.74,uppsala,5f9fe38afd517828962fde29
19626,2021-07-26 18:00:00+00:00,0.0,0.93,uppsala,5f9fe38afd517828962fde29
19627,2021-07-26 19:00:00+00:00,0.0,0.0,uppsala,5f9fe38afd517828962fde29
19628,2021-07-26 20:00:00+00:00,0.0,0.0,uppsala,5f9fe38afd517828962fde29
19629,2021-07-26 21:00:00+00:00,0.0,0.0,uppsala,5f9fe38afd517828962fde29
19630,2021-07-26 22:00:00+00:00,0.0,0.0,uppsala,5f9fe38afd517828962fde29
19631,2021-07-26 23:00:00+00:00,0.0,0.0,uppsala,5f9fe38afd517828962fde29
19632,2021-07-27 00:00:00+00:00,0.0,0.0,uppsala,5f9fe38afd517828962fde29
19633,2021-07-27 01:00:00+00:00,0.0,0.0,uppsala,5f9fe38afd517828962fde29
19634,2021-07-27 02:00:00+00:00,0.0,0.0,uppsala,5f9fe38afd517828962fde29
19635,2021-07-27 03:00:00+00:00,17.7,1.36,uppsala,5f9fe38afd517828962fde29
19636,2021-07-27 04:00:00+00:00,181.5,6.85,uppsala,5f9fe38afd517828962fde29
19637,2021-07-27 05:00:00+00:00,133.1,10.66,uppsala,5f9fe38afd517828962fde29
19638,2021-07-27 06:00:00+00:00,322.9,13.37,uppsala,5f9fe38afd517828962fde29
19639,2021-07-27 07:00:00+00:00,530.1,13.63,uppsala,5f9fe38afd517828962fde29
19640,2021-07-27 08:00:00+00:00,448.7,18.89,uppsala,5f9fe38afd517828962fde29
19641,2021-07-27 09:00:00+00:00,640.7,18.51,uppsala,5f9fe38afd517828962fde29
19642,2021-07-27 10:00:00+00:00,659.4,16.88,uppsala,5f9fe38afd517828962fde29
19643,2021-07-27 11:00:00+00:00,500.8,15.17,uppsala,5f9fe38afd517828962fde29
19644,2021-07-27 12:00:00+00:00,153.6,13.76,uppsala,5f9fe38afd517828962fde29
19645,2021-07-27 13:00:00+00:00,627.4,13.59,uppsala,5f9fe38afd517828962fde29
19646,2021-07-27 14:00:00+00:00,589.3,10.47,uppsala,5f9fe38afd517828962fde29
19647,2021-07-27 15:00:00+00:00,378.1,9.28,uppsala,5f9fe38afd517828962fde29
19648,2021-07-27 16:00:00+00:00,251.8,5.98,uppsala,5f9fe38afd517828962fde29
19649,2021-07-27 17:00:00+00:00,220.6,3.19,uppsala,5f9fe38afd517828962fde29
19650,2021-07-27 18:00:00+00:00,4.9,0.9,uppsala,5f9fe38afd517828962fde29
19651,2021-07-27 19:00:00+00:00,0.0,0.0,uppsala,5f9fe38afd517828962fde29
19652,2021-07-27 20:00:00+00:00,0.0,0.0,uppsala,5f9fe38afd517828962fde29
19653,2021-07-27 21:00:00+00:00,0.0,0.0,uppsala,5f9fe38afd517828962fde29
19654,2021-07-27 22:00:00+00:00,0.0,0.0,uppsala,5f9fe38afd517828962fde29
19655,2021-07-27 23:00:00+00:00,0.0,0.0,uppsala,5f9fe38afd517828962fde29
19656,2021-07-28 00:00:00+00:00,0.0,0.0,uppsala,5f9fe38afd517828962fde29
19657,2021-07-28 01:00:00+00:00,0.0,0.0,uppsala,5f9fe38afd517828962fde29
19658,2021-07-28 02:00:00+00:00,0.0,0.0,uppsala,5f9fe38afd517828962fde29
19659,2021-07-28 03:00:00+00:00,0.0,0.0,uppsala,5f9fe38afd517828962fde29
19660,2021-07-28 04:00:00+00:00,0.0,0.57,uppsala,5f9fe38afd517828962fde29
19661,2021-07-28 05:00:00+00:00,0.0,2.09,uppsala,5f9fe38afd517828962fde29
19662,2021-07-28 06:00:00+00:00,5.1,3.29,uppsala,5f9fe38afd517828962fde29
19663,2021-07-28 07:00:00+00:00,3.6,2.93,uppsala,5f9fe38afd517828962fde29
19664,2021-07-28 08:00:00+00:00,27.0,2.39,uppsala,5f9fe38afd517828962fde29
19665,2021-07-28 09:00:00+00:00,7.1,2.45,uppsala,5f9fe38afd517828962fde29
19666,2021-07-28 10:00:00+00:00,5.0,4.5,uppsala,5f9fe38afd517828962fde29
19667,2021-07-28 11:00:00+00:00,5.6,2.33,uppsala,5f9fe38afd517828962fde29
19668,2021-07-28 12:00:00+00:00,406.7,4.89,uppsala,5f9fe38afd517828962fde29
19669,2021-07-28 13:00:00+00:00,32.0,4.23,uppsala,5f9fe38afd517828962fde29
19670,2021-07-28 14:00:00+00:00,341.9,3.75,uppsala,5f9fe38afd517828962fde29
19671,2021-07-28 15:00:00+00:00,28.5,2.5,uppsala,5f9fe38afd517828962fde29
19672,2021-07-28 16:00:00+00:00,6.7,0.91,uppsala,5f9fe38afd517828962fde29
19673,2021-07-28 17:00:00+00:00,0.8,0.4,uppsala,5f9fe38afd517828962fde29
19674,2021-07-28 18:00:00+00:00,0.0,0.0,uppsala,5f9fe38afd517828962fde29
19675,2021-07-28 19:00:00+00:00,0.0,0.0,uppsala,5f9fe38afd517828962fde29
19676,2021-07-28 20:00:00+00:00,0.0,0.0,uppsala,5f9fe38afd517828962fde29
19677,2021-07-28 21:00:00+00:00,0.0,0.0,uppsala,5f9fe38afd517828962fde29
19678,2021-07-28 22:00:00+00:00,0.0,0.0,uppsala,5f9fe38afd517828962fde29
19679,2021-07-28 23:00:00+00:00,0.0,0.0,uppsala,5f9fe38afd517828962fde29
19680,2021-07-29 00:00:00+00:00,0.0,0.0,uppsala,5f9fe38afd517828962fde29
19681,2021-07-29 01:00:00+00:00,0.0,0.0,uppsala,5f9fe38afd517828962fde29
19682,2021-07-29 02:00:00+00:00,0.0,0.0,uppsala,5f9fe38afd517828962fde29
19683,2021-07-29 03:00:00+00:00,23.6,2.36,uppsala,5f9fe38afd517828962fde29
19684,2021-07-29 04:00:00+00:00,332.7,7.7,uppsala,5f9fe38afd517828962fde29
19685,2021-07-29 05:00:00+00:00,523.3,12.25,uppsala,5f9fe38afd517828962fde29
19686,2021-07-29 06:00:00+00:00,650.8,16.39,uppsala,5f9fe38afd517828962fde29
19687,2021-07-29 07:00:00+00:00,734.7,16.26,uppsala,5f9fe38afd517828962fde29
19688,2021-07-29 08:00:00+00:00,667.6,15.23,uppsala,5f9fe38afd517828962fde29
19689,2021-07-29 09:00:00+00:00,8.7,18.27,uppsala,5f9fe38afd517828962fde29
19690,2021-07-29 10:00:00+00:00,864.2,17.9,uppsala,5f9fe38afd517828962fde29
19691,2021-07-29 11:00:00+00:00,825.5,10.72,uppsala,5f9fe38afd517828962fde29
19692,2021-07-29 12:00:00+00:00,97.8,7.5,uppsala,5f9fe38afd517828962fde29
19693,2021-07-29 13:00:00+00:00,177.8,5.36,uppsala,5f9fe38afd517828962fde29
19694,2021-07-29 14:00:00+00:00,566.5,6.3,uppsala,5f9fe38afd517828962fde29
19695,2021-07-29 15:00:00+00:00,11.5,5.82,uppsala,5f9fe38afd517828962fde29
19696,2021-07-29 16:00:00+00:00,371.7,1.01,uppsala,5f9fe38afd517828962fde29
19697,2021-07-29 17:00:00+00:00,159.3,0.82,uppsala,5f9fe38afd517828962fde29
19698,2021-07-29 18:00:00+00:00,126.5,0.16,uppsala,5f9fe38afd517828962fde29
19699,2021-07-29 19:00:00+00:00,0.0,0.0,uppsala,5f9fe38afd517828962fde29
19700,2021-07-29 20:00:00+00:00,0.0,0.0,uppsala,5f9fe38afd517828962fde29
19701,2021-07-29 21:00:00+00:00,0.0,0.0,uppsala,5f9fe38afd517828962fde29
19702,2021-07-29 22:00:00+00:00,0.0,0.0,uppsala,5f9fe38afd517828962fde29
19703,2021-07-29 23:00:00+00:00,0.0,0.0,uppsala,5f9fe38afd517828962fde29
19704,2021-07-30 00:00:00+00:00,0.0,0.0,uppsala,5f9fe38afd517828962fde29
19705,2021-07-30 01:00:00+00:00,0.0,0.0,uppsala,5f9fe38afd517828962fde29
19706,2021-07-30 02:00:00+00:00,0.0,0.03,uppsala,5f9fe38afd517828962fde29
19707,2021-07-30 03:00:00+00:00,22.4,2.41,uppsala,5f9fe38afd517828962fde29
19708,2021-07-30 04:00:00+00:00,201.6,5.42,uppsala,5f9fe38afd517828962fde29
19709,2021-07-30 05:00:00+00:00,441.5,2.83,uppsala,5f9fe38afd517828962fde29
19710,2021-07-30 06:00:00+00:00,31.8,3.24,uppsala,5f9fe38afd517828962fde29
19711,2021-07-30 07:00:00+00:00,14.8,3.55,uppsala,5f9fe38afd517828962fde29
19712,2021-07-30 08:00:00+00:00,7.4,5.14,uppsala,5f9fe38afd517828962fde29
19713,2021-07-30 09:00:00+00:00,32.9,7.61,uppsala,5f9fe38afd517828962fde29
19714,2021-07-30 10:00:00+00:00,11.1,4.71,uppsala,5f9fe38afd517828962fde29
19715,2021-07-30 11:00:00+00:00,26.7,5.94,uppsala,5f9fe38afd517828962fde29
19716,2021-07-30 12:00:00+00:00,333.9,10.82,uppsala,5f9fe38afd517828962fde29
19717,2021-07-30 13:00:00+00:00,10.9,13.82,uppsala,5f9fe38afd517828962fde29
19718,2021-07-30 14:00:00+00:00,15.7,12.67,uppsala,5f9fe38afd517828962fde29
19719,2021-07-30 15:00:00+00:00,358.1,10.5,uppsala,5f9fe38afd517828962fde29
19720,2021-07-30 16:00:00+00:00,586.9,5.88,uppsala,5f9fe38afd517828962fde29
19721,2021-07-30 17:00:00+00:00,97.5,6.1,uppsala,5f9fe38afd517828962fde29
19722,2021-07-30 18:00:00+00:00,401.7,2.63,uppsala,5f9fe38afd517828962fde29
19723,2021-07-30 19:00:00+00:00,51.2,0.0,uppsala,5f9fe38afd517828962fde29
19724,2021-07-30 20:00:00+00:00,0.0,0.0,uppsala,5f9fe38afd517828962fde29
19725,2021-07-30 21:00:00+00:00,0.0,0.0,uppsala,5f9fe38afd517828962fde29
19726,2021-07-30 22:00:00+00:00,0.0,0.0,uppsala,5f9fe38afd517828962fde29
19727,2021-07-30 23:00:00+00:00,0.0,0.0,uppsala,5f9fe38afd517828962fde29
19728,2021-07-31 00:00:00+00:00,0.0,0.0,uppsala,5f9fe38afd517828962fde29
19729,2021-07-31 01:00:00+00:00,0.0,0.0,uppsala,5f9fe38afd517828962fde29
19730,2021-07-31 02:00:00+00:00,0.0,0.0,uppsala,5f9fe38afd517828962fde29
19731,2021-07-31 03:00:00+00:00,37.4,1.78,uppsala,5f9fe38afd517828962fde29
19732,2021-07-31 04:00:00+00:00,281.9,7.61,uppsala,5f9fe38afd517828962fde29
19733,2021-07-31 05:00:00+00:00,472.7,12.46,uppsala,5f9fe38afd517828962fde29
19734,2021-07-31 06:00:00+00:00,599.5,16.17,uppsala,5f9fe38afd517828962fde29
19735,2021-07-31 07:00:00+00:00,678.0,18.07,uppsala,5f9fe38afd517828962fde29
19736,2021-07-31 08:00:00+00:00,649.4,19.26,uppsala,5f9fe38afd517828962fde29
19737,2021-07-31 09:00:00+00:00,549.6,16.86,uppsala,5f9fe38afd517828962fde29
19738,2021-07-31 10:00:00+00:00,96.9,12.93,uppsala,5f9fe38afd517828962fde29
19739,2021-07-31 11:00:00+00:00,37.9,4.03,uppsala,5f9fe38afd517828962fde29
19740,2021-07-31 12:00:00+00:00,27.0,11.54,uppsala,5f9fe38afd517828962fde29
19741,2021-07-31 13:00:00+00:00,6.9,7.64,uppsala,5f9fe38afd517828962fde29
19742,2021-07-31 14:00:00+00:00,33.0,4.64,uppsala,5f9fe38afd517828962fde29
19743,2021-07-31 15:00:00+00:00,2.1,4.36,uppsala,5f9fe38afd517828962fde29
19744,2021-07-31 16:00:00+00:00,332.2,2.25,uppsala,5f9fe38afd517828962fde29
19745,2021-07-31 17:00:00+00:00,4.0,0.55,uppsala,5f9fe38afd517828962fde29
19746,2021-07-31 18:00:00+00:00,54.2,0.02,uppsala,5f9fe38afd517828962fde29
19747,2021-07-31 19:00:00+00:00,0.0,0.0,uppsala,5f9fe38afd517828962fde29
19748,2021-07-31 20:00:00+00:00,0.0,0.0,uppsala,5f9fe38afd517828962fde29
19749,2021-07-31 21:00:00+00:00,0.0,0.0,uppsala,5f9fe38afd517828962fde29
19750,2021-07-31 22:00:00+00:00,0.0,0.0,uppsala,5f9fe38afd517828962fde29
19751,2021-07-31 23:00:00+00:00,0.0,0.0,uppsala,5f9fe38afd517828962fde29
19752,2021-08-01 00:00:00+00:00,0.0,0.0,uppsala,5f9fe38afd517828962fde29
19753,2021-08-01 01:00:00+00:00,0.0,0.0,uppsala,5f9fe38afd517828962fde29
19754,2021-08-01 02:00:00+00:00,0.0,0.0,uppsala,5f9fe38afd517828962fde29
19755,2021-08-01 03:00:00+00:00,0.0,0.05,uppsala,5f9fe38afd517828962fde29
19756,2021-08-01 04:00:00+00:00,0.0,1.53,uppsala,5f9fe38afd517828962fde29
19757,2021-08-01 05:00:00+00:00,0.0,5.1,uppsala,5f9fe38afd517828962fde29
19758,2021-08-01 06:00:00+00:00,64.6,5.29,uppsala,5f9fe38afd517828962fde29
19759,2021-08-01 07:00:00+00:00,3.6,5.1,uppsala,5f9fe38afd517828962fde29
19760,2021-08-01 08:00:00+00:00,10.4,13.19,uppsala,5f9fe38afd517828962fde29
19761,2021-08-01 09:00:00+00:00,172.9,8.08,uppsala,5f9fe38afd517828962fde29
19762,2021-08-01 10:00:00+00:00,470.7,11.78,uppsala,5f9fe38afd517828962fde29
19763,2021-08-01 11:00:00+00:00,69.9,14.87,uppsala,5f9fe38afd517828962fde29
19764,2021-08-01 12:00:00+00:00,693.6,15.15,uppsala,5f9fe38afd517828962fde29
19765,2021-08-01 13:00:00+00:00,710.5,9.81,uppsala,5f9fe38afd517828962fde29
19766,2021-08-01 14:00:00+00:00,153.9,9.6,uppsala,5f9fe38afd517828962fde29
19767,2021-08-01 15:00:00+00:00,367.6,10.8,uppsala,5f9fe38afd517828962fde29
19768,2021-08-01 16:00:00+00:00,581.7,5.56,uppsala,5f9fe38afd517828962fde29
19769,2021-08-01 17:00:00+00:00,436.8,4.5,uppsala,5f9fe38afd517828962fde29
19770,2021-08-01 18:00:00+00:00,235.1,0.2,uppsala,5f9fe38afd517828962fde29
19771,2021-08-01 19:00:00+00:00,1.4,0.0,uppsala,5f9fe38afd517828962fde29
19772,2021-08-01 20:00:00+00:00,0.0,0.0,uppsala,5f9fe38afd517828962fde29
19773,2021-08-01 21:00:00+00:00,0.0,0.0,uppsala,5f9fe38afd517828962fde29
19774,2021-08-01 22:00:00+00:00,0.0,0.0,uppsala,5f9fe38afd517828962fde29
19775,2021-08-01 23:00:00+00:00,0.0,0.0,uppsala,5f9fe38afd517828962fde29
19776,2021-08-02 00:00:00+00:00,0.0,0.0,uppsala,5f9fe38afd517828962fde29
19777,2021-08-02 01:00:00+00:00,0.0,0.0,uppsala,5f9fe38afd517828962fde29
19778,2021-08-02 02:00:00+00:00,0.0,0.01,uppsala,5f9fe38afd517828962fde29
19779,2021-08-02 03:00:00+00:00,6.4,0.62,uppsala,5f9fe38afd517828962fde29
19780,2021-08-02 04:00:00+00:00,115.1,2.74,uppsala,5f9fe38afd517828962fde29
19781,2021-08-02 05:00:00+00:00,0.0,4.24,uppsala,5f9fe38afd517828962fde29
19782,2021-08-02 06:00:00+00:00,107.4,5.63,uppsala,5f9fe38afd517828962fde29
19783,2021-08-02 07:00:00+00:00,9.7,12.85,uppsala,5f9fe38afd517828962fde29
19784,2021-08-02 08:00:00+00:00,17.7,11.9,uppsala,5f9fe38afd517828962fde29
19785,2021-08-02 09:00:00+00:00,778.1,18.27,uppsala,5f9fe38afd517828962fde29
19786,2021-08-02 10:00:00+00:00,30.6,7.77,uppsala,5f9fe38afd517828962fde29
19787,2021-08-02 11:00:00+00:00,9.2,3.69,uppsala,5f9fe38afd517828962fde29
19788,2021-08-02 12:00:00+00:00,15.4,3.47,uppsala,5f9fe38afd517828962fde29
19789,2021-08-02 13:00:00+00:00,9.6,7.44,uppsala,5f9fe38afd517828962fde29
19790,2021-08-02 14:00:00+00:00,7.4,3.98,uppsala,5f9fe38afd517828962fde29
19791,2021-08-02 15:00:00+00:00,3.0,4.65,uppsala,5f9fe38afd517828962fde29
19792,2021-08-02 16:00:00+00:00,41.1,2.91,uppsala,5f9fe38afd517828962fde29
19793,2021-08-02 17:00:00+00:00,0.5,1.26,uppsala,5f9fe38afd517828962fde29
19794,2021-08-02 18:00:00+00:00,18.0,0.12,uppsala,5f9fe38afd517828962fde29
19795,2021-08-02 19:00:00+00:00,0.0,0.0,uppsala,5f9fe38afd517828962fde29
19796,2021-08-02 20:00:00+00:00,0.0,0.0,uppsala,5f9fe38afd517828962fde29
19797,2021-08-02 21:00:00+00:00,0.0,0.0,uppsala,5f9fe38afd517828962fde29
19798,2021-08-02 22:00:00+00:00,0.0,0.0,uppsala,5f9fe38afd517828962fde29
19799,2021-08-02 23:00:00+00:00,0.0,0.0,uppsala,5f9fe38afd517828962fde29
19800,2021-08-03 00:00:00+00:00,0.0,0.0,uppsala,5f9fe38afd517828962fde29
19801,2021-08-03 01:00:00+00:00,0.0,0.0,uppsala,5f9fe38afd517828962fde29
19802,2021-08-03 02:00:00+00:00,0.0,0.03,uppsala,5f9fe38afd517828962fde29
19803,2021-08-03 03:00:00+00:00,53.9,1.62,uppsala,5f9fe38afd517828962fde29
19804,2021-08-03 04:00:00+00:00,156.3,6.82,uppsala,5f9fe38afd517828962fde29
19805,2021-08-03 05:00:00+00:00,629.7,13.2,uppsala,5f9fe38afd517828962fde29
19806,2021-08-03 06:00:00+00:00,745.4,17.28,uppsala,5f9fe38afd517828962fde29
19807,2021-08-03 07:00:00+00:00,818.3,19.4,uppsala,5f9fe38afd517828962fde29
19808,2021-08-03 08:00:00+00:00,870.0,21.1,uppsala,5f9fe38afd517828962fde29
19809,2021-08-03 09:00:00+00:00,890.5,19.46,uppsala,5f9fe38afd517828962fde29
19810,2021-08-03 10:00:00+00:00,593.8,19.19,uppsala,5f9fe38afd517828962fde29
19811,2021-08-03 11:00:00+00:00,336.0,12.6,uppsala,5f9fe38afd517828962fde29
19812,2021-08-03 12:00:00+00:00,57.1,11.07,uppsala,5f9fe38afd517828962fde29
19813,2021-08-03 13:00:00+00:00,14.2,6.98,uppsala,5f9fe38afd517828962fde29
19814,2021-08-03 14:00:00+00:00,9.3,7.41,uppsala,5f9fe38afd517828962fde29
19815,2021-08-03 15:00:00+00:00,34.0,5.58,uppsala,5f9fe38afd517828962fde29
19816,2021-08-03 16:00:00+00:00,69.7,4.05,uppsala,5f9fe38afd517828962fde29
19817,2021-08-03 17:00:00+00:00,208.6,4.03,uppsala,5f9fe38afd517828962fde29
19818,2021-08-03 18:00:00+00:00,71.9,1.41,uppsala,5f9fe38afd517828962fde29
19819,2021-08-03 19:00:00+00:00,0.0,0.0,uppsala,5f9fe38afd517828962fde29
19820,2021-08-03 20:00:00+00:00,0.0,0.0,uppsala,5f9fe38afd517828962fde29
19821,2021-08-03 21:00:00+00:00,0.0,0.0,uppsala,5f9fe38afd517828962fde29
19822,2021-08-03 22:00:00+00:00,0.0,0.0,uppsala,5f9fe38afd517828962fde29
19823,2021-08-03 23:00:00+00:00,0.0,0.0,uppsala,5f9fe38afd517828962fde29
19824,2021-08-04 00:00:00+00:00,0.0,0.0,uppsala,5f9fe38afd517828962fde29
19825,2021-08-04 01:00:00+00:00,0.0,0.0,uppsala,5f9fe38afd517828962fde29
19826,2021-08-04 02:00:00+00:00,0.0,0.05,uppsala,5f9fe38afd517828962fde29
19827,2021-08-04 03:00:00+00:00,0.0,0.52,uppsala,5f9fe38afd517828962fde29
19828,2021-08-04 04:00:00+00:00,19.4,1.79,uppsala,5f9fe38afd517828962fde29
19829,2021-08-04 05:00:00+00:00,106.8,10.19,uppsala,5f9fe38afd517828962fde29
19830,2021-08-04 06:00:00+00:00,279.7,17.21,uppsala,5f9fe38afd517828962fde29
19831,2021-08-04 07:00:00+00:00,550.7,19.11,uppsala,5f9fe38afd517828962fde29
19832,2021-08-04 08:00:00+00:00,632.5,17.46,uppsala,5f9fe38afd517828962fde29
19833,2021-08-04 09:00:00+00:00,657.4,10.27,uppsala,5f9fe38afd517828962fde29
19834,2021-08-04 10:00:00+00:00,27.2,5.84,uppsala,5f9fe38afd517828962fde29
19835,2021-08-04 11:00:00+00:00,103.3,7.27,uppsala,5f9fe38afd517828962fde29
19836,2021-08-04 12:00:00+00:00,7.8,7.22,uppsala,5f9fe38afd517828962fde29
19837,2021-08-04 13:00:00+00:00,7.8,9.73,uppsala,5f9fe38afd517828962fde29
19838,2021-08-04 14:00:00+00:00,5.9,10.81,uppsala,5f9fe38afd517828962fde29
19839,2021-08-04 15:00:00+00:00,188.6,10.95,uppsala,5f9fe38afd517828962fde29
19840,2021-08-04 16:00:00+00:00,465.6,8.01,uppsala,5f9fe38afd517828962fde29
19841,2021-08-04 17:00:00+00:00,275.3,3.03,uppsala,5f9fe38afd517828962fde29
19842,2021-08-04 18:00:00+00:00,152.4,1.94,uppsala,5f9fe38afd517828962fde29
19843,2021-08-04 19:00:00+00:00,0.0,0.0,uppsala,5f9fe38afd517828962fde29
19844,2021-08-04 20:00:00+00:00,0.0,0.0,uppsala,5f9fe38afd517828962fde29
19845,2021-08-04 21:00:00+00:00,0.0,0.0,uppsala,5f9fe38afd517828962fde29
19846,2021-08-04 22:00:00+00:00,0.0,0.0,uppsala,5f9fe38afd517828962fde29
19847,2021-08-04 23:00:00+00:00,0.0,0.0,uppsala,5f9fe38afd517828962fde29
19848,2021-08-05 00:00:00+00:00,0.0,0.0,uppsala,5f9fe38afd517828962fde29
19849,2021-08-05 01:00:00+00:00,0.0,0.0,uppsala,5f9fe38afd517828962fde29
19850,2021-08-05 02:00:00+00:00,0.0,0.04,uppsala,5f9fe38afd517828962fde29
19851,2021-08-05 03:00:00+00:00,2.5,2.55,uppsala,5f9fe38afd517828962fde29
19852,2021-08-05 04:00:00+00:00,238.7,7.35,uppsala,5f9fe38afd517828962fde29
19853,2021-08-05 05:00:00+00:00,443.6,12.28,uppsala,5f9fe38afd517828962fde29
19854,2021-08-05 06:00:00+00:00,577.6,16.33,uppsala,5f9fe38afd517828962fde29
19855,2021-08-05 07:00:00+00:00,665.7,18.87,uppsala,5f9fe38afd517828962fde29
19856,2021-08-05 08:00:00+00:00,731.4,20.34,uppsala,5f9fe38afd517828962fde29
19857,2021-08-05 09:00:00+00:00,773.7,21.17,uppsala,5f9fe38afd517828962fde29
19858,2021-08-05 10:00:00+00:00,792.0,18.12,uppsala,5f9fe38afd517828962fde29
19859,2021-08-05 11:00:00+00:00,781.4,8.94,uppsala,5f9fe38afd517828962fde29
19860,2021-08-05 12:00:00+00:00,352.1,9.7,uppsala,5f9fe38afd517828962fde29
19861,2021-08-05 13:00:00+00:00,658.1,18.06,uppsala,5f9fe38afd517828962fde29
19862,2021-08-05 14:00:00+00:00,229.3,15.75,uppsala,5f9fe38afd517828962fde29
19863,2021-08-05 15:00:00+00:00,60.0,4.45,uppsala,5f9fe38afd517828962fde29
19864,2021-08-05 16:00:00+00:00,382.6,2.58,uppsala,5f9fe38afd517828962fde29
19865,2021-08-05 17:00:00+00:00,254.1,1.74,uppsala,5f9fe38afd517828962fde29
19866,2021-08-05 18:00:00+00:00,107.4,1.1,uppsala,5f9fe38afd517828962fde29
19867,2021-08-05 19:00:00+00:00,0.9,0.0,uppsala,5f9fe38afd517828962fde29
19868,2021-08-05 20:00:00+00:00,0.0,0.0,uppsala,5f9fe38afd517828962fde29
19869,2021-08-05 21:00:00+00:00,0.0,0.0,uppsala,5f9fe38afd517828962fde29
19870,2021-08-05 22:00:00+00:00,0.0,0.0,uppsala,5f9fe38afd517828962fde29
19871,2021-08-05 23:00:00+00:00,0.0,0.0,uppsala,5f9fe38afd517828962fde29
19872,2021-08-06 00:00:00+00:00,0.0,0.0,uppsala,5f9fe38afd517828962fde29
19873,2021-08-06 01:00:00+00:00,0.0,0.0,uppsala,5f9fe38afd517828962fde29
19874,2021-08-06 02:00:00+00:00,0.0,0.05,uppsala,5f9fe38afd517828962fde29
19875,2021-08-06 03:00:00+00:00,40.8,2.53,uppsala,5f9fe38afd517828962fde29
19876,2021-08-06 04:00:00+00:00,380.1,7.39,uppsala,5f9fe38afd517828962fde29
19877,2021-08-06 05:00:00+00:00,579.1,12.3,uppsala,5f9fe38afd517828962fde29
19878,2021-08-06 06:00:00+00:00,702.4,16.57,uppsala,5f9fe38afd517828962fde29
19879,2021-08-06 07:00:00+00:00,785.2,19.34,uppsala,5f9fe38afd517828962fde29
19880,2021-08-06 08:00:00+00:00,831.0,20.73,uppsala,5f9fe38afd517828962fde29
19881,2021-08-06 09:00:00+00:00,854.2,12.7,uppsala,5f9fe38afd517828962fde29
19882,2021-08-06 10:00:00+00:00,279.0,17.94,uppsala,5f9fe38afd517828962fde29
19883,2021-08-06 11:00:00+00:00,553.8,10.24,uppsala,5f9fe38afd517828962fde29
19884,2021-08-06 12:00:00+00:00,423.0,14.73,uppsala,5f9fe38afd517828962fde29
19885,2021-08-06 13:00:00+00:00,55.9,16.89,uppsala,5f9fe38afd517828962fde29
19886,2021-08-06 14:00:00+00:00,785.1,7.97,uppsala,5f9fe38afd517828962fde29
19887,2021-08-06 15:00:00+00:00,201.2,11.16,uppsala,5f9fe38afd517828962fde29
19888,2021-08-06 16:00:00+00:00,661.2,7.23,uppsala,5f9fe38afd517828962fde29
19889,2021-08-06 17:00:00+00:00,523.0,5.42,uppsala,5f9fe38afd517828962fde29
19890,2021-08-06 18:00:00+00:00,306.1,0.85,uppsala,5f9fe38afd517828962fde29
19891,2021-08-06 19:00:00+00:00,0.0,0.0,uppsala,5f9fe38afd517828962fde29
19892,2021-08-06 20:00:00+00:00,0.0,0.0,uppsala,5f9fe38afd517828962fde29
19893,2021-08-06 21:00:00+00:00,0.0,0.0,uppsala,5f9fe38afd517828962fde29
19894,2021-08-06 22:00:00+00:00,0.0,0.0,uppsala,5f9fe38afd517828962fde29
19895,2021-08-06 23:00:00+00:00,0.0,0.0,uppsala,5f9fe38afd517828962fde29
19896,2021-08-07 00:00:00+00:00,0.0,0.0,uppsala,5f9fe38afd517828962fde29
19897,2021-08-07 01:00:00+00:00,0.0,0.0,uppsala,5f9fe38afd517828962fde29
19898,2021-08-07 02:00:00+00:00,0.0,0.02,uppsala,5f9fe38afd517828962fde29
19899,2021-08-07 03:00:00+00:00,0.0,1.81,uppsala,5f9fe38afd517828962fde29
19900,2021-08-07 04:00:00+00:00,3.4,5.35,uppsala,5f9fe38afd517828962fde29
19901,2021-08-07 05:00:00+00:00,211.1,9.32,uppsala,5f9fe38afd517828962fde29
19902,2021-08-07 06:00:00+00:00,111.0,9.1,uppsala,5f9fe38afd517828962fde29
19903,2021-08-07 07:00:00+00:00,4.7,4.58,uppsala,5f9fe38afd517828962fde29
19904,2021-08-07 08:00:00+00:00,6.2,4.31,uppsala,5f9fe38afd517828962fde29
19905,2021-08-07 09:00:00+00:00,10.0,4.69,uppsala,5f9fe38afd517828962fde29
19906,2021-08-07 10:00:00+00:00,80.6,1.64,uppsala,5f9fe38afd517828962fde29
19907,2021-08-07 11:00:00+00:00,6.6,0.96,uppsala,5f9fe38afd517828962fde29
19908,2021-08-07 12:00:00+00:00,6.0,1.04,uppsala,5f9fe38afd517828962fde29
19909,2021-08-07 13:00:00+00:00,5.4,0.84,uppsala,5f9fe38afd517828962fde29
19910,2021-08-07 14:00:00+00:00,4.0,0.67,uppsala,5f9fe38afd517828962fde29
19911,2021-08-07 15:00:00+00:00,3.4,0.52,uppsala,5f9fe38afd517828962fde29
19912,2021-08-07 16:00:00+00:00,0.5,0.28,uppsala,5f9fe38afd517828962fde29
19913,2021-08-07 17:00:00+00:00,0.0,0.0,uppsala,5f9fe38afd517828962fde29
19914,2021-08-07 18:00:00+00:00,0.0,0.0,uppsala,5f9fe38afd517828962fde29
19915,2021-08-07 19:00:00+00:00,0.0,0.0,uppsala,5f9fe38afd517828962fde29
19916,2021-08-07 20:00:00+00:00,0.0,0.0,uppsala,5f9fe38afd517828962fde29
19917,2021-08-07 21:00:00+00:00,0.0,0.0,uppsala,5f9fe38afd517828962fde29
19918,2021-08-07 22:00:00+00:00,0.0,0.0,uppsala,5f9fe38afd517828962fde29
19919,2021-08-07 23:00:00+00:00,0.0,0.0,uppsala,5f9fe38afd517828962fde29
19920,2021-08-08 00:00:00+00:00,0.0,0.0,uppsala,5f9fe38afd517828962fde29
19921,2021-08-08 01:00:00+00:00,0.0,0.0,uppsala,5f9fe38afd517828962fde29
19922,2021-08-08 02:00:00+00:00,0.0,0.0,uppsala,5f9fe38afd517828962fde29
19923,2021-08-08 03:00:00+00:00,0.0,0.52,uppsala,5f9fe38afd517828962fde29
19924,2021-08-08 04:00:00+00:00,17.0,2.61,uppsala,5f9fe38afd517828962fde29
19925,2021-08-08 05:00:00+00:00,65.1,6.96,uppsala,5f9fe38afd517828962fde29
19926,2021-08-08 06:00:00+00:00,228.8,11.52,uppsala,5f9fe38afd517828962fde29
19927,2021-08-08 07:00:00+00:00,25.0,14.19,uppsala,5f9fe38afd517828962fde29
19928,2021-08-08 08:00:00+00:00,488.1,8.68,uppsala,5f9fe38afd517828962fde29
19929,2021-08-08 09:00:00+00:00,41.1,4.75,uppsala,5f9fe38afd517828962fde29
19930,2021-08-08 10:00:00+00:00,27.1,5.64,uppsala,5f9fe38afd517828962fde29
19931,2021-08-08 11:00:00+00:00,11.3,4.97,uppsala,5f9fe38afd517828962fde29
19932,2021-08-08 12:00:00+00:00,92.7,4.64,uppsala,5f9fe38afd517828962fde29
19933,2021-08-08 13:00:00+00:00,326.8,8.9,uppsala,5f9fe38afd517828962fde29
19934,2021-08-08 14:00:00+00:00,113.4,8.96,uppsala,5f9fe38afd517828962fde29
19935,2021-08-08 15:00:00+00:00,1.0,5.99,uppsala,5f9fe38afd517828962fde29
19936,2021-08-08 16:00:00+00:00,165.7,4.37,uppsala,5f9fe38afd517828962fde29
19937,2021-08-08 17:00:00+00:00,23.9,2.56,uppsala,5f9fe38afd517828962fde29
19938,2021-08-08 18:00:00+00:00,33.4,1.16,uppsala,5f9fe38afd517828962fde29
19939,2021-08-08 19:00:00+00:00,0.0,0.0,uppsala,5f9fe38afd517828962fde29
19940,2021-08-08 20:00:00+00:00,0.0,0.0,uppsala,5f9fe38afd517828962fde29
19941,2021-08-08 21:00:00+00:00,0.0,0.0,uppsala,5f9fe38afd517828962fde29
19942,2021-08-08 22:00:00+00:00,0.0,0.0,uppsala,5f9fe38afd517828962fde29
19943,2021-08-08 23:00:00+00:00,0.0,0.0,uppsala,5f9fe38afd517828962fde29
19944,2021-08-09 00:00:00+00:00,0.0,0.0,uppsala,5f9fe38afd517828962fde29
19945,2021-08-09 01:00:00+00:00,0.0,0.0,uppsala,5f9fe38afd517828962fde29
19946,2021-08-09 02:00:00+00:00,0.0,0.0,uppsala,5f9fe38afd517828962fde29
19947,2021-08-09 03:00:00+00:00,0.0,1.23,uppsala,5f9fe38afd517828962fde29
19948,2021-08-09 04:00:00+00:00,8.0,5.49,uppsala,5f9fe38afd517828962fde29
19949,2021-08-09 05:00:00+00:00,0.0,7.09,uppsala,5f9fe38afd517828962fde29
19950,2021-08-09 06:00:00+00:00,348.5,10.5,uppsala,5f9fe38afd517828962fde29
19951,2021-08-09 07:00:00+00:00,572.2,15.26,uppsala,5f9fe38afd517828962fde29
19952,2021-08-09 08:00:00+00:00,92.7,10.01,uppsala,5f9fe38afd517828962fde29
19953,2021-08-09 09:00:00+00:00,8.5,10.83,uppsala,5f9fe38afd517828962fde29
19954,2021-08-09 10:00:00+00:00,110.7,10.71,uppsala,5f9fe38afd517828962fde29
19955,2021-08-09 11:00:00+00:00,10.2,8.36,uppsala,5f9fe38afd517828962fde29
19956,2021-08-09 12:00:00+00:00,195.3,10.07,uppsala,5f9fe38afd517828962fde29
19957,2021-08-09 13:00:00+00:00,90.8,4.9,uppsala,5f9fe38afd517828962fde29
19958,2021-08-09 14:00:00+00:00,375.6,4.61,uppsala,5f9fe38afd517828962fde29
19959,2021-08-09 15:00:00+00:00,67.1,4.21,uppsala,5f9fe38afd517828962fde29
19960,2021-08-09 16:00:00+00:00,2.4,2.92,uppsala,5f9fe38afd517828962fde29
19961,2021-08-09 17:00:00+00:00,52.9,3.2,uppsala,5f9fe38afd517828962fde29
19962,2021-08-09 18:00:00+00:00,91.9,0.66,uppsala,5f9fe38afd517828962fde29
19963,2021-08-09 19:00:00+00:00,0.0,0.0,uppsala,5f9fe38afd517828962fde29
19964,2021-08-09 20:00:00+00:00,0.0,0.0,uppsala,5f9fe38afd517828962fde29
19965,2021-08-09 21:00:00+00:00,0.0,0.0,uppsala,5f9fe38afd517828962fde29
19966,2021-08-09 22:00:00+00:00,0.0,0.0,uppsala,5f9fe38afd517828962fde29
19967,2021-08-09 23:00:00+00:00,0.0,0.0,uppsala,5f9fe38afd517828962fde29
19968,2021-08-10 00:00:00+00:00,0.0,0.0,uppsala,5f9fe38afd517828962fde29
19969,2021-08-10 01:00:00+00:00,0.0,0.0,uppsala,5f9fe38afd517828962fde29
19970,2021-08-10 02:00:00+00:00,0.0,0.0,uppsala,5f9fe38afd517828962fde29
19971,2021-08-10 03:00:00+00:00,0.0,0.46,uppsala,5f9fe38afd517828962fde29
19972,2021-08-10 04:00:00+00:00,36.6,3.51,uppsala,5f9fe38afd517828962fde29
19973,2021-08-10 05:00:00+00:00,49.4,10.01,uppsala,5f9fe38afd517828962fde29
19974,2021-08-10 06:00:00+00:00,509.3,15.5,uppsala,5f9fe38afd517828962fde29
19975,2021-08-10 07:00:00+00:00,664.1,12.8,uppsala,5f9fe38afd517828962fde29
19976,2021-08-10 08:00:00+00:00,91.0,15.39,uppsala,5f9fe38afd517828962fde29
19977,2021-08-10 09:00:00+00:00,666.4,14.93,uppsala,5f9fe38afd517828962fde29
19978,2021-08-10 10:00:00+00:00,113.7,19.38,uppsala,5f9fe38afd517828962fde29
19979,2021-08-10 11:00:00+00:00,12.1,10.61,uppsala,5f9fe38afd517828962fde29
19980,2021-08-10 12:00:00+00:00,21.1,4.92,uppsala,5f9fe38afd517828962fde29
19981,2021-08-10 13:00:00+00:00,66.8,5.9,uppsala,5f9fe38afd517828962fde29
19982,2021-08-10 14:00:00+00:00,19.6,15.02,uppsala,5f9fe38afd517828962fde29
19983,2021-08-10 15:00:00+00:00,26.9,11.37,uppsala,5f9fe38afd517828962fde29
19984,2021-08-10 16:00:00+00:00,19.2,7.71,uppsala,5f9fe38afd517828962fde29
19985,2021-08-10 17:00:00+00:00,42.0,3.93,uppsala,5f9fe38afd517828962fde29
19986,2021-08-10 18:00:00+00:00,12.8,0.38,uppsala,5f9fe38afd517828962fde29
19987,2021-08-10 19:00:00+00:00,0.0,0.0,uppsala,5f9fe38afd517828962fde29
19988,2021-08-10 20:00:00+00:00,0.0,0.0,uppsala,5f9fe38afd517828962fde29
19989,2021-08-10 21:00:00+00:00,0.0,0.0,uppsala,5f9fe38afd517828962fde29
19990,2021-08-10 22:00:00+00:00,0.0,0.0,uppsala,5f9fe38afd517828962fde29
19991,2021-08-10 23:00:00+00:00,0.0,0.0,uppsala,5f9fe38afd517828962fde29
19992,2021-08-11 00:00:00+00:00,0.0,0.0,uppsala,5f9fe38afd517828962fde29
19993,2021-08-11 01:00:00+00:00,0.0,0.0,uppsala,5f9fe38afd517828962fde29
19994,2021-08-11 02:00:00+00:00,0.0,0.0,uppsala,5f9fe38afd517828962fde29
19995,2021-08-11 03:00:00+00:00,0.0,0.17,uppsala,5f9fe38afd517828962fde29
19996,2021-08-11 04:00:00+00:00,65.8,2.06,uppsala,5f9fe38afd517828962fde29
19997,2021-08-11 05:00:00+00:00,35.3,5.12,uppsala,5f9fe38afd517828962fde29
19998,2021-08-11 06:00:00+00:00,259.4,10.14,uppsala,5f9fe38afd517828962fde29
19999,2021-08-11 07:00:00+00:00,150.3,18.24,uppsala,5f9fe38afd517828962fde29
20000,2021-08-11 08:00:00+00:00,514.6,18.13,uppsala,5f9fe38afd517828962fde29
20001,2021-08-11 09:00:00+00:00,574.3,21.17,uppsala,5f9fe38afd517828962fde29
20002,2021-08-11 10:00:00+00:00,37.8,18.68,uppsala,5f9fe38afd517828962fde29
20003,2021-08-11 11:00:00+00:00,17.4,8.5,uppsala,5f9fe38afd517828962fde29
20004,2021-08-11 12:00:00+00:00,49.8,5.4,uppsala,5f9fe38afd517828962fde29
20005,2021-08-11 13:00:00+00:00,4.1,11.9,uppsala,5f9fe38afd517828962fde29
20006,2021-08-11 14:00:00+00:00,352.6,2.66,uppsala,5f9fe38afd517828962fde29
20007,2021-08-11 15:00:00+00:00,40.8,1.14,uppsala,5f9fe38afd517828962fde29
20008,2021-08-11 16:00:00+00:00,0.0,0.83,uppsala,5f9fe38afd517828962fde29
20009,2021-08-11 17:00:00+00:00,263.3,0.73,uppsala,5f9fe38afd517828962fde29
20010,2021-08-11 18:00:00+00:00,0.0,0.08,uppsala,5f9fe38afd517828962fde29
20011,2021-08-11 19:00:00+00:00,0.0,0.0,uppsala,5f9fe38afd517828962fde29
20012,2021-08-11 20:00:00+00:00,0.0,0.0,uppsala,5f9fe38afd517828962fde29
20013,2021-08-11 21:00:00+00:00,0.0,0.0,uppsala,5f9fe38afd517828962fde29
20014,2021-08-11 22:00:00+00:00,0.0,0.0,uppsala,5f9fe38afd517828962fde29
20015,2021-08-11 23:00:00+00:00,0.0,0.0,uppsala,5f9fe38afd517828962fde29
20016,2021-08-12 00:00:00+00:00,0.0,0.0,uppsala,5f9fe38afd517828962fde29
20017,2021-08-12 01:00:00+00:00,0.0,0.0,uppsala,5f9fe38afd517828962fde29
20018,2021-08-12 02:00:00+00:00,0.0,0.0,uppsala,5f9fe38afd517828962fde29
20019,2021-08-12 03:00:00+00:00,0.0,1.47,uppsala,5f9fe38afd517828962fde29
20020,2021-08-12 04:00:00+00:00,267.9,6.43,uppsala,5f9fe38afd517828962fde29
20021,2021-08-12 05:00:00+00:00,511.3,11.84,uppsala,5f9fe38afd517828962fde29
20022,2021-08-12 06:00:00+00:00,641.8,16.07,uppsala,5f9fe38afd517828962fde29
20023,2021-08-12 07:00:00+00:00,730.1,18.49,uppsala,5f9fe38afd517828962fde29
20024,2021-08-12 08:00:00+00:00,775.0,19.6,uppsala,5f9fe38afd517828962fde29
20025,2021-08-12 09:00:00+00:00,810.7,17.45,uppsala,5f9fe38afd517828962fde29
20026,2021-08-12 10:00:00+00:00,824.0,16.06,uppsala,5f9fe38afd517828962fde29
20027,2021-08-12 11:00:00+00:00,768.4,10.7,uppsala,5f9fe38afd517828962fde29
20028,2021-08-12 12:00:00+00:00,18.6,13.1,uppsala,5f9fe38afd517828962fde29
20029,2021-08-12 13:00:00+00:00,7.4,12.78,uppsala,5f9fe38afd517828962fde29
20030,2021-08-12 14:00:00+00:00,99.7,5.17,uppsala,5f9fe38afd517828962fde29
20031,2021-08-12 15:00:00+00:00,3.2,10.92,uppsala,5f9fe38afd517828962fde29
20032,2021-08-12 16:00:00+00:00,11.8,7.07,uppsala,5f9fe38afd517828962fde29
20033,2021-08-12 17:00:00+00:00,226.9,2.2,uppsala,5f9fe38afd517828962fde29
20034,2021-08-12 18:00:00+00:00,100.9,0.81,uppsala,5f9fe38afd517828962fde29
20035,2021-08-12 19:00:00+00:00,0.0,0.0,uppsala,5f9fe38afd517828962fde29
20036,2021-08-12 20:00:00+00:00,0.0,0.0,uppsala,5f9fe38afd517828962fde29
20037,2021-08-12 21:00:00+00:00,0.0,0.0,uppsala,5f9fe38afd517828962fde29
20038,2021-08-12 22:00:00+00:00,0.0,0.0,uppsala,5f9fe38afd517828962fde29
20039,2021-08-12 23:00:00+00:00,0.0,0.0,uppsala,5f9fe38afd517828962fde29
20040,2021-08-13 00:00:00+00:00,0.0,0.0,uppsala,5f9fe38afd517828962fde29
20041,2021-08-13 01:00:00+00:00,0.0,0.0,uppsala,5f9fe38afd517828962fde29
20042,2021-08-13 02:00:00+00:00,0.0,0.0,uppsala,5f9fe38afd517828962fde29
20043,2021-08-13 03:00:00+00:00,0.0,1.36,uppsala,5f9fe38afd517828962fde29
20044,2021-08-13 04:00:00+00:00,126.8,6.18,uppsala,5f9fe38afd517828962fde29
20045,2021-08-13 05:00:00+00:00,352.3,8.34,uppsala,5f9fe38afd517828962fde29
20046,2021-08-13 06:00:00+00:00,142.3,10.27,uppsala,5f9fe38afd517828962fde29
20047,2021-08-13 07:00:00+00:00,517.0,13.48,uppsala,5f9fe38afd517828962fde29
20048,2021-08-13 08:00:00+00:00,3.6,14.22,uppsala,5f9fe38afd517828962fde29
20049,2021-08-13 09:00:00+00:00,526.7,16.89,uppsala,5f9fe38afd517828962fde29
20050,2021-08-13 10:00:00+00:00,22.8,13.14,uppsala,5f9fe38afd517828962fde29
20051,2021-08-13 11:00:00+00:00,191.7,9.04,uppsala,5f9fe38afd517828962fde29
20052,2021-08-13 12:00:00+00:00,4.4,8.9,uppsala,5f9fe38afd517828962fde29
20053,2021-08-13 13:00:00+00:00,182.7,10.01,uppsala,5f9fe38afd517828962fde29
20054,2021-08-13 14:00:00+00:00,8.0,7.72,uppsala,5f9fe38afd517828962fde29
20055,2021-08-13 15:00:00+00:00,65.4,2.02,uppsala,5f9fe38afd517828962fde29
20056,2021-08-13 16:00:00+00:00,49.5,0.48,uppsala,5f9fe38afd517828962fde29
20057,2021-08-13 17:00:00+00:00,37.8,0.39,uppsala,5f9fe38afd517828962fde29
20058,2021-08-13 18:00:00+00:00,0.0,0.02,uppsala,5f9fe38afd517828962fde29
20059,2021-08-13 19:00:00+00:00,0.0,0.0,uppsala,5f9fe38afd517828962fde29
20060,2021-08-13 20:00:00+00:00,0.0,0.0,uppsala,5f9fe38afd517828962fde29
20061,2021-08-13 21:00:00+00:00,0.0,0.0,uppsala,5f9fe38afd517828962fde29
20062,2021-08-13 22:00:00+00:00,0.0,0.0,uppsala,5f9fe38afd517828962fde29
20063,2021-08-13 23:00:00+00:00,0.0,0.0,uppsala,5f9fe38afd517828962fde29
20064,2021-08-14 00:00:00+00:00,0.0,0.0,uppsala,5f9fe38afd517828962fde29
20065,2021-08-14 01:00:00+00:00,0.0,0.0,uppsala,5f9fe38afd517828962fde29
20066,2021-08-14 02:00:00+00:00,0.0,0.0,uppsala,5f9fe38afd517828962fde29
20067,2021-08-14 03:00:00+00:00,0.0,0.87,uppsala,5f9fe38afd517828962fde29
20068,2021-08-14 04:00:00+00:00,236.4,5.09,uppsala,5f9fe38afd517828962fde29
20069,2021-08-14 05:00:00+00:00,367.4,3.25,uppsala,5f9fe38afd517828962fde29
20070,2021-08-14 06:00:00+00:00,276.8,8.2,uppsala,5f9fe38afd517828962fde29
20071,2021-08-14 07:00:00+00:00,64.3,6.98,uppsala,5f9fe38afd517828962fde29
20072,2021-08-14 08:00:00+00:00,96.8,13.38,uppsala,5f9fe38afd517828962fde29
20073,2021-08-14 09:00:00+00:00,43.6,10.7,uppsala,5f9fe38afd517828962fde29
20074,2021-08-14 10:00:00+00:00,107.6,10.59,uppsala,5f9fe38afd517828962fde29
20075,2021-08-14 11:00:00+00:00,732.8,7.0,uppsala,5f9fe38afd517828962fde29
20076,2021-08-14 12:00:00+00:00,668.8,11.1,uppsala,5f9fe38afd517828962fde29
20077,2021-08-14 13:00:00+00:00,434.0,12.2,uppsala,5f9fe38afd517828962fde29
20078,2021-08-14 14:00:00+00:00,6.8,14.58,uppsala,5f9fe38afd517828962fde29
20079,2021-08-14 15:00:00+00:00,88.3,10.11,uppsala,5f9fe38afd517828962fde29
20080,2021-08-14 16:00:00+00:00,127.2,1.78,uppsala,5f9fe38afd517828962fde29
20081,2021-08-14 17:00:00+00:00,199.7,2.5,uppsala,5f9fe38afd517828962fde29
20082,2021-08-14 18:00:00+00:00,0.0,0.13,uppsala,5f9fe38afd517828962fde29
20083,2021-08-14 19:00:00+00:00,0.0,0.0,uppsala,5f9fe38afd517828962fde29
20084,2021-08-14 20:00:00+00:00,0.0,0.0,uppsala,5f9fe38afd517828962fde29
20085,2021-08-14 21:00:00+00:00,0.0,0.0,uppsala,5f9fe38afd517828962fde29
20086,2021-08-14 22:00:00+00:00,0.0,0.0,uppsala,5f9fe38afd517828962fde29
20087,2021-08-14 23:00:00+00:00,0.0,0.0,uppsala,5f9fe38afd517828962fde29
20088,2021-08-15 00:00:00+00:00,0.0,0.0,uppsala,5f9fe38afd517828962fde29
20089,2021-08-15 01:00:00+00:00,0.0,0.0,uppsala,5f9fe38afd517828962fde29
20090,2021-08-15 02:00:00+00:00,0.0,0.0,uppsala,5f9fe38afd517828962fde29
20091,2021-08-15 03:00:00+00:00,0.0,0.06,uppsala,5f9fe38afd517828962fde29
20092,2021-08-15 04:00:00+00:00,11.4,0.87,uppsala,5f9fe38afd517828962fde29
20093,2021-08-15 05:00:00+00:00,0.0,2.0,uppsala,5f9fe38afd517828962fde29
20094,2021-08-15 06:00:00+00:00,2.8,3.72,uppsala,5f9fe38afd517828962fde29
20095,2021-08-15 07:00:00+00:00,139.5,5.83,uppsala,5f9fe38afd517828962fde29
20096,2021-08-15 08:00:00+00:00,181.8,7.36,uppsala,5f9fe38afd517828962fde29
20097,2021-08-15 09:00:00+00:00,9.7,7.17,uppsala,5f9fe38afd517828962fde29
20098,2021-08-15 10:00:00+00:00,12.1,5.28,uppsala,5f9fe38afd517828962fde29
20099,2021-08-15 11:00:00+00:00,9.4,5.72,uppsala,5f9fe38afd517828962fde29
20100,2021-08-15 12:00:00+00:00,33.9,5.22,uppsala,5f9fe38afd517828962fde29
20101,2021-08-15 13:00:00+00:00,13.2,3.71,uppsala,5f9fe38afd517828962fde29
20102,2021-08-15 14:00:00+00:00,30.3,0.97,uppsala,5f9fe38afd517828962fde29
20103,2021-08-15 15:00:00+00:00,64.4,3.38,uppsala,5f9fe38afd517828962fde29
20104,2021-08-15 16:00:00+00:00,0.4,5.97,uppsala,5f9fe38afd517828962fde29
20105,2021-08-15 17:00:00+00:00,0.1,3.29,uppsala,5f9fe38afd517828962fde29
20106,2021-08-15 18:00:00+00:00,104.8,0.08,uppsala,5f9fe38afd517828962fde29
20107,2021-08-15 19:00:00+00:00,0.0,0.0,uppsala,5f9fe38afd517828962fde29
20108,2021-08-15 20:00:00+00:00,0.0,0.0,uppsala,5f9fe38afd517828962fde29
20109,2021-08-15 21:00:00+00:00,0.0,0.0,uppsala,5f9fe38afd517828962fde29
20110,2021-08-15 22:00:00+00:00,0.0,0.0,uppsala,5f9fe38afd517828962fde29
20111,2021-08-15 23:00:00+00:00,0.0,0.0,uppsala,5f9fe38afd517828962fde29
20112,2021-08-16 00:00:00+00:00,0.0,0.0,uppsala,5f9fe38afd517828962fde29
20113,2021-08-16 01:00:00+00:00,0.0,0.0,uppsala,5f9fe38afd517828962fde29
20114,2021-08-16 02:00:00+00:00,0.0,0.0,uppsala,5f9fe38afd517828962fde29
20115,2021-08-16 03:00:00+00:00,0.0,0.59,uppsala,5f9fe38afd517828962fde29
20116,2021-08-16 04:00:00+00:00,212.2,1.76,uppsala,5f9fe38afd517828962fde29
20117,2021-08-16 05:00:00+00:00,22.9,2.13,uppsala,5f9fe38afd517828962fde29
20118,2021-08-16 06:00:00+00:00,98.6,3.33,uppsala,5f9fe38afd517828962fde29
20119,2021-08-16 07:00:00+00:00,133.6,3.76,uppsala,5f9fe38afd517828962fde29
20120,2021-08-16 08:00:00+00:00,17.6,5.02,uppsala,5f9fe38afd517828962fde29
20121,2021-08-16 09:00:00+00:00,8.3,4.52,uppsala,5f9fe38afd517828962fde29
20122,2021-08-16 10:00:00+00:00,8.6,4.1,uppsala,5f9fe38afd517828962fde29
20123,2021-08-16 11:00:00+00:00,8.6,6.54,uppsala,5f9fe38afd517828962fde29
20124,2021-08-16 12:00:00+00:00,8.2,4.65,uppsala,5f9fe38afd517828962fde29
20125,2021-08-16 13:00:00+00:00,17.6,4.22,uppsala,5f9fe38afd517828962fde29
20126,2021-08-16 14:00:00+00:00,30.4,7.85,uppsala,5f9fe38afd517828962fde29
20127,2021-08-16 15:00:00+00:00,226.4,2.32,uppsala,5f9fe38afd517828962fde29
20128,2021-08-16 16:00:00+00:00,1.2,0.79,uppsala,5f9fe38afd517828962fde29
20129,2021-08-16 17:00:00+00:00,0.0,0.35,uppsala,5f9fe38afd517828962fde29
20130,2021-08-16 18:00:00+00:00,0.0,0.0,uppsala,5f9fe38afd517828962fde29
20131,2021-08-16 19:00:00+00:00,0.0,0.0,uppsala,5f9fe38afd517828962fde29
20132,2021-08-16 20:00:00+00:00,0.0,0.0,uppsala,5f9fe38afd517828962fde29
20133,2021-08-16 21:00:00+00:00,0.0,0.0,uppsala,5f9fe38afd517828962fde29
20134,2021-08-16 22:00:00+00:00,0.0,0.0,uppsala,5f9fe38afd517828962fde29
20135,2021-08-16 23:00:00+00:00,0.0,0.0,uppsala,5f9fe38afd517828962fde29
20136,2021-08-17 00:00:00+00:00,0.0,0.0,uppsala,5f9fe38afd517828962fde29
20137,2021-08-17 01:00:00+00:00,0.0,0.0,uppsala,5f9fe38afd517828962fde29
20138,2021-08-17 02:00:00+00:00,0.0,0.0,uppsala,5f9fe38afd517828962fde29
20139,2021-08-17 03:00:00+00:00,0.0,0.0,uppsala,5f9fe38afd517828962fde29
20140,2021-08-17 04:00:00+00:00,0.0,0.02,uppsala,5f9fe38afd517828962fde29
20141,2021-08-17 05:00:00+00:00,0.0,0.73,uppsala,5f9fe38afd517828962fde29
20142,2021-08-17 06:00:00+00:00,6.0,0.89,uppsala,5f9fe38afd517828962fde29
20143,2021-08-17 07:00:00+00:00,17.7,1.28,uppsala,5f9fe38afd517828962fde29
20144,2021-08-17 08:00:00+00:00,11.7,0.84,uppsala,5f9fe38afd517828962fde29
20145,2021-08-17 09:00:00+00:00,231.6,1.63,uppsala,5f9fe38afd517828962fde29
20146,2021-08-17 10:00:00+00:00,18.2,2.18,uppsala,5f9fe38afd517828962fde29
20147,2021-08-17 11:00:00+00:00,8.9,1.94,uppsala,5f9fe38afd517828962fde29
20148,2021-08-17 12:00:00+00:00,13.6,2.01,uppsala,5f9fe38afd517828962fde29
20149,2021-08-17 13:00:00+00:00,132.9,1.5,uppsala,5f9fe38afd517828962fde29
20150,2021-08-17 14:00:00+00:00,43.0,0.7,uppsala,5f9fe38afd517828962fde29
20151,2021-08-17 15:00:00+00:00,7.5,0.19,uppsala,5f9fe38afd517828962fde29
20152,2021-08-17 16:00:00+00:00,0.9,0.0,uppsala,5f9fe38afd517828962fde29
20153,2021-08-17 17:00:00+00:00,0.0,0.0,uppsala,5f9fe38afd517828962fde29
20154,2021-08-17 18:00:00+00:00,0.0,0.0,uppsala,5f9fe38afd517828962fde29
20155,2021-08-17 19:00:00+00:00,0.0,0.0,uppsala,5f9fe38afd517828962fde29
20156,2021-08-17 20:00:00+00:00,0.0,0.0,uppsala,5f9fe38afd517828962fde29
20157,2021-08-17 21:00:00+00:00,0.0,0.0,uppsala,5f9fe38afd517828962fde29
20158,2021-08-17 22:00:00+00:00,0.0,0.0,uppsala,5f9fe38afd517828962fde29
20159,2021-08-17 23:00:00+00:00,0.0,0.0,uppsala,5f9fe38afd517828962fde29
20160,2021-08-18 00:00:00+00:00,0.0,0.0,uppsala,5f9fe38afd517828962fde29
20161,2021-08-18 01:00:00+00:00,0.0,0.0,uppsala,5f9fe38afd517828962fde29
20162,2021-08-18 02:00:00+00:00,0.0,0.0,uppsala,5f9fe38afd517828962fde29
20163,2021-08-18 03:00:00+00:00,0.0,0.0,uppsala,5f9fe38afd517828962fde29
20164,2021-08-18 04:00:00+00:00,0.0,0.19,uppsala,5f9fe38afd517828962fde29
20165,2021-08-18 05:00:00+00:00,0.5,1.15,uppsala,5f9fe38afd517828962fde29
20166,2021-08-18 06:00:00+00:00,2.6,1.08,uppsala,5f9fe38afd517828962fde29
20167,2021-08-18 07:00:00+00:00,9.6,2.17,uppsala,5f9fe38afd517828962fde29
20168,2021-08-18 08:00:00+00:00,7.4,2.92,uppsala,5f9fe38afd517828962fde29
20169,2021-08-18 09:00:00+00:00,30.2,2.57,uppsala,5f9fe38afd517828962fde29
20170,2021-08-18 10:00:00+00:00,40.9,3.95,uppsala,5f9fe38afd517828962fde29
20171,2021-08-18 11:00:00+00:00,9.5,2.82,uppsala,5f9fe38afd517828962fde29
20172,2021-08-18 12:00:00+00:00,54.1,2.76,uppsala,5f9fe38afd517828962fde29
20173,2021-08-18 13:00:00+00:00,31.8,3.59,uppsala,5f9fe38afd517828962fde29
20174,2021-08-18 14:00:00+00:00,7.1,7.4,uppsala,5f9fe38afd517828962fde29
20175,2021-08-18 15:00:00+00:00,176.1,3.46,uppsala,5f9fe38afd517828962fde29
20176,2021-08-18 16:00:00+00:00,80.6,1.67,uppsala,5f9fe38afd517828962fde29
20177,2021-08-18 17:00:00+00:00,0.0,0.18,uppsala,5f9fe38afd517828962fde29
20178,2021-08-18 18:00:00+00:00,0.0,0.0,uppsala,5f9fe38afd517828962fde29
20179,2021-08-18 19:00:00+00:00,0.0,0.0,uppsala,5f9fe38afd517828962fde29
20180,2021-08-18 20:00:00+00:00,0.0,0.0,uppsala,5f9fe38afd517828962fde29
20181,2021-08-18 21:00:00+00:00,0.0,0.0,uppsala,5f9fe38afd517828962fde29
20182,2021-08-18 22:00:00+00:00,0.0,0.0,uppsala,5f9fe38afd517828962fde29
20183,2021-08-18 23:00:00+00:00,0.0,0.0,uppsala,5f9fe38afd517828962fde29
20184,2021-08-19 00:00:00+00:00,0.0,0.0,uppsala,5f9fe38afd517828962fde29
20185,2021-08-19 01:00:00+00:00,0.0,0.0,uppsala,5f9fe38afd517828962fde29
20186,2021-08-19 02:00:00+00:00,0.0,0.0,uppsala,5f9fe38afd517828962fde29
20187,2021-08-19 03:00:00+00:00,0.0,0.0,uppsala,5f9fe38afd517828962fde29
20188,2021-08-19 04:00:00+00:00,6.0,0.25,uppsala,5f9fe38afd517828962fde29
20189,2021-08-19 05:00:00+00:00,4.5,1.0,uppsala,5f9fe38afd517828962fde29
20190,2021-08-19 06:00:00+00:00,180.9,1.94,uppsala,5f9fe38afd517828962fde29
20191,2021-08-19 07:00:00+00:00,105.4,4.25,uppsala,5f9fe38afd517828962fde29
20192,2021-08-19 08:00:00+00:00,13.6,7.44,uppsala,5f9fe38afd517828962fde29
20193,2021-08-19 09:00:00+00:00,98.7,8.88,uppsala,5f9fe38afd517828962fde29
20194,2021-08-19 10:00:00+00:00,9.4,8.08,uppsala,5f9fe38afd517828962fde29
20195,2021-08-19 11:00:00+00:00,284.0,10.38,uppsala,5f9fe38afd517828962fde29
20196,2021-08-19 12:00:00+00:00,33.9,7.22,uppsala,5f9fe38afd517828962fde29
20197,2021-08-19 13:00:00+00:00,8.8,8.01,uppsala,5f9fe38afd517828962fde29
20198,2021-08-19 14:00:00+00:00,71.3,3.38,uppsala,5f9fe38afd517828962fde29
20199,2021-08-19 15:00:00+00:00,5.4,2.4,uppsala,5f9fe38afd517828962fde29
20200,2021-08-19 16:00:00+00:00,2.8,2.52,uppsala,5f9fe38afd517828962fde29
20201,2021-08-19 17:00:00+00:00,0.0,0.67,uppsala,5f9fe38afd517828962fde29
20202,2021-08-19 18:00:00+00:00,0.0,0.0,uppsala,5f9fe38afd517828962fde29
20203,2021-08-19 19:00:00+00:00,0.0,0.0,uppsala,5f9fe38afd517828962fde29
20204,2021-08-19 20:00:00+00:00,0.0,0.0,uppsala,5f9fe38afd517828962fde29
20205,2021-08-19 21:00:00+00:00,0.0,0.0,uppsala,5f9fe38afd517828962fde29
20206,2021-08-19 22:00:00+00:00,0.0,0.0,uppsala,5f9fe38afd517828962fde29
20207,2021-08-19 23:00:00+00:00,0.0,0.0,uppsala,5f9fe38afd517828962fde29
20208,2021-08-20 00:00:00+00:00,0.0,0.0,uppsala,5f9fe38afd517828962fde29
20209,2021-08-20 01:00:00+00:00,0.0,0.0,uppsala,5f9fe38afd517828962fde29
20210,2021-08-20 02:00:00+00:00,0.0,0.0,uppsala,5f9fe38afd517828962fde29
20211,2021-08-20 03:00:00+00:00,0.0,0.06,uppsala,5f9fe38afd517828962fde29
20212,2021-08-20 04:00:00+00:00,10.8,2.37,uppsala,5f9fe38afd517828962fde29
20213,2021-08-20 05:00:00+00:00,486.1,6.17,uppsala,5f9fe38afd517828962fde29
20214,2021-08-20 06:00:00+00:00,642.1,16.28,uppsala,5f9fe38afd517828962fde29
20215,2021-08-20 07:00:00+00:00,737.2,18.74,uppsala,5f9fe38afd517828962fde29
20216,2021-08-20 08:00:00+00:00,796.6,19.68,uppsala,5f9fe38afd517828962fde29
20217,2021-08-20 09:00:00+00:00,831.9,19.56,uppsala,5f9fe38afd517828962fde29
20218,2021-08-20 10:00:00+00:00,841.3,18.68,uppsala,5f9fe38afd517828962fde29
20219,2021-08-20 11:00:00+00:00,847.2,15.64,uppsala,5f9fe38afd517828962fde29
20220,2021-08-20 12:00:00+00:00,819.0,13.4,uppsala,5f9fe38afd517828962fde29
20221,2021-08-20 13:00:00+00:00,395.1,7.44,uppsala,5f9fe38afd517828962fde29
20222,2021-08-20 14:00:00+00:00,684.6,15.07,uppsala,5f9fe38afd517828962fde29
20223,2021-08-20 15:00:00+00:00,384.4,7.19,uppsala,5f9fe38afd517828962fde29
20224,2021-08-20 16:00:00+00:00,210.2,3.3,uppsala,5f9fe38afd517828962fde29
20225,2021-08-20 17:00:00+00:00,0.0,0.81,uppsala,5f9fe38afd517828962fde29
20226,2021-08-20 18:00:00+00:00,0.0,0.0,uppsala,5f9fe38afd517828962fde29
20227,2021-08-20 19:00:00+00:00,0.0,0.0,uppsala,5f9fe38afd517828962fde29
20228,2021-08-20 20:00:00+00:00,0.0,0.0,uppsala,5f9fe38afd517828962fde29
20229,2021-08-20 21:00:00+00:00,0.0,0.0,uppsala,5f9fe38afd517828962fde29
20230,2021-08-20 22:00:00+00:00,0.0,0.0,uppsala,5f9fe38afd517828962fde29
20231,2021-08-20 23:00:00+00:00,0.0,5.864,uppsala,5f9fe38afd517828962fde29
20232,2021-08-21 00:00:00+00:00,0.0,5.864,uppsala,5f9fe38afd517828962fde29
20233,2021-08-21 01:00:00+00:00,0.0,5.864,uppsala,5f9fe38afd517828962fde29
20234,2021-08-21 02:00:00+00:00,0.0,5.864,uppsala,5f9fe38afd517828962fde29
20235,2021-08-21 03:00:00+00:00,0.0,5.864,uppsala,5f9fe38afd517828962fde29
20236,2021-08-21 04:00:00+00:00,241.2,5.864,uppsala,5f9fe38afd517828962fde29
20237,2021-08-21 05:00:00+00:00,555.7,5.864,uppsala,5f9fe38afd517828962fde29
20238,2021-08-21 06:00:00+00:00,703.3,5.864,uppsala,5f9fe38afd517828962fde29
20239,2021-08-21 07:00:00+00:00,785.3,5.864,uppsala,5f9fe38afd517828962fde29
20240,2021-08-21 08:00:00+00:00,835.4,5.864,uppsala,5f9fe38afd517828962fde29
20241,2021-08-21 09:00:00+00:00,865.1,5.864,uppsala,5f9fe38afd517828962fde29
20242,2021-08-21 10:00:00+00:00,882.6,5.864,uppsala,5f9fe38afd517828962fde29
20243,2021-08-21 11:00:00+00:00,150.1,5.864,uppsala,5f9fe38afd517828962fde29
20244,2021-08-21 12:00:00+00:00,9.9,5.864,uppsala,5f9fe38afd517828962fde29
20245,2021-08-21 13:00:00+00:00,9.1,5.864,uppsala,5f9fe38afd517828962fde29
20246,2021-08-21 14:00:00+00:00,138.9,5.864,uppsala,5f9fe38afd517828962fde29
20247,2021-08-21 15:00:00+00:00,3.9,5.864,uppsala,5f9fe38afd517828962fde29
20248,2021-08-21 16:00:00+00:00,0.1,5.864,uppsala,5f9fe38afd517828962fde29
20249,2021-08-21 17:00:00+00:00,0.0,5.864,uppsala,5f9fe38afd517828962fde29
20250,2021-08-21 18:00:00+00:00,0.0,5.864,uppsala,5f9fe38afd517828962fde29
20251,2021-08-21 19:00:00+00:00,0.0,5.864,uppsala,5f9fe38afd517828962fde29
20252,2021-08-21 20:00:00+00:00,0.0,5.864,uppsala,5f9fe38afd517828962fde29
20253,2021-08-21 21:00:00+00:00,0.0,5.864,uppsala,5f9fe38afd517828962fde29
20254,2021-08-21 22:00:00+00:00,0.0,5.864,uppsala,5f9fe38afd517828962fde29
20255,2021-08-21 23:00:00+00:00,0.0,5.864,uppsala,5f9fe38afd517828962fde29
20256,2021-08-22 00:00:00+00:00,0.0,0.0,uppsala,5f9fe38afd517828962fde29
20257,2021-08-22 01:00:00+00:00,0.0,0.0,uppsala,5f9fe38afd517828962fde29
20258,2021-08-22 02:00:00+00:00,0.0,0.0,uppsala,5f9fe38afd517828962fde29
20259,2021-08-22 03:00:00+00:00,0.0,0.45,uppsala,5f9fe38afd517828962fde29
20260,2021-08-22 04:00:00+00:00,79.4,4.84,uppsala,5f9fe38afd517828962fde29
20261,2021-08-22 05:00:00+00:00,323.1,10.71,uppsala,5f9fe38afd517828962fde29
20262,2021-08-22 06:00:00+00:00,509.2,15.87,uppsala,5f9fe38afd517828962fde29
20263,2021-08-22 07:00:00+00:00,635.7,18.6,uppsala,5f9fe38afd517828962fde29
20264,2021-08-22 08:00:00+00:00,709.0,19.66,uppsala,5f9fe38afd517828962fde29
20265,2021-08-22 09:00:00+00:00,756.9,19.46,uppsala,5f9fe38afd517828962fde29
20266,2021-08-22 10:00:00+00:00,733.7,13.91,uppsala,5f9fe38afd517828962fde29
20267,2021-08-22 11:00:00+00:00,549.0,12.46,uppsala,5f9fe38afd517828962fde29
20268,2021-08-22 12:00:00+00:00,143.3,7.56,uppsala,5f9fe38afd517828962fde29
20269,2021-08-22 13:00:00+00:00,154.2,8.89,uppsala,5f9fe38afd517828962fde29
20270,2021-08-22 14:00:00+00:00,13.4,6.94,uppsala,5f9fe38afd517828962fde29
20271,2021-08-22 15:00:00+00:00,9.6,4.81,uppsala,5f9fe38afd517828962fde29
20272,2021-08-22 16:00:00+00:00,90.9,1.56,uppsala,5f9fe38afd517828962fde29
20273,2021-08-22 17:00:00+00:00,74.6,0.63,uppsala,5f9fe38afd517828962fde29
20274,2021-08-22 18:00:00+00:00,0.0,0.01,uppsala,5f9fe38afd517828962fde29
20275,2021-08-22 19:00:00+00:00,0.0,0.0,uppsala,5f9fe38afd517828962fde29
20276,2021-08-22 20:00:00+00:00,0.0,0.0,uppsala,5f9fe38afd517828962fde29
20277,2021-08-22 21:00:00+00:00,0.0,0.0,uppsala,5f9fe38afd517828962fde29
20278,2021-08-22 22:00:00+00:00,0.0,0.0,uppsala,5f9fe38afd517828962fde29
20279,2021-08-22 23:00:00+00:00,0.0,0.0,uppsala,5f9fe38afd517828962fde29
20280,2021-08-23 00:00:00+00:00,0.0,0.0,uppsala,5f9fe38afd517828962fde29
20281,2021-08-23 01:00:00+00:00,0.0,0.0,uppsala,5f9fe38afd517828962fde29
20282,2021-08-23 02:00:00+00:00,0.0,0.0,uppsala,5f9fe38afd517828962fde29
20283,2021-08-23 03:00:00+00:00,0.0,0.29,uppsala,5f9fe38afd517828962fde29
20284,2021-08-23 04:00:00+00:00,88.7,4.18,uppsala,5f9fe38afd517828962fde29
20285,2021-08-23 05:00:00+00:00,358.8,9.63,uppsala,5f9fe38afd517828962fde29
20286,2021-08-23 06:00:00+00:00,546.0,14.81,uppsala,5f9fe38afd517828962fde29
20287,2021-08-23 07:00:00+00:00,676.5,18.05,uppsala,5f9fe38afd517828962fde29
20288,2021-08-23 08:00:00+00:00,761.7,19.61,uppsala,5f9fe38afd517828962fde29
20289,2021-08-23 09:00:00+00:00,795.1,19.62,uppsala,5f9fe38afd517828962fde29
20290,2021-08-23 10:00:00+00:00,826.9,18.07,uppsala,5f9fe38afd517828962fde29
20291,2021-08-23 11:00:00+00:00,762.8,15.57,uppsala,5f9fe38afd517828962fde29
20292,2021-08-23 12:00:00+00:00,726.1,16.39,uppsala,5f9fe38afd517828962fde29
20293,2021-08-23 13:00:00+00:00,678.3,14.86,uppsala,5f9fe38afd517828962fde29
20294,2021-08-23 14:00:00+00:00,695.1,13.68,uppsala,5f9fe38afd517828962fde29
20295,2021-08-23 15:00:00+00:00,487.3,7.87,uppsala,5f9fe38afd517828962fde29
20296,2021-08-23 16:00:00+00:00,367.1,3.84,uppsala,5f9fe38afd517828962fde29
20297,2021-08-23 17:00:00+00:00,51.2,0.68,uppsala,5f9fe38afd517828962fde29
20298,2021-08-23 18:00:00+00:00,0.0,0.0,uppsala,5f9fe38afd517828962fde29
20299,2021-08-23 19:00:00+00:00,0.0,0.0,uppsala,5f9fe38afd517828962fde29
20300,2021-08-23 20:00:00+00:00,0.0,0.0,uppsala,5f9fe38afd517828962fde29
20301,2021-08-23 21:00:00+00:00,0.0,0.0,uppsala,5f9fe38afd517828962fde29
20302,2021-08-23 22:00:00+00:00,0.0,0.0,uppsala,5f9fe38afd517828962fde29
20303,2021-08-23 23:00:00+00:00,0.0,0.0,uppsala,5f9fe38afd517828962fde29
20304,2021-08-24 00:00:00+00:00,0.0,0.0,uppsala,5f9fe38afd517828962fde29
20305,2021-08-24 01:00:00+00:00,0.0,0.0,uppsala,5f9fe38afd517828962fde29
20306,2021-08-24 02:00:00+00:00,0.0,0.0,uppsala,5f9fe38afd517828962fde29
20307,2021-08-24 03:00:00+00:00,0.0,0.21,uppsala,5f9fe38afd517828962fde29
20308,2021-08-24 04:00:00+00:00,42.7,4.66,uppsala,5f9fe38afd517828962fde29
20309,2021-08-24 05:00:00+00:00,253.2,10.9,uppsala,5f9fe38afd517828962fde29
20310,2021-08-24 06:00:00+00:00,396.0,15.22,uppsala,5f9fe38afd517828962fde29
20311,2021-08-24 07:00:00+00:00,187.6,18.44,uppsala,5f9fe38afd517828962fde29
20312,2021-08-24 08:00:00+00:00,595.8,18.47,uppsala,5f9fe38afd517828962fde29
20313,2021-08-24 09:00:00+00:00,5.8,20.64,uppsala,5f9fe38afd517828962fde29
20314,2021-08-24 10:00:00+00:00,664.6,10.15,uppsala,5f9fe38afd517828962fde29
20315,2021-08-24 11:00:00+00:00,17.8,12.99,uppsala,5f9fe38afd517828962fde29
20316,2021-08-24 12:00:00+00:00,121.3,9.49,uppsala,5f9fe38afd517828962fde29
20317,2021-08-24 13:00:00+00:00,57.6,8.44,uppsala,5f9fe38afd517828962fde29
20318,2021-08-24 14:00:00+00:00,46.4,6.55,uppsala,5f9fe38afd517828962fde29
20319,2021-08-24 15:00:00+00:00,103.9,3.01,uppsala,5f9fe38afd517828962fde29
20320,2021-08-24 16:00:00+00:00,126.3,1.75,uppsala,5f9fe38afd517828962fde29
20321,2021-08-24 17:00:00+00:00,53.6,0.3,uppsala,5f9fe38afd517828962fde29
20322,2021-08-24 18:00:00+00:00,0.0,0.0,uppsala,5f9fe38afd517828962fde29
20323,2021-08-24 19:00:00+00:00,0.0,0.0,uppsala,5f9fe38afd517828962fde29
20324,2021-08-24 20:00:00+00:00,0.0,0.0,uppsala,5f9fe38afd517828962fde29
20325,2021-08-24 21:00:00+00:00,0.0,0.0,uppsala,5f9fe38afd517828962fde29
20326,2021-08-24 22:00:00+00:00,0.0,0.0,uppsala,5f9fe38afd517828962fde29
20327,2021-08-24 23:00:00+00:00,0.0,0.0,uppsala,5f9fe38afd517828962fde29
20328,2021-08-25 00:00:00+00:00,0.0,0.0,uppsala,5f9fe38afd517828962fde29
20329,2021-08-25 01:00:00+00:00,0.0,0.0,uppsala,5f9fe38afd517828962fde29
20330,2021-08-25 02:00:00+00:00,0.0,0.0,uppsala,5f9fe38afd517828962fde29
20331,2021-08-25 03:00:00+00:00,0.0,0.0,uppsala,5f9fe38afd517828962fde29
20332,2021-08-25 04:00:00+00:00,0.2,3.62,uppsala,5f9fe38afd517828962fde29
20333,2021-08-25 05:00:00+00:00,289.7,9.16,uppsala,5f9fe38afd517828962fde29
20334,2021-08-25 06:00:00+00:00,496.4,15.13,uppsala,5f9fe38afd517828962fde29
20335,2021-08-25 07:00:00+00:00,405.4,9.69,uppsala,5f9fe38afd517828962fde29
20336,2021-08-25 08:00:00+00:00,22.5,3.04,uppsala,5f9fe38afd517828962fde29
20337,2021-08-25 09:00:00+00:00,8.3,3.14,uppsala,5f9fe38afd517828962fde29
20338,2021-08-25 10:00:00+00:00,9.1,3.81,uppsala,5f9fe38afd517828962fde29
20339,2021-08-25 11:00:00+00:00,105.8,6.77,uppsala,5f9fe38afd517828962fde29
20340,2021-08-25 12:00:00+00:00,25.6,10.44,uppsala,5f9fe38afd517828962fde29
20341,2021-08-25 13:00:00+00:00,99.7,4.72,uppsala,5f9fe38afd517828962fde29
20342,2021-08-25 14:00:00+00:00,99.6,5.04,uppsala,5f9fe38afd517828962fde29
20343,2021-08-25 15:00:00+00:00,3.6,1.18,uppsala,5f9fe38afd517828962fde29
20344,2021-08-25 16:00:00+00:00,0.7000000000000001,0.9,uppsala,5f9fe38afd517828962fde29
20345,2021-08-25 17:00:00+00:00,5.9,0.14,uppsala,5f9fe38afd517828962fde29
20346,2021-08-25 18:00:00+00:00,0.0,0.0,uppsala,5f9fe38afd517828962fde29
20347,2021-08-25 19:00:00+00:00,0.0,0.0,uppsala,5f9fe38afd517828962fde29
20348,2021-08-25 20:00:00+00:00,0.0,0.0,uppsala,5f9fe38afd517828962fde29
20349,2021-08-25 21:00:00+00:00,0.0,0.0,uppsala,5f9fe38afd517828962fde29
20350,2021-08-25 22:00:00+00:00,0.0,0.0,uppsala,5f9fe38afd517828962fde29
20351,2021-08-25 23:00:00+00:00,0.0,0.0,uppsala,5f9fe38afd517828962fde29
20352,2021-08-26 00:00:00+00:00,0.0,0.0,uppsala,5f9fe38afd517828962fde29
20353,2021-08-26 01:00:00+00:00,0.0,0.0,uppsala,5f9fe38afd517828962fde29
20354,2021-08-26 02:00:00+00:00,0.0,0.0,uppsala,5f9fe38afd517828962fde29
20355,2021-08-26 03:00:00+00:00,0.0,0.06,uppsala,5f9fe38afd517828962fde29
20356,2021-08-26 04:00:00+00:00,0.0,2.94,uppsala,5f9fe38afd517828962fde29
20357,2021-08-26 05:00:00+00:00,56.6,3.62,uppsala,5f9fe38afd517828962fde29
20358,2021-08-26 06:00:00+00:00,51.1,3.93,uppsala,5f9fe38afd517828962fde29
20359,2021-08-26 07:00:00+00:00,68.5,3.53,uppsala,5f9fe38afd517828962fde29
20360,2021-08-26 08:00:00+00:00,29.0,2.27,uppsala,5f9fe38afd517828962fde29
20361,2021-08-26 09:00:00+00:00,79.9,4.08,uppsala,5f9fe38afd517828962fde29
20362,2021-08-26 10:00:00+00:00,122.3,3.87,uppsala,5f9fe38afd517828962fde29
20363,2021-08-26 11:00:00+00:00,156.2,3.82,uppsala,5f9fe38afd517828962fde29
20364,2021-08-26 12:00:00+00:00,7.7,4.59,uppsala,5f9fe38afd517828962fde29
20365,2021-08-26 13:00:00+00:00,31.4,2.66,uppsala,5f9fe38afd517828962fde29
20366,2021-08-26 14:00:00+00:00,64.0,1.75,uppsala,5f9fe38afd517828962fde29
20367,2021-08-26 15:00:00+00:00,3.7,1.62,uppsala,5f9fe38afd517828962fde29
20368,2021-08-26 16:00:00+00:00,50.3,0.47,uppsala,5f9fe38afd517828962fde29
20369,2021-08-26 17:00:00+00:00,0.9,0.19,uppsala,5f9fe38afd517828962fde29
20370,2021-08-26 18:00:00+00:00,0.0,0.0,uppsala,5f9fe38afd517828962fde29
20371,2021-08-26 19:00:00+00:00,0.0,0.0,uppsala,5f9fe38afd517828962fde29
20372,2021-08-26 20:00:00+00:00,0.0,0.0,uppsala,5f9fe38afd517828962fde29
20373,2021-08-26 21:00:00+00:00,0.0,0.0,uppsala,5f9fe38afd517828962fde29
20374,2021-08-26 22:00:00+00:00,0.0,0.0,uppsala,5f9fe38afd517828962fde29
20375,2021-08-26 23:00:00+00:00,0.0,0.0,uppsala,5f9fe38afd517828962fde29
20376,2021-08-27 00:00:00+00:00,0.0,0.0,uppsala,5f9fe38afd517828962fde29
20377,2021-08-27 01:00:00+00:00,0.0,0.0,uppsala,5f9fe38afd517828962fde29
20378,2021-08-27 02:00:00+00:00,0.0,0.0,uppsala,5f9fe38afd517828962fde29
20379,2021-08-27 03:00:00+00:00,0.0,0.0,uppsala,5f9fe38afd517828962fde29
20380,2021-08-27 04:00:00+00:00,0.0,0.1,uppsala,5f9fe38afd517828962fde29
20381,2021-08-27 05:00:00+00:00,0.0,0.36,uppsala,5f9fe38afd517828962fde29
20382,2021-08-27 06:00:00+00:00,0.9,0.82,uppsala,5f9fe38afd517828962fde29
20383,2021-08-27 07:00:00+00:00,4.1,1.14,uppsala,5f9fe38afd517828962fde29
20384,2021-08-27 08:00:00+00:00,6.1,1.37,uppsala,5f9fe38afd517828962fde29
20385,2021-08-27 09:00:00+00:00,7.0,1.54,uppsala,5f9fe38afd517828962fde29
20386,2021-08-27 10:00:00+00:00,11.6,3.23,uppsala,5f9fe38afd517828962fde29
20387,2021-08-27 11:00:00+00:00,7.1,1.85,uppsala,5f9fe38afd517828962fde29
20388,2021-08-27 12:00:00+00:00,34.0,1.61,uppsala,5f9fe38afd517828962fde29
20389,2021-08-27 13:00:00+00:00,26.4,1.06,uppsala,5f9fe38afd517828962fde29
20390,2021-08-27 14:00:00+00:00,4.8,0.47,uppsala,5f9fe38afd517828962fde29
20391,2021-08-27 15:00:00+00:00,5.1,0.69,uppsala,5f9fe38afd517828962fde29
20392,2021-08-27 16:00:00+00:00,0.0,0.08,uppsala,5f9fe38afd517828962fde29
20393,2021-08-27 17:00:00+00:00,0.0,0.0,uppsala,5f9fe38afd517828962fde29
20394,2021-08-27 18:00:00+00:00,0.0,0.0,uppsala,5f9fe38afd517828962fde29
20395,2021-08-27 19:00:00+00:00,0.0,0.0,uppsala,5f9fe38afd517828962fde29
20396,2021-08-27 20:00:00+00:00,0.0,0.0,uppsala,5f9fe38afd517828962fde29
20397,2021-08-27 21:00:00+00:00,0.0,0.0,uppsala,5f9fe38afd517828962fde29
20398,2021-08-27 22:00:00+00:00,0.0,0.0,uppsala,5f9fe38afd517828962fde29
20399,2021-08-27 23:00:00+00:00,0.0,0.0,uppsala,5f9fe38afd517828962fde29
20400,2021-08-28 00:00:00+00:00,0.0,0.0,uppsala,5f9fe38afd517828962fde29
20401,2021-08-28 01:00:00+00:00,0.0,0.0,uppsala,5f9fe38afd517828962fde29
20402,2021-08-28 02:00:00+00:00,0.0,0.0,uppsala,5f9fe38afd517828962fde29
20403,2021-08-28 03:00:00+00:00,0.0,0.0,uppsala,5f9fe38afd517828962fde29
20404,2021-08-28 04:00:00+00:00,0.0,0.0,uppsala,5f9fe38afd517828962fde29
20405,2021-08-28 05:00:00+00:00,0.0,0.06,uppsala,5f9fe38afd517828962fde29
20406,2021-08-28 06:00:00+00:00,0.0,0.21,uppsala,5f9fe38afd517828962fde29
20407,2021-08-28 07:00:00+00:00,0.9,0.57,uppsala,5f9fe38afd517828962fde29
20408,2021-08-28 08:00:00+00:00,2.6,1.12,uppsala,5f9fe38afd517828962fde29
20409,2021-08-28 09:00:00+00:00,3.4,1.76,uppsala,5f9fe38afd517828962fde29
20410,2021-08-28 10:00:00+00:00,4.2,2.28,uppsala,5f9fe38afd517828962fde29
20411,2021-08-28 11:00:00+00:00,4.4,2.2,uppsala,5f9fe38afd517828962fde29
20412,2021-08-28 12:00:00+00:00,4.5,1.71,uppsala,5f9fe38afd517828962fde29
20413,2021-08-28 13:00:00+00:00,3.6,0.9,uppsala,5f9fe38afd517828962fde29
20414,2021-08-28 14:00:00+00:00,2.2,1.06,uppsala,5f9fe38afd517828962fde29
20415,2021-08-28 15:00:00+00:00,0.6000000000000001,0.99,uppsala,5f9fe38afd517828962fde29
20416,2021-08-28 16:00:00+00:00,0.0,0.37,uppsala,5f9fe38afd517828962fde29
20417,2021-08-28 17:00:00+00:00,0.0,0.03,uppsala,5f9fe38afd517828962fde29
20418,2021-08-28 18:00:00+00:00,0.0,0.0,uppsala,5f9fe38afd517828962fde29
20419,2021-08-28 19:00:00+00:00,0.0,0.0,uppsala,5f9fe38afd517828962fde29
20420,2021-08-28 20:00:00+00:00,0.0,0.0,uppsala,5f9fe38afd517828962fde29
20421,2021-08-28 21:00:00+00:00,0.0,0.0,uppsala,5f9fe38afd517828962fde29
20422,2021-08-28 22:00:00+00:00,0.0,0.0,uppsala,5f9fe38afd517828962fde29
20423,2021-08-28 23:00:00+00:00,0.0,0.0,uppsala,5f9fe38afd517828962fde29
20424,2021-08-29 00:00:00+00:00,0.0,0.0,uppsala,5f9fe38afd517828962fde29
20425,2021-08-29 01:00:00+00:00,0.0,0.0,uppsala,5f9fe38afd517828962fde29
20426,2021-08-29 02:00:00+00:00,0.0,0.0,uppsala,5f9fe38afd517828962fde29
20427,2021-08-29 03:00:00+00:00,0.0,0.0,uppsala,5f9fe38afd517828962fde29
20428,2021-08-29 04:00:00+00:00,0.0,0.23,uppsala,5f9fe38afd517828962fde29
20429,2021-08-29 05:00:00+00:00,0.0,0.83,uppsala,5f9fe38afd517828962fde29
20430,2021-08-29 06:00:00+00:00,0.0,2.38,uppsala,5f9fe38afd517828962fde29
20431,2021-08-29 07:00:00+00:00,5.6,3.94,uppsala,5f9fe38afd517828962fde29
20432,2021-08-29 08:00:00+00:00,5.3,6.85,uppsala,5f9fe38afd517828962fde29
20433,2021-08-29 09:00:00+00:00,7.9,9.12,uppsala,5f9fe38afd517828962fde29
20434,2021-08-29 10:00:00+00:00,63.2,11.22,uppsala,5f9fe38afd517828962fde29
20435,2021-08-29 11:00:00+00:00,285.4,7.18,uppsala,5f9fe38afd517828962fde29
20436,2021-08-29 12:00:00+00:00,219.3,5.57,uppsala,5f9fe38afd517828962fde29
20437,2021-08-29 13:00:00+00:00,122.1,5.08,uppsala,5f9fe38afd517828962fde29
20438,2021-08-29 14:00:00+00:00,86.9,5.8,uppsala,5f9fe38afd517828962fde29
20439,2021-08-29 15:00:00+00:00,2.7,8.76,uppsala,5f9fe38afd517828962fde29
20440,2021-08-29 16:00:00+00:00,145.9,5.54,uppsala,5f9fe38afd517828962fde29
20441,2021-08-29 17:00:00+00:00,253.8,1.43,uppsala,5f9fe38afd517828962fde29
20442,2021-08-29 18:00:00+00:00,0.0,0.0,uppsala,5f9fe38afd517828962fde29
20443,2021-08-29 19:00:00+00:00,0.0,0.0,uppsala,5f9fe38afd517828962fde29
20444,2021-08-29 20:00:00+00:00,0.0,0.0,uppsala,5f9fe38afd517828962fde29
20445,2021-08-29 21:00:00+00:00,0.0,0.0,uppsala,5f9fe38afd517828962fde29
20446,2021-08-29 22:00:00+00:00,0.0,0.0,uppsala,5f9fe38afd517828962fde29
20447,2021-08-29 23:00:00+00:00,0.0,0.0,uppsala,5f9fe38afd517828962fde29
20448,2021-08-30 00:00:00+00:00,0.0,0.0,uppsala,5f9fe38afd517828962fde29
20449,2021-08-30 01:00:00+00:00,0.0,0.0,uppsala,5f9fe38afd517828962fde29
20450,2021-08-30 02:00:00+00:00,0.0,0.0,uppsala,5f9fe38afd517828962fde29
20451,2021-08-30 03:00:00+00:00,0.0,0.01,uppsala,5f9fe38afd517828962fde29
20452,2021-08-30 04:00:00+00:00,3.4,2.87,uppsala,5f9fe38afd517828962fde29
20453,2021-08-30 05:00:00+00:00,265.9,7.11,uppsala,5f9fe38afd517828962fde29
20454,2021-08-30 06:00:00+00:00,133.7,12.52,uppsala,5f9fe38afd517828962fde29
20455,2021-08-30 07:00:00+00:00,642.9,17.5,uppsala,5f9fe38afd517828962fde29
20456,2021-08-30 08:00:00+00:00,702.0,18.5,uppsala,5f9fe38afd517828962fde29
20457,2021-08-30 09:00:00+00:00,767.5,19.14,uppsala,5f9fe38afd517828962fde29
20458,2021-08-30 10:00:00+00:00,783.5,15.54,uppsala,5f9fe38afd517828962fde29
20459,2021-08-30 11:00:00+00:00,792.8,12.61,uppsala,5f9fe38afd517828962fde29
20460,2021-08-30 12:00:00+00:00,750.5,12.85,uppsala,5f9fe38afd517828962fde29
20461,2021-08-30 13:00:00+00:00,757.7,12.68,uppsala,5f9fe38afd517828962fde29
20462,2021-08-30 14:00:00+00:00,721.5,10.2,uppsala,5f9fe38afd517828962fde29
20463,2021-08-30 15:00:00+00:00,639.3,9.11,uppsala,5f9fe38afd517828962fde29
20464,2021-08-30 16:00:00+00:00,501.1,5.79,uppsala,5f9fe38afd517828962fde29
20465,2021-08-30 17:00:00+00:00,253.4,1.77,uppsala,5f9fe38afd517828962fde29
20466,2021-08-30 18:00:00+00:00,0.0,0.0,uppsala,5f9fe38afd517828962fde29
20467,2021-08-30 19:00:00+00:00,0.0,0.0,uppsala,5f9fe38afd517828962fde29
20468,2021-08-30 20:00:00+00:00,0.0,0.0,uppsala,5f9fe38afd517828962fde29
20469,2021-08-30 21:00:00+00:00,0.0,0.0,uppsala,5f9fe38afd517828962fde29
20470,2021-08-30 22:00:00+00:00,0.0,0.0,uppsala,5f9fe38afd517828962fde29
20471,2021-08-30 23:00:00+00:00,0.0,0.0,uppsala,5f9fe38afd517828962fde29
20472,2021-08-31 00:00:00+00:00,0.0,0.0,uppsala,5f9fe38afd517828962fde29
20473,2021-08-31 01:00:00+00:00,0.0,0.0,uppsala,5f9fe38afd517828962fde29
20474,2021-08-31 02:00:00+00:00,0.0,0.0,uppsala,5f9fe38afd517828962fde29
20475,2021-08-31 03:00:00+00:00,0.0,0.06,uppsala,5f9fe38afd517828962fde29
20476,2021-08-31 04:00:00+00:00,5.2,3.27,uppsala,5f9fe38afd517828962fde29
20477,2021-08-31 05:00:00+00:00,330.5,9.95,uppsala,5f9fe38afd517828962fde29
20478,2021-08-31 06:00:00+00:00,567.1,15.08,uppsala,5f9fe38afd517828962fde29
20479,2021-08-31 07:00:00+00:00,682.6,18.08,uppsala,5f9fe38afd517828962fde29
20480,2021-08-31 08:00:00+00:00,754.8,19.24,uppsala,5f9fe38afd517828962fde29
20481,2021-08-31 09:00:00+00:00,788.0,18.68,uppsala,5f9fe38afd517828962fde29
20482,2021-08-31 10:00:00+00:00,776.4,17.7,uppsala,5f9fe38afd517828962fde29
20483,2021-08-31 11:00:00+00:00,806.3,15.56,uppsala,5f9fe38afd517828962fde29
20484,2021-08-31 12:00:00+00:00,783.1,15.68,uppsala,5f9fe38afd517828962fde29
20485,2021-08-31 13:00:00+00:00,750.2,14.92,uppsala,5f9fe38afd517828962fde29
20486,2021-08-31 14:00:00+00:00,707.2,13.15,uppsala,5f9fe38afd517828962fde29
20487,2021-08-31 15:00:00+00:00,740.8,9.52,uppsala,5f9fe38afd517828962fde29
20488,2021-08-31 16:00:00+00:00,600.6,5.61,uppsala,5f9fe38afd517828962fde29
20489,2021-08-31 17:00:00+00:00,308.5,1.31,uppsala,5f9fe38afd517828962fde29
20490,2021-08-31 18:00:00+00:00,0.0,0.0,uppsala,5f9fe38afd517828962fde29
20491,2021-08-31 19:00:00+00:00,0.0,0.0,uppsala,5f9fe38afd517828962fde29
20492,2021-08-31 20:00:00+00:00,0.0,0.0,uppsala,5f9fe38afd517828962fde29
20493,2021-08-31 21:00:00+00:00,0.0,0.0,uppsala,5f9fe38afd517828962fde29
20494,2021-08-31 22:00:00+00:00,0.0,0.0,uppsala,5f9fe38afd517828962fde29
20495,2021-08-31 23:00:00+00:00,0.0,0.0,uppsala,5f9fe38afd517828962fde29
20496,2021-09-01 00:00:00+00:00,0.0,0.0,uppsala,5f9fe38afd517828962fde29
20497,2021-09-01 01:00:00+00:00,0.0,0.0,uppsala,5f9fe38afd517828962fde29
20498,2021-09-01 02:00:00+00:00,0.0,0.0,uppsala,5f9fe38afd517828962fde29
20499,2021-09-01 03:00:00+00:00,0.0,0.0,uppsala,5f9fe38afd517828962fde29
20500,2021-09-01 04:00:00+00:00,27.0,2.1,uppsala,5f9fe38afd517828962fde29
20501,2021-09-01 05:00:00+00:00,378.5,9.27,uppsala,5f9fe38afd517828962fde29
20502,2021-09-01 06:00:00+00:00,13.0,13.24,uppsala,5f9fe38afd517828962fde29
20503,2021-09-01 07:00:00+00:00,58.8,15.99,uppsala,5f9fe38afd517828962fde29
20504,2021-09-01 08:00:00+00:00,292.3,18.64,uppsala,5f9fe38afd517828962fde29
20505,2021-09-01 09:00:00+00:00,697.1,18.67,uppsala,5f9fe38afd517828962fde29
20506,2021-09-01 10:00:00+00:00,670.1,9.82,uppsala,5f9fe38afd517828962fde29
20507,2021-09-01 11:00:00+00:00,9.3,4.65,uppsala,5f9fe38afd517828962fde29
20508,2021-09-01 12:00:00+00:00,8.7,4.63,uppsala,5f9fe38afd517828962fde29
20509,2021-09-01 13:00:00+00:00,16.0,4.57,uppsala,5f9fe38afd517828962fde29
20510,2021-09-01 14:00:00+00:00,9.5,2.36,uppsala,5f9fe38afd517828962fde29
20511,2021-09-01 15:00:00+00:00,1.3,3.84,uppsala,5f9fe38afd517828962fde29
20512,2021-09-01 16:00:00+00:00,322.6,1.17,uppsala,5f9fe38afd517828962fde29
20513,2021-09-01 17:00:00+00:00,54.0,0.07,uppsala,5f9fe38afd517828962fde29
20514,2021-09-01 18:00:00+00:00,0.0,0.0,uppsala,5f9fe38afd517828962fde29
20515,2021-09-01 19:00:00+00:00,0.0,0.0,uppsala,5f9fe38afd517828962fde29
20516,2021-09-01 20:00:00+00:00,0.0,0.0,uppsala,5f9fe38afd517828962fde29
20517,2021-09-01 21:00:00+00:00,0.0,0.0,uppsala,5f9fe38afd517828962fde29
20518,2021-09-01 22:00:00+00:00,0.0,0.0,uppsala,5f9fe38afd517828962fde29
20519,2021-09-01 23:00:00+00:00,0.0,0.0,uppsala,5f9fe38afd517828962fde29
20520,2021-09-02 00:00:00+00:00,0.0,0.0,uppsala,5f9fe38afd517828962fde29
20521,2021-09-02 01:00:00+00:00,0.0,0.0,uppsala,5f9fe38afd517828962fde29
20522,2021-09-02 02:00:00+00:00,0.0,0.0,uppsala,5f9fe38afd517828962fde29
20523,2021-09-02 03:00:00+00:00,0.0,0.04,uppsala,5f9fe38afd517828962fde29
20524,2021-09-02 04:00:00+00:00,53.5,3.41,uppsala,5f9fe38afd517828962fde29
20525,2021-09-02 05:00:00+00:00,468.9,9.66,uppsala,5f9fe38afd517828962fde29
20526,2021-09-02 06:00:00+00:00,656.7,15.25,uppsala,5f9fe38afd517828962fde29
20527,2021-09-02 07:00:00+00:00,699.5,13.5,uppsala,5f9fe38afd517828962fde29
20528,2021-09-02 08:00:00+00:00,257.2,15.92,uppsala,5f9fe38afd517828962fde29
20529,2021-09-02 09:00:00+00:00,8.5,16.58,uppsala,5f9fe38afd517828962fde29
20530,2021-09-02 10:00:00+00:00,5.8,12.88,uppsala,5f9fe38afd517828962fde29
20531,2021-09-02 11:00:00+00:00,98.1,11.51,uppsala,5f9fe38afd517828962fde29
20532,2021-09-02 12:00:00+00:00,13.5,10.08,uppsala,5f9fe38afd517828962fde29
20533,2021-09-02 13:00:00+00:00,13.7,7.91,uppsala,5f9fe38afd517828962fde29
20534,2021-09-02 14:00:00+00:00,4.5,7.65,uppsala,5f9fe38afd517828962fde29
20535,2021-09-02 15:00:00+00:00,277.1,6.03,uppsala,5f9fe38afd517828962fde29
20536,2021-09-02 16:00:00+00:00,20.1,1.38,uppsala,5f9fe38afd517828962fde29
20537,2021-09-02 17:00:00+00:00,6.0,0.11,uppsala,5f9fe38afd517828962fde29
20538,2021-09-02 18:00:00+00:00,0.0,0.0,uppsala,5f9fe38afd517828962fde29
20539,2021-09-02 19:00:00+00:00,0.0,0.0,uppsala,5f9fe38afd517828962fde29
20540,2021-09-02 20:00:00+00:00,0.0,0.0,uppsala,5f9fe38afd517828962fde29
20541,2021-09-02 21:00:00+00:00,0.0,0.0,uppsala,5f9fe38afd517828962fde29
20542,2021-09-02 22:00:00+00:00,0.0,0.0,uppsala,5f9fe38afd517828962fde29
20543,2021-09-02 23:00:00+00:00,0.0,0.0,uppsala,5f9fe38afd517828962fde29
20544,2021-09-03 00:00:00+00:00,0.0,0.0,uppsala,5f9fe38afd517828962fde29
20545,2021-09-03 01:00:00+00:00,0.0,0.0,uppsala,5f9fe38afd517828962fde29
20546,2021-09-03 02:00:00+00:00,0.0,0.0,uppsala,5f9fe38afd517828962fde29
20547,2021-09-03 03:00:00+00:00,0.0,0.0,uppsala,5f9fe38afd517828962fde29
20548,2021-09-03 04:00:00+00:00,0.0,1.18,uppsala,5f9fe38afd517828962fde29
20549,2021-09-03 05:00:00+00:00,209.2,10.83,uppsala,5f9fe38afd517828962fde29
20550,2021-09-03 06:00:00+00:00,635.0,15.73,uppsala,5f9fe38afd517828962fde29
20551,2021-09-03 07:00:00+00:00,763.4,14.54,uppsala,5f9fe38afd517828962fde29
20552,2021-09-03 08:00:00+00:00,828.9,18.47,uppsala,5f9fe38afd517828962fde29
20553,2021-09-03 09:00:00+00:00,831.5,19.26,uppsala,5f9fe38afd517828962fde29
20554,2021-09-03 10:00:00+00:00,807.7,16.32,uppsala,5f9fe38afd517828962fde29
20555,2021-09-03 11:00:00+00:00,744.0,13.28,uppsala,5f9fe38afd517828962fde29
20556,2021-09-03 12:00:00+00:00,227.7,14.91,uppsala,5f9fe38afd517828962fde29
20557,2021-09-03 13:00:00+00:00,731.4,12.39,uppsala,5f9fe38afd517828962fde29
20558,2021-09-03 14:00:00+00:00,420.0,14.21,uppsala,5f9fe38afd517828962fde29
20559,2021-09-03 15:00:00+00:00,374.3,9.73,uppsala,5f9fe38afd517828962fde29
20560,2021-09-03 16:00:00+00:00,83.7,6.2,uppsala,5f9fe38afd517828962fde29
20561,2021-09-03 17:00:00+00:00,199.6,1.02,uppsala,5f9fe38afd517828962fde29
20562,2021-09-03 18:00:00+00:00,0.0,0.0,uppsala,5f9fe38afd517828962fde29
20563,2021-09-03 19:00:00+00:00,0.0,0.0,uppsala,5f9fe38afd517828962fde29
20564,2021-09-03 20:00:00+00:00,0.0,0.0,uppsala,5f9fe38afd517828962fde29
20565,2021-09-03 21:00:00+00:00,0.0,0.0,uppsala,5f9fe38afd517828962fde29
20566,2021-09-03 22:00:00+00:00,0.0,0.0,uppsala,5f9fe38afd517828962fde29
20567,2021-09-03 23:00:00+00:00,0.0,0.0,uppsala,5f9fe38afd517828962fde29
20568,2021-09-04 00:00:00+00:00,0.0,0.0,uppsala,5f9fe38afd517828962fde29
20569,2021-09-04 01:00:00+00:00,0.0,0.0,uppsala,5f9fe38afd517828962fde29
20570,2021-09-04 02:00:00+00:00,0.0,0.0,uppsala,5f9fe38afd517828962fde29
20571,2021-09-04 03:00:00+00:00,0.0,0.0,uppsala,5f9fe38afd517828962fde29
20572,2021-09-04 04:00:00+00:00,27.1,2.93,uppsala,5f9fe38afd517828962fde29
20573,2021-09-04 05:00:00+00:00,492.5,9.92,uppsala,5f9fe38afd517828962fde29
20574,2021-09-04 06:00:00+00:00,695.1,15.38,uppsala,5f9fe38afd517828962fde29
20575,2021-09-04 07:00:00+00:00,800.9,18.37,uppsala,5f9fe38afd517828962fde29
20576,2021-09-04 08:00:00+00:00,866.5,19.85,uppsala,5f9fe38afd517828962fde29
20577,2021-09-04 09:00:00+00:00,901.8,19.29,uppsala,5f9fe38afd517828962fde29
20578,2021-09-04 10:00:00+00:00,919.2,16.27,uppsala,5f9fe38afd517828962fde29
20579,2021-09-04 11:00:00+00:00,920.1,16.26,uppsala,5f9fe38afd517828962fde29
20580,2021-09-04 12:00:00+00:00,887.0,13.38,uppsala,5f9fe38afd517828962fde29
20581,2021-09-04 13:00:00+00:00,742.7,12.38,uppsala,5f9fe38afd517828962fde29
20582,2021-09-04 14:00:00+00:00,16.2,12.27,uppsala,5f9fe38afd517828962fde29
20583,2021-09-04 15:00:00+00:00,615.0,7.63,uppsala,5f9fe38afd517828962fde29
20584,2021-09-04 16:00:00+00:00,466.9,2.69,uppsala,5f9fe38afd517828962fde29
20585,2021-09-04 17:00:00+00:00,317.1,0.86,uppsala,5f9fe38afd517828962fde29
20586,2021-09-04 18:00:00+00:00,0.0,0.0,uppsala,5f9fe38afd517828962fde29
20587,2021-09-04 19:00:00+00:00,0.0,0.0,uppsala,5f9fe38afd517828962fde29
20588,2021-09-04 20:00:00+00:00,0.0,0.0,uppsala,5f9fe38afd517828962fde29
20589,2021-09-04 21:00:00+00:00,0.0,0.0,uppsala,5f9fe38afd517828962fde29
20590,2021-09-04 22:00:00+00:00,0.0,0.0,uppsala,5f9fe38afd517828962fde29
20591,2021-09-04 23:00:00+00:00,0.0,0.0,uppsala,5f9fe38afd517828962fde29
20592,2021-09-05 00:00:00+00:00,0.0,0.0,uppsala,5f9fe38afd517828962fde29
20593,2021-09-05 01:00:00+00:00,0.0,0.0,uppsala,5f9fe38afd517828962fde29
20594,2021-09-05 02:00:00+00:00,0.0,0.0,uppsala,5f9fe38afd517828962fde29
20595,2021-09-05 03:00:00+00:00,0.0,0.0,uppsala,5f9fe38afd517828962fde29
20596,2021-09-05 04:00:00+00:00,0.0,1.19,uppsala,5f9fe38afd517828962fde29
20597,2021-09-05 05:00:00+00:00,15.5,2.39,uppsala,5f9fe38afd517828962fde29
20598,2021-09-05 06:00:00+00:00,101.3,4.31,uppsala,5f9fe38afd517828962fde29
20599,2021-09-05 07:00:00+00:00,5.9,7.5,uppsala,5f9fe38afd517828962fde29
20600,2021-09-05 08:00:00+00:00,85.4,10.51,uppsala,5f9fe38afd517828962fde29
20601,2021-09-05 09:00:00+00:00,314.0,17.77,uppsala,5f9fe38afd517828962fde29
20602,2021-09-05 10:00:00+00:00,703.3,17.42,uppsala,5f9fe38afd517828962fde29
20603,2021-09-05 11:00:00+00:00,820.4,12.79,uppsala,5f9fe38afd517828962fde29
20604,2021-09-05 12:00:00+00:00,521.6,14.51,uppsala,5f9fe38afd517828962fde29
20605,2021-09-05 13:00:00+00:00,435.3,14.05,uppsala,5f9fe38afd517828962fde29
20606,2021-09-05 14:00:00+00:00,436.0,12.12,uppsala,5f9fe38afd517828962fde29
20607,2021-09-05 15:00:00+00:00,606.8,9.27,uppsala,5f9fe38afd517828962fde29
20608,2021-09-05 16:00:00+00:00,468.4,5.51,uppsala,5f9fe38afd517828962fde29
20609,2021-09-05 17:00:00+00:00,192.6,0.93,uppsala,5f9fe38afd517828962fde29
20610,2021-09-05 18:00:00+00:00,0.0,0.0,uppsala,5f9fe38afd517828962fde29
20611,2021-09-05 19:00:00+00:00,0.0,0.0,uppsala,5f9fe38afd517828962fde29
20612,2021-09-05 20:00:00+00:00,0.0,0.0,uppsala,5f9fe38afd517828962fde29
20613,2021-09-05 21:00:00+00:00,0.0,0.0,uppsala,5f9fe38afd517828962fde29
20614,2021-09-05 22:00:00+00:00,0.0,0.0,uppsala,5f9fe38afd517828962fde29
20615,2021-09-05 23:00:00+00:00,0.0,0.0,uppsala,5f9fe38afd517828962fde29
20616,2021-09-06 00:00:00+00:00,0.0,0.0,uppsala,5f9fe38afd517828962fde29
20617,2021-09-06 01:00:00+00:00,0.0,0.0,uppsala,5f9fe38afd517828962fde29
20618,2021-09-06 02:00:00+00:00,0.0,0.0,uppsala,5f9fe38afd517828962fde29
20619,2021-09-06 03:00:00+00:00,0.0,0.0,uppsala,5f9fe38afd517828962fde29
20620,2021-09-06 04:00:00+00:00,0.0,1.13,uppsala,5f9fe38afd517828962fde29
20621,2021-09-06 05:00:00+00:00,121.0,7.88,uppsala,5f9fe38afd517828962fde29
20622,2021-09-06 06:00:00+00:00,457.3,14.16,uppsala,5f9fe38afd517828962fde29
20623,2021-09-06 07:00:00+00:00,572.2,16.3,uppsala,5f9fe38afd517828962fde29
20624,2021-09-06 08:00:00+00:00,31.7,15.03,uppsala,5f9fe38afd517828962fde29
20625,2021-09-06 09:00:00+00:00,135.9,12.04,uppsala,5f9fe38afd517828962fde29
20626,2021-09-06 10:00:00+00:00,44.2,7.18,uppsala,5f9fe38afd517828962fde29
20627,2021-09-06 11:00:00+00:00,15.1,6.01,uppsala,5f9fe38afd517828962fde29
20628,2021-09-06 12:00:00+00:00,37.6,7.67,uppsala,5f9fe38afd517828962fde29
20629,2021-09-06 13:00:00+00:00,115.9,3.84,uppsala,5f9fe38afd517828962fde29
20630,2021-09-06 14:00:00+00:00,289.8,2.53,uppsala,5f9fe38afd517828962fde29
20631,2021-09-06 15:00:00+00:00,19.3,8.59,uppsala,5f9fe38afd517828962fde29
20632,2021-09-06 16:00:00+00:00,129.7,1.95,uppsala,5f9fe38afd517828962fde29
20633,2021-09-06 17:00:00+00:00,11.9,0.04,uppsala,5f9fe38afd517828962fde29
20634,2021-09-06 18:00:00+00:00,0.0,0.0,uppsala,5f9fe38afd517828962fde29
20635,2021-09-06 19:00:00+00:00,0.0,0.0,uppsala,5f9fe38afd517828962fde29
20636,2021-09-06 20:00:00+00:00,0.0,0.0,uppsala,5f9fe38afd517828962fde29
20637,2021-09-06 21:00:00+00:00,0.0,0.0,uppsala,5f9fe38afd517828962fde29
20638,2021-09-06 22:00:00+00:00,0.0,0.0,uppsala,5f9fe38afd517828962fde29
20639,2021-09-06 23:00:00+00:00,0.0,0.0,uppsala,5f9fe38afd517828962fde29
20640,2021-09-07 00:00:00+00:00,0.0,0.0,uppsala,5f9fe38afd517828962fde29
20641,2021-09-07 01:00:00+00:00,0.0,0.0,uppsala,5f9fe38afd517828962fde29
20642,2021-09-07 02:00:00+00:00,0.0,0.0,uppsala,5f9fe38afd517828962fde29
20643,2021-09-07 03:00:00+00:00,0.0,0.0,uppsala,5f9fe38afd517828962fde29
20644,2021-09-07 04:00:00+00:00,0.0,0.25,uppsala,5f9fe38afd517828962fde29
20645,2021-09-07 05:00:00+00:00,12.6,1.68,uppsala,5f9fe38afd517828962fde29
20646,2021-09-07 06:00:00+00:00,0.30000000000000004,4.65,uppsala,5f9fe38afd517828962fde29
20647,2021-09-07 07:00:00+00:00,27.4,8.03,uppsala,5f9fe38afd517828962fde29
20648,2021-09-07 08:00:00+00:00,5.0,17.54,uppsala,5f9fe38afd517828962fde29
20649,2021-09-07 09:00:00+00:00,37.8,14.04,uppsala,5f9fe38afd517828962fde29
20650,2021-09-07 10:00:00+00:00,101.5,13.58,uppsala,5f9fe38afd517828962fde29
20651,2021-09-07 11:00:00+00:00,12.7,10.47,uppsala,5f9fe38afd517828962fde29
20652,2021-09-07 12:00:00+00:00,30.4,6.09,uppsala,5f9fe38afd517828962fde29
20653,2021-09-07 13:00:00+00:00,6.0,9.76,uppsala,5f9fe38afd517828962fde29
20654,2021-09-07 14:00:00+00:00,512.7,5.45,uppsala,5f9fe38afd517828962fde29
20655,2021-09-07 15:00:00+00:00,323.8,7.75,uppsala,5f9fe38afd517828962fde29
20656,2021-09-07 16:00:00+00:00,144.7,1.85,uppsala,5f9fe38afd517828962fde29
20657,2021-09-07 17:00:00+00:00,0.0,0.4,uppsala,5f9fe38afd517828962fde29
20658,2021-09-07 18:00:00+00:00,0.0,0.0,uppsala,5f9fe38afd517828962fde29
20659,2021-09-07 19:00:00+00:00,0.0,0.0,uppsala,5f9fe38afd517828962fde29
20660,2021-09-07 20:00:00+00:00,0.0,0.0,uppsala,5f9fe38afd517828962fde29
20661,2021-09-07 21:00:00+00:00,0.0,0.0,uppsala,5f9fe38afd517828962fde29
20662,2021-09-07 22:00:00+00:00,0.0,0.0,uppsala,5f9fe38afd517828962fde29
20663,2021-09-07 23:00:00+00:00,0.0,4.1992,uppsala,5f9fe38afd517828962fde29
20664,2021-09-08 00:00:00+00:00,0.0,4.1992,uppsala,5f9fe38afd517828962fde29
20665,2021-09-08 01:00:00+00:00,0.0,4.1992,uppsala,5f9fe38afd517828962fde29
20666,2021-09-08 02:00:00+00:00,0.0,4.1992,uppsala,5f9fe38afd517828962fde29
20667,2021-09-08 03:00:00+00:00,0.0,4.1992,uppsala,5f9fe38afd517828962fde29
20668,2021-09-08 04:00:00+00:00,0.0,4.1992,uppsala,5f9fe38afd517828962fde29
20669,2021-09-08 05:00:00+00:00,0.0,4.1992,uppsala,5f9fe38afd517828962fde29
20670,2021-09-08 06:00:00+00:00,7.1,4.1992,uppsala,5f9fe38afd517828962fde29
20671,2021-09-08 07:00:00+00:00,2.6,4.1992,uppsala,5f9fe38afd517828962fde29
20672,2021-09-08 08:00:00+00:00,7.6,4.1992,uppsala,5f9fe38afd517828962fde29
20673,2021-09-08 09:00:00+00:00,79.8,4.1992,uppsala,5f9fe38afd517828962fde29
20674,2021-09-08 10:00:00+00:00,103.1,4.1992,uppsala,5f9fe38afd517828962fde29
20675,2021-09-08 11:00:00+00:00,722.7,4.1992,uppsala,5f9fe38afd517828962fde29
20676,2021-09-08 12:00:00+00:00,223.2,4.1992,uppsala,5f9fe38afd517828962fde29
20677,2021-09-08 13:00:00+00:00,78.8,4.1992,uppsala,5f9fe38afd517828962fde29
20678,2021-09-08 14:00:00+00:00,670.2,4.1992,uppsala,5f9fe38afd517828962fde29
20679,2021-09-08 15:00:00+00:00,504.5,4.1992,uppsala,5f9fe38afd517828962fde29
20680,2021-09-08 16:00:00+00:00,481.3,4.1992,uppsala,5f9fe38afd517828962fde29
20681,2021-09-08 17:00:00+00:00,149.1,4.1992,uppsala,5f9fe38afd517828962fde29
20682,2021-09-08 18:00:00+00:00,0.0,4.1992,uppsala,5f9fe38afd517828962fde29
20683,2021-09-08 19:00:00+00:00,0.0,4.1992,uppsala,5f9fe38afd517828962fde29
20684,2021-09-08 20:00:00+00:00,0.0,4.1992,uppsala,5f9fe38afd517828962fde29
20685,2021-09-08 21:00:00+00:00,0.0,4.1992,uppsala,5f9fe38afd517828962fde29
20686,2021-09-08 22:00:00+00:00,0.0,4.1992,uppsala,5f9fe38afd517828962fde29
20687,2021-09-08 23:00:00+00:00,0.0,4.1992,uppsala,5f9fe38afd517828962fde29
20688,2021-09-09 00:00:00+00:00,0.0,0.0,uppsala,5f9fe38afd517828962fde29
20689,2021-09-09 01:00:00+00:00,0.0,0.0,uppsala,5f9fe38afd517828962fde29
20690,2021-09-09 02:00:00+00:00,0.0,0.0,uppsala,5f9fe38afd517828962fde29
20691,2021-09-09 03:00:00+00:00,0.0,0.0,uppsala,5f9fe38afd517828962fde29
20692,2021-09-09 04:00:00+00:00,0.0,0.02,uppsala,5f9fe38afd517828962fde29
20693,2021-09-09 05:00:00+00:00,0.0,0.67,uppsala,5f9fe38afd517828962fde29
20694,2021-09-09 06:00:00+00:00,0.0,1.67,uppsala,5f9fe38afd517828962fde29
20695,2021-09-09 07:00:00+00:00,2.2,4.19,uppsala,5f9fe38afd517828962fde29
20696,2021-09-09 08:00:00+00:00,4.8,16.9,uppsala,5f9fe38afd517828962fde29
20697,2021-09-09 09:00:00+00:00,755.7,17.49,uppsala,5f9fe38afd517828962fde29
20698,2021-09-09 10:00:00+00:00,788.2,16.36,uppsala,5f9fe38afd517828962fde29
20699,2021-09-09 11:00:00+00:00,792.1,14.95,uppsala,5f9fe38afd517828962fde29
20700,2021-09-09 12:00:00+00:00,780.8,14.1,uppsala,5f9fe38afd517828962fde29
20701,2021-09-09 13:00:00+00:00,616.2,12.98,uppsala,5f9fe38afd517828962fde29
20702,2021-09-09 14:00:00+00:00,670.3,11.47,uppsala,5f9fe38afd517828962fde29
20703,2021-09-09 15:00:00+00:00,505.3,7.62,uppsala,5f9fe38afd517828962fde29
20704,2021-09-09 16:00:00+00:00,354.4,3.28,uppsala,5f9fe38afd517828962fde29
20705,2021-09-09 17:00:00+00:00,65.1,0.09,uppsala,5f9fe38afd517828962fde29
20706,2021-09-09 18:00:00+00:00,0.0,0.0,uppsala,5f9fe38afd517828962fde29
20707,2021-09-09 19:00:00+00:00,0.0,0.0,uppsala,5f9fe38afd517828962fde29
20708,2021-09-09 20:00:00+00:00,0.0,0.0,uppsala,5f9fe38afd517828962fde29
20709,2021-09-09 21:00:00+00:00,0.0,0.0,uppsala,5f9fe38afd517828962fde29
20710,2021-09-09 22:00:00+00:00,0.0,0.0,uppsala,5f9fe38afd517828962fde29
20711,2021-09-09 23:00:00+00:00,0.0,0.0,uppsala,5f9fe38afd517828962fde29
20712,2021-09-10 00:00:00+00:00,0.0,0.0,uppsala,5f9fe38afd517828962fde29
20713,2021-09-10 01:00:00+00:00,0.0,0.0,uppsala,5f9fe38afd517828962fde29
20714,2021-09-10 02:00:00+00:00,0.0,0.0,uppsala,5f9fe38afd517828962fde29
20715,2021-09-10 03:00:00+00:00,0.0,0.0,uppsala,5f9fe38afd517828962fde29
20716,2021-09-10 04:00:00+00:00,0.0,0.09,uppsala,5f9fe38afd517828962fde29
20717,2021-09-10 05:00:00+00:00,0.0,1.11,uppsala,5f9fe38afd517828962fde29
20718,2021-09-10 06:00:00+00:00,46.0,1.95,uppsala,5f9fe38afd517828962fde29
20719,2021-09-10 07:00:00+00:00,7.0,2.42,uppsala,5f9fe38afd517828962fde29
20720,2021-09-10 08:00:00+00:00,29.8,3.01,uppsala,5f9fe38afd517828962fde29
20721,2021-09-10 09:00:00+00:00,82.1,3.17,uppsala,5f9fe38afd517828962fde29
20722,2021-09-10 10:00:00+00:00,7.5,2.91,uppsala,5f9fe38afd517828962fde29
20723,2021-09-10 11:00:00+00:00,86.1,2.4,uppsala,5f9fe38afd517828962fde29
20724,2021-09-10 12:00:00+00:00,7.1,1.48,uppsala,5f9fe38afd517828962fde29
20725,2021-09-10 13:00:00+00:00,11.1,1.25,uppsala,5f9fe38afd517828962fde29
20726,2021-09-10 14:00:00+00:00,4.3,0.8,uppsala,5f9fe38afd517828962fde29
20727,2021-09-10 15:00:00+00:00,0.0,0.13,uppsala,5f9fe38afd517828962fde29
20728,2021-09-10 16:00:00+00:00,0.0,0.0,uppsala,5f9fe38afd517828962fde29
20729,2021-09-10 17:00:00+00:00,0.0,0.0,uppsala,5f9fe38afd517828962fde29
20730,2021-09-10 18:00:00+00:00,0.0,0.0,uppsala,5f9fe38afd517828962fde29
20731,2021-09-10 19:00:00+00:00,0.0,0.0,uppsala,5f9fe38afd517828962fde29
20732,2021-09-10 20:00:00+00:00,0.0,0.0,uppsala,5f9fe38afd517828962fde29
20733,2021-09-10 21:00:00+00:00,0.0,0.0,uppsala,5f9fe38afd517828962fde29
20734,2021-09-10 22:00:00+00:00,0.0,0.0,uppsala,5f9fe38afd517828962fde29
20735,2021-09-10 23:00:00+00:00,0.0,0.0,uppsala,5f9fe38afd517828962fde29
20736,2021-09-11 00:00:00+00:00,0.0,0.0,uppsala,5f9fe38afd517828962fde29
20737,2021-09-11 01:00:00+00:00,0.0,0.0,uppsala,5f9fe38afd517828962fde29
20738,2021-09-11 02:00:00+00:00,0.0,0.0,uppsala,5f9fe38afd517828962fde29
20739,2021-09-11 03:00:00+00:00,0.0,0.0,uppsala,5f9fe38afd517828962fde29
20740,2021-09-11 04:00:00+00:00,0.0,0.0,uppsala,5f9fe38afd517828962fde29
20741,2021-09-11 05:00:00+00:00,0.0,0.25,uppsala,5f9fe38afd517828962fde29
20742,2021-09-11 06:00:00+00:00,0.0,0.98,uppsala,5f9fe38afd517828962fde29
20743,2021-09-11 07:00:00+00:00,1.1,1.44,uppsala,5f9fe38afd517828962fde29
20744,2021-09-11 08:00:00+00:00,6.6,1.99,uppsala,5f9fe38afd517828962fde29
20745,2021-09-11 09:00:00+00:00,18.0,2.6,uppsala,5f9fe38afd517828962fde29
20746,2021-09-11 10:00:00+00:00,63.2,4.04,uppsala,5f9fe38afd517828962fde29
20747,2021-09-11 11:00:00+00:00,112.9,4.91,uppsala,5f9fe38afd517828962fde29
20748,2021-09-11 12:00:00+00:00,5.5,3.69,uppsala,5f9fe38afd517828962fde29
20749,2021-09-11 13:00:00+00:00,4.3,2.69,uppsala,5f9fe38afd517828962fde29
20750,2021-09-11 14:00:00+00:00,55.4,2.77,uppsala,5f9fe38afd517828962fde29
20751,2021-09-11 15:00:00+00:00,0.0,0.94,uppsala,5f9fe38afd517828962fde29
20752,2021-09-11 16:00:00+00:00,8.4,0.01,uppsala,5f9fe38afd517828962fde29
20753,2021-09-11 17:00:00+00:00,0.0,0.0,uppsala,5f9fe38afd517828962fde29
20754,2021-09-11 18:00:00+00:00,0.0,0.0,uppsala,5f9fe38afd517828962fde29
20755,2021-09-11 19:00:00+00:00,0.0,0.0,uppsala,5f9fe38afd517828962fde29
20756,2021-09-11 20:00:00+00:00,0.0,0.0,uppsala,5f9fe38afd517828962fde29
20757,2021-09-11 21:00:00+00:00,0.0,0.0,uppsala,5f9fe38afd517828962fde29
20758,2021-09-11 22:00:00+00:00,0.0,0.0,uppsala,5f9fe38afd517828962fde29
20759,2021-09-11 23:00:00+00:00,0.0,0.0,uppsala,5f9fe38afd517828962fde29
20760,2021-09-12 00:00:00+00:00,0.0,0.0,uppsala,5f9fe38afd517828962fde29
20761,2021-09-12 01:00:00+00:00,0.0,0.0,uppsala,5f9fe38afd517828962fde29
20762,2021-09-12 02:00:00+00:00,0.0,0.0,uppsala,5f9fe38afd517828962fde29
20763,2021-09-12 03:00:00+00:00,0.0,0.0,uppsala,5f9fe38afd517828962fde29
20764,2021-09-12 04:00:00+00:00,0.0,0.0,uppsala,5f9fe38afd517828962fde29
20765,2021-09-12 05:00:00+00:00,0.0,0.28,uppsala,5f9fe38afd517828962fde29
20766,2021-09-12 06:00:00+00:00,0.0,1.15,uppsala,5f9fe38afd517828962fde29
20767,2021-09-12 07:00:00+00:00,9.4,1.14,uppsala,5f9fe38afd517828962fde29
20768,2021-09-12 08:00:00+00:00,12.1,1.77,uppsala,5f9fe38afd517828962fde29
20769,2021-09-12 09:00:00+00:00,77.6,4.03,uppsala,5f9fe38afd517828962fde29
20770,2021-09-12 10:00:00+00:00,126.0,2.74,uppsala,5f9fe38afd517828962fde29
20771,2021-09-12 11:00:00+00:00,140.8,2.07,uppsala,5f9fe38afd517828962fde29
20772,2021-09-12 12:00:00+00:00,91.8,5.07,uppsala,5f9fe38afd517828962fde29
20773,2021-09-12 13:00:00+00:00,102.2,3.38,uppsala,5f9fe38afd517828962fde29
20774,2021-09-12 14:00:00+00:00,3.2,2.29,uppsala,5f9fe38afd517828962fde29
20775,2021-09-12 15:00:00+00:00,66.7,1.32,uppsala,5f9fe38afd517828962fde29
20776,2021-09-12 16:00:00+00:00,15.9,0.01,uppsala,5f9fe38afd517828962fde29
20777,2021-09-12 17:00:00+00:00,0.0,0.0,uppsala,5f9fe38afd517828962fde29
20778,2021-09-12 18:00:00+00:00,0.0,0.0,uppsala,5f9fe38afd517828962fde29
20779,2021-09-12 19:00:00+00:00,0.0,0.0,uppsala,5f9fe38afd517828962fde29
20780,2021-09-12 20:00:00+00:00,0.0,0.0,uppsala,5f9fe38afd517828962fde29
20781,2021-09-12 21:00:00+00:00,0.0,0.0,uppsala,5f9fe38afd517828962fde29
20782,2021-09-12 22:00:00+00:00,0.0,0.0,uppsala,5f9fe38afd517828962fde29
20783,2021-09-12 23:00:00+00:00,0.0,0.0,uppsala,5f9fe38afd517828962fde29
20784,2021-09-13 00:00:00+00:00,0.0,0.0,uppsala,5f9fe38afd517828962fde29
20785,2021-09-13 01:00:00+00:00,0.0,0.0,uppsala,5f9fe38afd517828962fde29
20786,2021-09-13 02:00:00+00:00,0.0,0.0,uppsala,5f9fe38afd517828962fde29
20787,2021-09-13 03:00:00+00:00,0.0,0.0,uppsala,5f9fe38afd517828962fde29
20788,2021-09-13 04:00:00+00:00,0.0,1.63,uppsala,5f9fe38afd517828962fde29
20789,2021-09-13 05:00:00+00:00,216.3,5.99,uppsala,5f9fe38afd517828962fde29
20790,2021-09-13 06:00:00+00:00,624.8,14.33,uppsala,5f9fe38afd517828962fde29
20791,2021-09-13 07:00:00+00:00,792.7,17.58,uppsala,5f9fe38afd517828962fde29
20792,2021-09-13 08:00:00+00:00,860.4,18.92,uppsala,5f9fe38afd517828962fde29
20793,2021-09-13 09:00:00+00:00,880.9,14.34,uppsala,5f9fe38afd517828962fde29
20794,2021-09-13 10:00:00+00:00,173.3,12.4,uppsala,5f9fe38afd517828962fde29
20795,2021-09-13 11:00:00+00:00,20.8,13.94,uppsala,5f9fe38afd517828962fde29
20796,2021-09-13 12:00:00+00:00,465.6,15.98,uppsala,5f9fe38afd517828962fde29
20797,2021-09-13 13:00:00+00:00,856.9,15.36,uppsala,5f9fe38afd517828962fde29
20798,2021-09-13 14:00:00+00:00,798.6,11.25,uppsala,5f9fe38afd517828962fde29
20799,2021-09-13 15:00:00+00:00,667.1,3.93,uppsala,5f9fe38afd517828962fde29
20800,2021-09-13 16:00:00+00:00,480.3,3.85,uppsala,5f9fe38afd517828962fde29
20801,2021-09-13 17:00:00+00:00,67.3,0.01,uppsala,5f9fe38afd517828962fde29
20802,2021-09-13 18:00:00+00:00,0.0,0.0,uppsala,5f9fe38afd517828962fde29
20803,2021-09-13 19:00:00+00:00,0.0,0.0,uppsala,5f9fe38afd517828962fde29
20804,2021-09-13 20:00:00+00:00,0.0,0.0,uppsala,5f9fe38afd517828962fde29
20805,2021-09-13 21:00:00+00:00,0.0,0.0,uppsala,5f9fe38afd517828962fde29
20806,2021-09-13 22:00:00+00:00,0.0,0.0,uppsala,5f9fe38afd517828962fde29
20807,2021-09-13 23:00:00+00:00,0.0,0.0,uppsala,5f9fe38afd517828962fde29
20808,2021-09-14 00:00:00+00:00,0.0,0.0,uppsala,5f9fe38afd517828962fde29
20809,2021-09-14 01:00:00+00:00,0.0,0.0,uppsala,5f9fe38afd517828962fde29
20810,2021-09-14 02:00:00+00:00,0.0,0.0,uppsala,5f9fe38afd517828962fde29
20811,2021-09-14 03:00:00+00:00,0.0,0.0,uppsala,5f9fe38afd517828962fde29
20812,2021-09-14 04:00:00+00:00,0.0,0.08,uppsala,5f9fe38afd517828962fde29
20813,2021-09-14 05:00:00+00:00,14.7,2.8,uppsala,5f9fe38afd517828962fde29
20814,2021-09-14 06:00:00+00:00,0.0,10.3,uppsala,5f9fe38afd517828962fde29
20815,2021-09-14 07:00:00+00:00,702.1,14.89,uppsala,5f9fe38afd517828962fde29
20816,2021-09-14 08:00:00+00:00,732.1,17.43,uppsala,5f9fe38afd517828962fde29
20817,2021-09-14 09:00:00+00:00,822.9,18.26,uppsala,5f9fe38afd517828962fde29
20818,2021-09-14 10:00:00+00:00,832.6,16.49,uppsala,5f9fe38afd517828962fde29
20819,2021-09-14 11:00:00+00:00,827.2,14.04,uppsala,5f9fe38afd517828962fde29
20820,2021-09-14 12:00:00+00:00,260.3,14.76,uppsala,5f9fe38afd517828962fde29
20821,2021-09-14 13:00:00+00:00,120.5,14.62,uppsala,5f9fe38afd517828962fde29
20822,2021-09-14 14:00:00+00:00,717.6,11.24,uppsala,5f9fe38afd517828962fde29
20823,2021-09-14 15:00:00+00:00,601.1,8.96,uppsala,5f9fe38afd517828962fde29
20824,2021-09-14 16:00:00+00:00,414.2,2.56,uppsala,5f9fe38afd517828962fde29
20825,2021-09-14 17:00:00+00:00,0.0,0.0,uppsala,5f9fe38afd517828962fde29
20826,2021-09-14 18:00:00+00:00,0.0,0.0,uppsala,5f9fe38afd517828962fde29
20827,2021-09-14 19:00:00+00:00,0.0,0.0,uppsala,5f9fe38afd517828962fde29
20828,2021-09-14 20:00:00+00:00,0.0,0.0,uppsala,5f9fe38afd517828962fde29
20829,2021-09-14 21:00:00+00:00,0.0,0.0,uppsala,5f9fe38afd517828962fde29
20830,2021-09-14 22:00:00+00:00,0.0,0.0,uppsala,5f9fe38afd517828962fde29
20831,2021-09-14 23:00:00+00:00,0.0,0.0,uppsala,5f9fe38afd517828962fde29
20832,2021-09-15 00:00:00+00:00,0.0,0.0,uppsala,5f9fe38afd517828962fde29
20833,2021-09-15 01:00:00+00:00,0.0,0.0,uppsala,5f9fe38afd517828962fde29
20834,2021-09-15 02:00:00+00:00,0.0,0.0,uppsala,5f9fe38afd517828962fde29
20835,2021-09-15 03:00:00+00:00,0.0,0.0,uppsala,5f9fe38afd517828962fde29
20836,2021-09-15 04:00:00+00:00,0.0,1.13,uppsala,5f9fe38afd517828962fde29
20837,2021-09-15 05:00:00+00:00,246.8,7.71,uppsala,5f9fe38afd517828962fde29
20838,2021-09-15 06:00:00+00:00,529.6,13.45,uppsala,5f9fe38afd517828962fde29
20839,2021-09-15 07:00:00+00:00,684.4,16.82,uppsala,5f9fe38afd517828962fde29
20840,2021-09-15 08:00:00+00:00,776.0,18.05,uppsala,5f9fe38afd517828962fde29
20841,2021-09-15 09:00:00+00:00,820.1,17.64,uppsala,5f9fe38afd517828962fde29
20842,2021-09-15 10:00:00+00:00,841.9,16.53,uppsala,5f9fe38afd517828962fde29
20843,2021-09-15 11:00:00+00:00,811.0,13.71,uppsala,5f9fe38afd517828962fde29
20844,2021-09-15 12:00:00+00:00,752.3,9.42,uppsala,5f9fe38afd517828962fde29
20845,2021-09-15 13:00:00+00:00,792.6,11.49,uppsala,5f9fe38afd517828962fde29
20846,2021-09-15 14:00:00+00:00,487.4,6.51,uppsala,5f9fe38afd517828962fde29
20847,2021-09-15 15:00:00+00:00,28.0,1.57,uppsala,5f9fe38afd517828962fde29
20848,2021-09-15 16:00:00+00:00,20.7,0.39,uppsala,5f9fe38afd517828962fde29
20849,2021-09-15 17:00:00+00:00,18.5,0.0,uppsala,5f9fe38afd517828962fde29
20850,2021-09-15 18:00:00+00:00,0.0,0.0,uppsala,5f9fe38afd517828962fde29
20851,2021-09-15 19:00:00+00:00,0.0,0.0,uppsala,5f9fe38afd517828962fde29
20852,2021-09-15 20:00:00+00:00,0.0,0.0,uppsala,5f9fe38afd517828962fde29
20853,2021-09-15 21:00:00+00:00,0.0,0.0,uppsala,5f9fe38afd517828962fde29
20854,2021-09-15 22:00:00+00:00,0.0,0.0,uppsala,5f9fe38afd517828962fde29
20855,2021-09-15 23:00:00+00:00,0.0,0.0,uppsala,5f9fe38afd517828962fde29
20856,2021-09-16 00:00:00+00:00,0.0,0.0,uppsala,5f9fe38afd517828962fde29
20857,2021-09-16 01:00:00+00:00,0.0,0.0,uppsala,5f9fe38afd517828962fde29
20858,2021-09-16 02:00:00+00:00,0.0,0.0,uppsala,5f9fe38afd517828962fde29
20859,2021-09-16 03:00:00+00:00,0.0,0.0,uppsala,5f9fe38afd517828962fde29
20860,2021-09-16 04:00:00+00:00,0.0,0.0,uppsala,5f9fe38afd517828962fde29
20861,2021-09-16 05:00:00+00:00,0.0,0.1,uppsala,5f9fe38afd517828962fde29
20862,2021-09-16 06:00:00+00:00,0.5,0.44,uppsala,5f9fe38afd517828962fde29
20863,2021-09-16 07:00:00+00:00,5.1,0.7,uppsala,5f9fe38afd517828962fde29
20864,2021-09-16 08:00:00+00:00,7.4,1.99,uppsala,5f9fe38afd517828962fde29
20865,2021-09-16 09:00:00+00:00,8.6,1.18,uppsala,5f9fe38afd517828962fde29
20866,2021-09-16 10:00:00+00:00,9.2,2.17,uppsala,5f9fe38afd517828962fde29
20867,2021-09-16 11:00:00+00:00,9.2,2.73,uppsala,5f9fe38afd517828962fde29
20868,2021-09-16 12:00:00+00:00,30.4,0.91,uppsala,5f9fe38afd517828962fde29
20869,2021-09-16 13:00:00+00:00,7.4,1.74,uppsala,5f9fe38afd517828962fde29
20870,2021-09-16 14:00:00+00:00,6.2,2.19,uppsala,5f9fe38afd517828962fde29
20871,2021-09-16 15:00:00+00:00,0.0,0.54,uppsala,5f9fe38afd517828962fde29
20872,2021-09-16 16:00:00+00:00,0.0,0.02,uppsala,5f9fe38afd517828962fde29
20873,2021-09-16 17:00:00+00:00,0.0,0.0,uppsala,5f9fe38afd517828962fde29
20874,2021-09-16 18:00:00+00:00,0.0,0.0,uppsala,5f9fe38afd517828962fde29
20875,2021-09-16 19:00:00+00:00,0.0,0.0,uppsala,5f9fe38afd517828962fde29
20876,2021-09-16 20:00:00+00:00,0.0,0.0,uppsala,5f9fe38afd517828962fde29
20877,2021-09-16 21:00:00+00:00,0.0,0.0,uppsala,5f9fe38afd517828962fde29
20878,2021-09-16 22:00:00+00:00,0.0,0.0,uppsala,5f9fe38afd517828962fde29
20879,2021-09-16 23:00:00+00:00,0.0,0.0,uppsala,5f9fe38afd517828962fde29
20880,2021-09-17 00:00:00+00:00,0.0,0.0,uppsala,5f9fe38afd517828962fde29
20881,2021-09-17 01:00:00+00:00,0.0,0.0,uppsala,5f9fe38afd517828962fde29
20882,2021-09-17 02:00:00+00:00,0.0,0.0,uppsala,5f9fe38afd517828962fde29
20883,2021-09-17 03:00:00+00:00,0.0,0.0,uppsala,5f9fe38afd517828962fde29
20884,2021-09-17 04:00:00+00:00,0.0,0.07,uppsala,5f9fe38afd517828962fde29
20885,2021-09-17 05:00:00+00:00,0.0,1.58,uppsala,5f9fe38afd517828962fde29
20886,2021-09-17 06:00:00+00:00,0.0,1.66,uppsala,5f9fe38afd517828962fde29
20887,2021-09-17 07:00:00+00:00,2.3,2.94,uppsala,5f9fe38afd517828962fde29
20888,2021-09-17 08:00:00+00:00,4.7,1.66,uppsala,5f9fe38afd517828962fde29
20889,2021-09-17 09:00:00+00:00,15.6,1.49,uppsala,5f9fe38afd517828962fde29
20890,2021-09-17 10:00:00+00:00,11.3,1.38,uppsala,5f9fe38afd517828962fde29
20891,2021-09-17 11:00:00+00:00,7.2,1.76,uppsala,5f9fe38afd517828962fde29
20892,2021-09-17 12:00:00+00:00,16.3,2.7,uppsala,5f9fe38afd517828962fde29
20893,2021-09-17 13:00:00+00:00,10.5,1.63,uppsala,5f9fe38afd517828962fde29
20894,2021-09-17 14:00:00+00:00,4.2,1.4,uppsala,5f9fe38afd517828962fde29
20895,2021-09-17 15:00:00+00:00,29.6,1.63,uppsala,5f9fe38afd517828962fde29
20896,2021-09-17 16:00:00+00:00,52.4,0.08,uppsala,5f9fe38afd517828962fde29
20897,2021-09-17 17:00:00+00:00,0.0,0.0,uppsala,5f9fe38afd517828962fde29
20898,2021-09-17 18:00:00+00:00,0.0,0.0,uppsala,5f9fe38afd517828962fde29
20899,2021-09-17 19:00:00+00:00,0.0,0.0,uppsala,5f9fe38afd517828962fde29
20900,2021-09-17 20:00:00+00:00,0.0,0.0,uppsala,5f9fe38afd517828962fde29
20901,2021-09-17 21:00:00+00:00,0.0,0.0,uppsala,5f9fe38afd517828962fde29
20902,2021-09-17 22:00:00+00:00,0.0,0.0,uppsala,5f9fe38afd517828962fde29
20903,2021-09-17 23:00:00+00:00,0.0,0.0,uppsala,5f9fe38afd517828962fde29
20904,2021-09-18 00:00:00+00:00,0.0,0.0,uppsala,5f9fe38afd517828962fde29
20905,2021-09-18 01:00:00+00:00,0.0,0.0,uppsala,5f9fe38afd517828962fde29
20906,2021-09-18 02:00:00+00:00,0.0,0.0,uppsala,5f9fe38afd517828962fde29
20907,2021-09-18 03:00:00+00:00,0.0,0.0,uppsala,5f9fe38afd517828962fde29
20908,2021-09-18 04:00:00+00:00,0.0,0.0,uppsala,5f9fe38afd517828962fde29
20909,2021-09-18 05:00:00+00:00,29.0,1.48,uppsala,5f9fe38afd517828962fde29
20910,2021-09-18 06:00:00+00:00,313.7,2.23,uppsala,5f9fe38afd517828962fde29
20911,2021-09-18 07:00:00+00:00,446.5,3.77,uppsala,5f9fe38afd517828962fde29
20912,2021-09-18 08:00:00+00:00,320.8,7.34,uppsala,5f9fe38afd517828962fde29
20913,2021-09-18 09:00:00+00:00,13.7,5.05,uppsala,5f9fe38afd517828962fde29
20914,2021-09-18 10:00:00+00:00,9.1,4.71,uppsala,5f9fe38afd517828962fde29
20915,2021-09-18 11:00:00+00:00,9.3,5.65,uppsala,5f9fe38afd517828962fde29
20916,2021-09-18 12:00:00+00:00,23.0,6.27,uppsala,5f9fe38afd517828962fde29
20917,2021-09-18 13:00:00+00:00,24.3,2.5,uppsala,5f9fe38afd517828962fde29
20918,2021-09-18 14:00:00+00:00,6.4,1.69,uppsala,5f9fe38afd517828962fde29
20919,2021-09-18 15:00:00+00:00,1.2,1.31,uppsala,5f9fe38afd517828962fde29
20920,2021-09-18 16:00:00+00:00,0.0,0.05,uppsala,5f9fe38afd517828962fde29
20921,2021-09-18 17:00:00+00:00,0.0,0.0,uppsala,5f9fe38afd517828962fde29
20922,2021-09-18 18:00:00+00:00,0.0,0.0,uppsala,5f9fe38afd517828962fde29
20923,2021-09-18 19:00:00+00:00,0.0,0.0,uppsala,5f9fe38afd517828962fde29
20924,2021-09-18 20:00:00+00:00,0.0,0.0,uppsala,5f9fe38afd517828962fde29
20925,2021-09-18 21:00:00+00:00,0.0,0.0,uppsala,5f9fe38afd517828962fde29
20926,2021-09-18 22:00:00+00:00,0.0,0.0,uppsala,5f9fe38afd517828962fde29
20927,2021-09-18 23:00:00+00:00,0.0,0.0,uppsala,5f9fe38afd517828962fde29
20928,2021-09-19 00:00:00+00:00,0.0,0.0,uppsala,5f9fe38afd517828962fde29
20929,2021-09-19 01:00:00+00:00,0.0,0.0,uppsala,5f9fe38afd517828962fde29
20930,2021-09-19 02:00:00+00:00,0.0,0.0,uppsala,5f9fe38afd517828962fde29
20931,2021-09-19 03:00:00+00:00,0.0,0.0,uppsala,5f9fe38afd517828962fde29
20932,2021-09-19 04:00:00+00:00,0.0,0.04,uppsala,5f9fe38afd517828962fde29
20933,2021-09-19 05:00:00+00:00,0.0,0.9,uppsala,5f9fe38afd517828962fde29
20934,2021-09-19 06:00:00+00:00,3.5,4.28,uppsala,5f9fe38afd517828962fde29
20935,2021-09-19 07:00:00+00:00,85.2,12.06,uppsala,5f9fe38afd517828962fde29
20936,2021-09-19 08:00:00+00:00,31.5,7.1,uppsala,5f9fe38afd517828962fde29
20937,2021-09-19 09:00:00+00:00,59.2,7.81,uppsala,5f9fe38afd517828962fde29
20938,2021-09-19 10:00:00+00:00,10.7,7.69,uppsala,5f9fe38afd517828962fde29
20939,2021-09-19 11:00:00+00:00,78.8,6.0,uppsala,5f9fe38afd517828962fde29
20940,2021-09-19 12:00:00+00:00,9.8,5.56,uppsala,5f9fe38afd517828962fde29
20941,2021-09-19 13:00:00+00:00,265.8,2.62,uppsala,5f9fe38afd517828962fde29
20942,2021-09-19 14:00:00+00:00,149.2,1.21,uppsala,5f9fe38afd517828962fde29
20943,2021-09-19 15:00:00+00:00,297.4,0.26,uppsala,5f9fe38afd517828962fde29
20944,2021-09-19 16:00:00+00:00,4.0,0.0,uppsala,5f9fe38afd517828962fde29
20945,2021-09-19 17:00:00+00:00,0.0,0.0,uppsala,5f9fe38afd517828962fde29
20946,2021-09-19 18:00:00+00:00,0.0,0.0,uppsala,5f9fe38afd517828962fde29
20947,2021-09-19 19:00:00+00:00,0.0,0.0,uppsala,5f9fe38afd517828962fde29
20948,2021-09-19 20:00:00+00:00,0.0,0.0,uppsala,5f9fe38afd517828962fde29
20949,2021-09-19 21:00:00+00:00,0.0,0.0,uppsala,5f9fe38afd517828962fde29
20950,2021-09-19 22:00:00+00:00,0.0,0.0,uppsala,5f9fe38afd517828962fde29
20951,2021-09-19 23:00:00+00:00,0.0,0.0,uppsala,5f9fe38afd517828962fde29
20952,2021-09-20 00:00:00+00:00,0.0,0.0,uppsala,5f9fe38afd517828962fde29
20953,2021-09-20 01:00:00+00:00,0.0,0.0,uppsala,5f9fe38afd517828962fde29
20954,2021-09-20 02:00:00+00:00,0.0,0.0,uppsala,5f9fe38afd517828962fde29
20955,2021-09-20 03:00:00+00:00,0.0,0.0,uppsala,5f9fe38afd517828962fde29
20956,2021-09-20 04:00:00+00:00,0.0,0.0,uppsala,5f9fe38afd517828962fde29
20957,2021-09-20 05:00:00+00:00,0.0,0.25,uppsala,5f9fe38afd517828962fde29
20958,2021-09-20 06:00:00+00:00,0.4,1.14,uppsala,5f9fe38afd517828962fde29
20959,2021-09-20 07:00:00+00:00,5.9,1.94,uppsala,5f9fe38afd517828962fde29
20960,2021-09-20 08:00:00+00:00,8.5,4.03,uppsala,5f9fe38afd517828962fde29
20961,2021-09-20 09:00:00+00:00,9.8,6.84,uppsala,5f9fe38afd517828962fde29
20962,2021-09-20 10:00:00+00:00,375.9,7.23,uppsala,5f9fe38afd517828962fde29
20963,2021-09-20 11:00:00+00:00,40.0,7.11,uppsala,5f9fe38afd517828962fde29
20964,2021-09-20 12:00:00+00:00,10.1,7.95,uppsala,5f9fe38afd517828962fde29
20965,2021-09-20 13:00:00+00:00,9.1,4.83,uppsala,5f9fe38afd517828962fde29
20966,2021-09-20 14:00:00+00:00,6.9,5.41,uppsala,5f9fe38afd517828962fde29
20967,2021-09-20 15:00:00+00:00,59.4,3.09,uppsala,5f9fe38afd517828962fde29
20968,2021-09-20 16:00:00+00:00,0.0,0.51,uppsala,5f9fe38afd517828962fde29
20969,2021-09-20 17:00:00+00:00,0.0,0.0,uppsala,5f9fe38afd517828962fde29
20970,2021-09-20 18:00:00+00:00,0.0,0.0,uppsala,5f9fe38afd517828962fde29
20971,2021-09-20 19:00:00+00:00,0.0,0.0,uppsala,5f9fe38afd517828962fde29
20972,2021-09-20 20:00:00+00:00,0.0,0.0,uppsala,5f9fe38afd517828962fde29
20973,2021-09-20 21:00:00+00:00,0.0,0.0,uppsala,5f9fe38afd517828962fde29
20974,2021-09-20 22:00:00+00:00,0.0,0.0,uppsala,5f9fe38afd517828962fde29
20975,2021-09-20 23:00:00+00:00,0.0,0.0,uppsala,5f9fe38afd517828962fde29
20976,2021-09-21 00:00:00+00:00,0.0,0.0,uppsala,5f9fe38afd517828962fde29
20977,2021-09-21 01:00:00+00:00,0.0,0.0,uppsala,5f9fe38afd517828962fde29
20978,2021-09-21 02:00:00+00:00,0.0,0.0,uppsala,5f9fe38afd517828962fde29
20979,2021-09-21 03:00:00+00:00,0.0,0.0,uppsala,5f9fe38afd517828962fde29
20980,2021-09-21 04:00:00+00:00,0.0,0.07,uppsala,5f9fe38afd517828962fde29
20981,2021-09-21 05:00:00+00:00,0.0,0.46,uppsala,5f9fe38afd517828962fde29
20982,2021-09-21 06:00:00+00:00,0.0,1.47,uppsala,5f9fe38afd517828962fde29
20983,2021-09-21 07:00:00+00:00,2.6,2.5,uppsala,5f9fe38afd517828962fde29
20984,2021-09-21 08:00:00+00:00,9.2,2.7,uppsala,5f9fe38afd517828962fde29
20985,2021-09-21 09:00:00+00:00,6.9,3.42,uppsala,5f9fe38afd517828962fde29
20986,2021-09-21 10:00:00+00:00,12.3,5.4,uppsala,5f9fe38afd517828962fde29
20987,2021-09-21 11:00:00+00:00,28.0,9.17,uppsala,5f9fe38afd517828962fde29
20988,2021-09-21 12:00:00+00:00,7.6,7.08,uppsala,5f9fe38afd517828962fde29
20989,2021-09-21 13:00:00+00:00,24.5,3.64,uppsala,5f9fe38afd517828962fde29
20990,2021-09-21 14:00:00+00:00,5.0,1.94,uppsala,5f9fe38afd517828962fde29
20991,2021-09-21 15:00:00+00:00,5.1,0.76,uppsala,5f9fe38afd517828962fde29
20992,2021-09-21 16:00:00+00:00,0.0,0.0,uppsala,5f9fe38afd517828962fde29
20993,2021-09-21 17:00:00+00:00,0.0,0.0,uppsala,5f9fe38afd517828962fde29
20994,2021-09-21 18:00:00+00:00,0.0,0.0,uppsala,5f9fe38afd517828962fde29
20995,2021-09-21 19:00:00+00:00,0.0,0.0,uppsala,5f9fe38afd517828962fde29
20996,2021-09-21 20:00:00+00:00,0.0,0.0,uppsala,5f9fe38afd517828962fde29
20997,2021-09-21 21:00:00+00:00,0.0,0.0,uppsala,5f9fe38afd517828962fde29
20998,2021-09-21 22:00:00+00:00,0.0,0.0,uppsala,5f9fe38afd517828962fde29
20999,2021-09-21 23:00:00+00:00,0.0,0.0,uppsala,5f9fe38afd517828962fde29
21000,2021-09-22 00:00:00+00:00,0.0,0.0,uppsala,5f9fe38afd517828962fde29
21001,2021-09-22 01:00:00+00:00,0.0,0.0,uppsala,5f9fe38afd517828962fde29
21002,2021-09-22 02:00:00+00:00,0.0,0.0,uppsala,5f9fe38afd517828962fde29
21003,2021-09-22 03:00:00+00:00,0.0,0.0,uppsala,5f9fe38afd517828962fde29
21004,2021-09-22 04:00:00+00:00,0.0,0.0,uppsala,5f9fe38afd517828962fde29
21005,2021-09-22 05:00:00+00:00,0.0,0.38,uppsala,5f9fe38afd517828962fde29
21006,2021-09-22 06:00:00+00:00,0.0,2.53,uppsala,5f9fe38afd517828962fde29
21007,2021-09-22 07:00:00+00:00,214.8,8.07,uppsala,5f9fe38afd517828962fde29
21008,2021-09-22 08:00:00+00:00,132.5,11.07,uppsala,5f9fe38afd517828962fde29
21009,2021-09-22 09:00:00+00:00,14.4,10.86,uppsala,5f9fe38afd517828962fde29
21010,2021-09-22 10:00:00+00:00,30.4,5.75,uppsala,5f9fe38afd517828962fde29
21011,2021-09-22 11:00:00+00:00,17.0,6.85,uppsala,5f9fe38afd517828962fde29
21012,2021-09-22 12:00:00+00:00,29.8,7.95,uppsala,5f9fe38afd517828962fde29
21013,2021-09-22 13:00:00+00:00,91.2,7.52,uppsala,5f9fe38afd517828962fde29
21014,2021-09-22 14:00:00+00:00,218.3,12.8,uppsala,5f9fe38afd517828962fde29
21015,2021-09-22 15:00:00+00:00,247.6,5.65,uppsala,5f9fe38afd517828962fde29
21016,2021-09-22 16:00:00+00:00,85.4,0.36,uppsala,5f9fe38afd517828962fde29
21017,2021-09-22 17:00:00+00:00,0.0,0.0,uppsala,5f9fe38afd517828962fde29
21018,2021-09-22 18:00:00+00:00,0.0,0.0,uppsala,5f9fe38afd517828962fde29
21019,2021-09-22 19:00:00+00:00,0.0,0.0,uppsala,5f9fe38afd517828962fde29
21020,2021-09-22 20:00:00+00:00,0.0,0.0,uppsala,5f9fe38afd517828962fde29
21021,2021-09-22 21:00:00+00:00,0.0,0.0,uppsala,5f9fe38afd517828962fde29
21022,2021-09-22 22:00:00+00:00,0.0,0.0,uppsala,5f9fe38afd517828962fde29
21023,2021-09-22 23:00:00+00:00,0.0,0.0,uppsala,5f9fe38afd517828962fde29
21024,2021-09-23 00:00:00+00:00,0.0,0.0,uppsala,5f9fe38afd517828962fde29
21025,2021-09-23 01:00:00+00:00,0.0,0.0,uppsala,5f9fe38afd517828962fde29
21026,2021-09-23 02:00:00+00:00,0.0,0.0,uppsala,5f9fe38afd517828962fde29
21027,2021-09-23 03:00:00+00:00,0.0,0.0,uppsala,5f9fe38afd517828962fde29
21028,2021-09-23 04:00:00+00:00,0.0,0.0,uppsala,5f9fe38afd517828962fde29
21029,2021-09-23 05:00:00+00:00,0.0,0.01,uppsala,5f9fe38afd517828962fde29
21030,2021-09-23 06:00:00+00:00,0.0,0.04,uppsala,5f9fe38afd517828962fde29
21031,2021-09-23 07:00:00+00:00,1.1,0.11,uppsala,5f9fe38afd517828962fde29
21032,2021-09-23 08:00:00+00:00,3.9,0.5,uppsala,5f9fe38afd517828962fde29
21033,2021-09-23 09:00:00+00:00,5.7,0.63,uppsala,5f9fe38afd517828962fde29
21034,2021-09-23 10:00:00+00:00,6.7,2.11,uppsala,5f9fe38afd517828962fde29
21035,2021-09-23 11:00:00+00:00,7.2,2.98,uppsala,5f9fe38afd517828962fde29
21036,2021-09-23 12:00:00+00:00,11.4,0.85,uppsala,5f9fe38afd517828962fde29
21037,2021-09-23 13:00:00+00:00,120.2,5.78,uppsala,5f9fe38afd517828962fde29
21038,2021-09-23 14:00:00+00:00,98.4,4.68,uppsala,5f9fe38afd517828962fde29
21039,2021-09-23 15:00:00+00:00,161.1,2.17,uppsala,5f9fe38afd517828962fde29
21040,2021-09-23 16:00:00+00:00,187.2,0.08,uppsala,5f9fe38afd517828962fde29
21041,2021-09-23 17:00:00+00:00,0.0,0.0,uppsala,5f9fe38afd517828962fde29
21042,2021-09-23 18:00:00+00:00,0.0,0.0,uppsala,5f9fe38afd517828962fde29
21043,2021-09-23 19:00:00+00:00,0.0,0.0,uppsala,5f9fe38afd517828962fde29
21044,2021-09-23 20:00:00+00:00,0.0,0.0,uppsala,5f9fe38afd517828962fde29
21045,2021-09-23 21:00:00+00:00,0.0,0.0,uppsala,5f9fe38afd517828962fde29
21046,2021-09-23 22:00:00+00:00,0.0,0.0,uppsala,5f9fe38afd517828962fde29
21047,2021-09-23 23:00:00+00:00,0.0,0.0,uppsala,5f9fe38afd517828962fde29
21048,2021-09-24 00:00:00+00:00,0.0,0.0,uppsala,5f9fe38afd517828962fde29
21049,2021-09-24 01:00:00+00:00,0.0,0.0,uppsala,5f9fe38afd517828962fde29
21050,2021-09-24 02:00:00+00:00,0.0,0.0,uppsala,5f9fe38afd517828962fde29
21051,2021-09-24 03:00:00+00:00,0.0,0.0,uppsala,5f9fe38afd517828962fde29
21052,2021-09-24 04:00:00+00:00,0.0,0.0,uppsala,5f9fe38afd517828962fde29
21053,2021-09-24 05:00:00+00:00,7.1,0.41,uppsala,5f9fe38afd517828962fde29
21054,2021-09-24 06:00:00+00:00,41.9,1.1,uppsala,5f9fe38afd517828962fde29
21055,2021-09-24 07:00:00+00:00,13.9,3.96,uppsala,5f9fe38afd517828962fde29
21056,2021-09-24 08:00:00+00:00,7.3,5.06,uppsala,5f9fe38afd517828962fde29
21057,2021-09-24 09:00:00+00:00,8.5,3.42,uppsala,5f9fe38afd517828962fde29
21058,2021-09-24 10:00:00+00:00,8.9,3.91,uppsala,5f9fe38afd517828962fde29
21059,2021-09-24 11:00:00+00:00,9.2,3.46,uppsala,5f9fe38afd517828962fde29
21060,2021-09-24 12:00:00+00:00,8.6,2.25,uppsala,5f9fe38afd517828962fde29
21061,2021-09-24 13:00:00+00:00,13.5,2.97,uppsala,5f9fe38afd517828962fde29
21062,2021-09-24 14:00:00+00:00,9.6,0.86,uppsala,5f9fe38afd517828962fde29
21063,2021-09-24 15:00:00+00:00,6.9,0.03,uppsala,5f9fe38afd517828962fde29
21064,2021-09-24 16:00:00+00:00,2.3,0.0,uppsala,5f9fe38afd517828962fde29
21065,2021-09-24 17:00:00+00:00,0.0,0.0,uppsala,5f9fe38afd517828962fde29
21066,2021-09-24 18:00:00+00:00,0.0,0.0,uppsala,5f9fe38afd517828962fde29
21067,2021-09-24 19:00:00+00:00,0.0,0.0,uppsala,5f9fe38afd517828962fde29
21068,2021-09-24 20:00:00+00:00,0.0,0.0,uppsala,5f9fe38afd517828962fde29
21069,2021-09-24 21:00:00+00:00,0.0,0.0,uppsala,5f9fe38afd517828962fde29
21070,2021-09-24 22:00:00+00:00,0.0,0.0,uppsala,5f9fe38afd517828962fde29
21071,2021-09-24 23:00:00+00:00,0.0,0.0,uppsala,5f9fe38afd517828962fde29
21072,2021-09-25 00:00:00+00:00,0.0,0.0,uppsala,5f9fe38afd517828962fde29
21073,2021-09-25 01:00:00+00:00,0.0,0.0,uppsala,5f9fe38afd517828962fde29
21074,2021-09-25 02:00:00+00:00,0.0,0.0,uppsala,5f9fe38afd517828962fde29
21075,2021-09-25 03:00:00+00:00,0.0,0.0,uppsala,5f9fe38afd517828962fde29
21076,2021-09-25 04:00:00+00:00,0.0,0.0,uppsala,5f9fe38afd517828962fde29
21077,2021-09-25 05:00:00+00:00,72.2,3.56,uppsala,5f9fe38afd517828962fde29
21078,2021-09-25 06:00:00+00:00,531.7,12.4,uppsala,5f9fe38afd517828962fde29
21079,2021-09-25 07:00:00+00:00,712.1,15.87,uppsala,5f9fe38afd517828962fde29
21080,2021-09-25 08:00:00+00:00,812.3,17.01,uppsala,5f9fe38afd517828962fde29
21081,2021-09-25 09:00:00+00:00,857.2,16.47,uppsala,5f9fe38afd517828962fde29
21082,2021-09-25 10:00:00+00:00,878.9,15.11,uppsala,5f9fe38afd517828962fde29
21083,2021-09-25 11:00:00+00:00,897.4,15.25,uppsala,5f9fe38afd517828962fde29
21084,2021-09-25 12:00:00+00:00,877.6,15.77,uppsala,5f9fe38afd517828962fde29
21085,2021-09-25 13:00:00+00:00,840.0,14.51,uppsala,5f9fe38afd517828962fde29
21086,2021-09-25 14:00:00+00:00,769.6,11.35,uppsala,5f9fe38afd517828962fde29
21087,2021-09-25 15:00:00+00:00,646.5,6.95,uppsala,5f9fe38afd517828962fde29
21088,2021-09-25 16:00:00+00:00,365.9,1.33,uppsala,5f9fe38afd517828962fde29
21089,2021-09-25 17:00:00+00:00,0.0,0.0,uppsala,5f9fe38afd517828962fde29
21090,2021-09-25 18:00:00+00:00,0.0,0.0,uppsala,5f9fe38afd517828962fde29
21091,2021-09-25 19:00:00+00:00,0.0,0.0,uppsala,5f9fe38afd517828962fde29
21092,2021-09-25 20:00:00+00:00,0.0,0.0,uppsala,5f9fe38afd517828962fde29
21093,2021-09-25 21:00:00+00:00,0.0,0.0,uppsala,5f9fe38afd517828962fde29
21094,2021-09-25 22:00:00+00:00,0.0,0.0,uppsala,5f9fe38afd517828962fde29
21095,2021-09-25 23:00:00+00:00,0.0,0.0,uppsala,5f9fe38afd517828962fde29
21096,2021-09-26 00:00:00+00:00,0.0,0.0,uppsala,5f9fe38afd517828962fde29
21097,2021-09-26 01:00:00+00:00,0.0,0.0,uppsala,5f9fe38afd517828962fde29
21098,2021-09-26 02:00:00+00:00,0.0,0.0,uppsala,5f9fe38afd517828962fde29
21099,2021-09-26 03:00:00+00:00,0.0,0.0,uppsala,5f9fe38afd517828962fde29
21100,2021-09-26 04:00:00+00:00,0.0,0.16,uppsala,5f9fe38afd517828962fde29
21101,2021-09-26 05:00:00+00:00,75.9,5.46,uppsala,5f9fe38afd517828962fde29
21102,2021-09-26 06:00:00+00:00,471.8,12.06,uppsala,5f9fe38afd517828962fde29
21103,2021-09-26 07:00:00+00:00,658.5,15.63,uppsala,5f9fe38afd517828962fde29
21104,2021-09-26 08:00:00+00:00,755.6,16.79,uppsala,5f9fe38afd517828962fde29
21105,2021-09-26 09:00:00+00:00,804.0,17.41,uppsala,5f9fe38afd517828962fde29
21106,2021-09-26 10:00:00+00:00,286.9,17.36,uppsala,5f9fe38afd517828962fde29
21107,2021-09-26 11:00:00+00:00,473.9,13.99,uppsala,5f9fe38afd517828962fde29
21108,2021-09-26 12:00:00+00:00,675.3,14.48,uppsala,5f9fe38afd517828962fde29
21109,2021-09-26 13:00:00+00:00,752.8,13.39,uppsala,5f9fe38afd517828962fde29
21110,2021-09-26 14:00:00+00:00,709.3,9.64,uppsala,5f9fe38afd517828962fde29
21111,2021-09-26 15:00:00+00:00,540.0,3.27,uppsala,5f9fe38afd517828962fde29
21112,2021-09-26 16:00:00+00:00,238.1,0.64,uppsala,5f9fe38afd517828962fde29
21113,2021-09-26 17:00:00+00:00,0.0,0.0,uppsala,5f9fe38afd517828962fde29
21114,2021-09-26 18:00:00+00:00,0.0,0.0,uppsala,5f9fe38afd517828962fde29
21115,2021-09-26 19:00:00+00:00,0.0,0.0,uppsala,5f9fe38afd517828962fde29
21116,2021-09-26 20:00:00+00:00,0.0,0.0,uppsala,5f9fe38afd517828962fde29
21117,2021-09-26 21:00:00+00:00,0.0,0.0,uppsala,5f9fe38afd517828962fde29
21118,2021-09-26 22:00:00+00:00,0.0,0.0,uppsala,5f9fe38afd517828962fde29
21119,2021-09-26 23:00:00+00:00,0.0,0.0,uppsala,5f9fe38afd517828962fde29
21120,2021-09-27 00:00:00+00:00,0.0,0.0,uppsala,5f9fe38afd517828962fde29
21121,2021-09-27 01:00:00+00:00,0.0,0.0,uppsala,5f9fe38afd517828962fde29
21122,2021-09-27 02:00:00+00:00,0.0,0.0,uppsala,5f9fe38afd517828962fde29
21123,2021-09-27 03:00:00+00:00,0.0,0.0,uppsala,5f9fe38afd517828962fde29
21124,2021-09-27 04:00:00+00:00,0.0,0.08,uppsala,5f9fe38afd517828962fde29
21125,2021-09-27 05:00:00+00:00,47.9,4.95,uppsala,5f9fe38afd517828962fde29
21126,2021-09-27 06:00:00+00:00,413.5,11.97,uppsala,5f9fe38afd517828962fde29
21127,2021-09-27 07:00:00+00:00,580.5,14.03,uppsala,5f9fe38afd517828962fde29
21128,2021-09-27 08:00:00+00:00,675.9,16.74,uppsala,5f9fe38afd517828962fde29
21129,2021-09-27 09:00:00+00:00,709.3,15.57,uppsala,5f9fe38afd517828962fde29
21130,2021-09-27 10:00:00+00:00,754.0,15.11,uppsala,5f9fe38afd517828962fde29
21131,2021-09-27 11:00:00+00:00,755.6,15.14,uppsala,5f9fe38afd517828962fde29
21132,2021-09-27 12:00:00+00:00,722.1,15.42,uppsala,5f9fe38afd517828962fde29
21133,2021-09-27 13:00:00+00:00,673.7,13.46,uppsala,5f9fe38afd517828962fde29
21134,2021-09-27 14:00:00+00:00,577.3,10.22,uppsala,5f9fe38afd517828962fde29
21135,2021-09-27 15:00:00+00:00,409.3,6.07,uppsala,5f9fe38afd517828962fde29
21136,2021-09-27 16:00:00+00:00,110.3,0.83,uppsala,5f9fe38afd517828962fde29
21137,2021-09-27 17:00:00+00:00,0.0,0.0,uppsala,5f9fe38afd517828962fde29
21138,2021-09-27 18:00:00+00:00,0.0,0.0,uppsala,5f9fe38afd517828962fde29
21139,2021-09-27 19:00:00+00:00,0.0,0.0,uppsala,5f9fe38afd517828962fde29
21140,2021-09-27 20:00:00+00:00,0.0,0.0,uppsala,5f9fe38afd517828962fde29
21141,2021-09-27 21:00:00+00:00,0.0,0.0,uppsala,5f9fe38afd517828962fde29
21142,2021-09-27 22:00:00+00:00,0.0,0.0,uppsala,5f9fe38afd517828962fde29
21143,2021-09-27 23:00:00+00:00,0.0,0.0,uppsala,5f9fe38afd517828962fde29
21144,2021-09-28 00:00:00+00:00,0.0,0.0,uppsala,5f9fe38afd517828962fde29
21145,2021-09-28 01:00:00+00:00,0.0,0.0,uppsala,5f9fe38afd517828962fde29
21146,2021-09-28 02:00:00+00:00,0.0,0.0,uppsala,5f9fe38afd517828962fde29
21147,2021-09-28 03:00:00+00:00,0.0,0.0,uppsala,5f9fe38afd517828962fde29
21148,2021-09-28 04:00:00+00:00,0.0,0.0,uppsala,5f9fe38afd517828962fde29
21149,2021-09-28 05:00:00+00:00,0.0,0.06,uppsala,5f9fe38afd517828962fde29
21150,2021-09-28 06:00:00+00:00,0.0,0.96,uppsala,5f9fe38afd517828962fde29
21151,2021-09-28 07:00:00+00:00,0.9,2.79,uppsala,5f9fe38afd517828962fde29
21152,2021-09-28 08:00:00+00:00,4.0,5.22,uppsala,5f9fe38afd517828962fde29
21153,2021-09-28 09:00:00+00:00,25.6,5.44,uppsala,5f9fe38afd517828962fde29
21154,2021-09-28 10:00:00+00:00,6.8,6.91,uppsala,5f9fe38afd517828962fde29
21155,2021-09-28 11:00:00+00:00,36.8,11.19,uppsala,5f9fe38afd517828962fde29
21156,2021-09-28 12:00:00+00:00,50.9,4.72,uppsala,5f9fe38afd517828962fde29
21157,2021-09-28 13:00:00+00:00,31.8,1.68,uppsala,5f9fe38afd517828962fde29
21158,2021-09-28 14:00:00+00:00,7.7,0.16,uppsala,5f9fe38afd517828962fde29
21159,2021-09-28 15:00:00+00:00,0.0,0.0,uppsala,5f9fe38afd517828962fde29
21160,2021-09-28 16:00:00+00:00,0.0,0.0,uppsala,5f9fe38afd517828962fde29
21161,2021-09-28 17:00:00+00:00,0.0,0.0,uppsala,5f9fe38afd517828962fde29
21162,2021-09-28 18:00:00+00:00,0.0,0.0,uppsala,5f9fe38afd517828962fde29
21163,2021-09-28 19:00:00+00:00,0.0,0.0,uppsala,5f9fe38afd517828962fde29
21164,2021-09-28 20:00:00+00:00,0.0,0.0,uppsala,5f9fe38afd517828962fde29
21165,2021-09-28 21:00:00+00:00,0.0,0.0,uppsala,5f9fe38afd517828962fde29
21166,2021-09-28 22:00:00+00:00,0.0,0.0,uppsala,5f9fe38afd517828962fde29
21167,2021-09-28 23:00:00+00:00,0.0,0.0,uppsala,5f9fe38afd517828962fde29
21168,2021-09-29 00:00:00+00:00,0.0,0.0,uppsala,5f9fe38afd517828962fde29
21169,2021-09-29 01:00:00+00:00,0.0,0.0,uppsala,5f9fe38afd517828962fde29
21170,2021-09-29 02:00:00+00:00,0.0,0.0,uppsala,5f9fe38afd517828962fde29
21171,2021-09-29 03:00:00+00:00,0.0,0.0,uppsala,5f9fe38afd517828962fde29
21172,2021-09-29 04:00:00+00:00,0.0,0.0,uppsala,5f9fe38afd517828962fde29
21173,2021-09-29 05:00:00+00:00,0.0,0.74,uppsala,5f9fe38afd517828962fde29
21174,2021-09-29 06:00:00+00:00,22.3,4.31,uppsala,5f9fe38afd517828962fde29
21175,2021-09-29 07:00:00+00:00,59.9,9.3,uppsala,5f9fe38afd517828962fde29
21176,2021-09-29 08:00:00+00:00,63.6,8.52,uppsala,5f9fe38afd517828962fde29
21177,2021-09-29 09:00:00+00:00,15.2,6.3,uppsala,5f9fe38afd517828962fde29
21178,2021-09-29 10:00:00+00:00,83.9,5.69,uppsala,5f9fe38afd517828962fde29
21179,2021-09-29 11:00:00+00:00,4.8,3.47,uppsala,5f9fe38afd517828962fde29
21180,2021-09-29 12:00:00+00:00,3.9,3.16,uppsala,5f9fe38afd517828962fde29
21181,2021-09-29 13:00:00+00:00,2.6,2.77,uppsala,5f9fe38afd517828962fde29
21182,2021-09-29 14:00:00+00:00,7.7,2.29,uppsala,5f9fe38afd517828962fde29
21183,2021-09-29 15:00:00+00:00,25.6,2.05,uppsala,5f9fe38afd517828962fde29
21184,2021-09-29 16:00:00+00:00,0.0,0.0,uppsala,5f9fe38afd517828962fde29
21185,2021-09-29 17:00:00+00:00,0.0,0.0,uppsala,5f9fe38afd517828962fde29
21186,2021-09-29 18:00:00+00:00,0.0,0.0,uppsala,5f9fe38afd517828962fde29
21187,2021-09-29 19:00:00+00:00,0.0,0.0,uppsala,5f9fe38afd517828962fde29
21188,2021-09-29 20:00:00+00:00,0.0,0.0,uppsala,5f9fe38afd517828962fde29
21189,2021-09-29 21:00:00+00:00,0.0,0.0,uppsala,5f9fe38afd517828962fde29
21190,2021-09-29 22:00:00+00:00,0.0,0.0,uppsala,5f9fe38afd517828962fde29
21191,2021-09-29 23:00:00+00:00,0.0,0.0,uppsala,5f9fe38afd517828962fde29
21192,2021-09-30 00:00:00+00:00,0.0,0.0,uppsala,5f9fe38afd517828962fde29
21193,2021-09-30 01:00:00+00:00,0.0,0.0,uppsala,5f9fe38afd517828962fde29
21194,2021-09-30 02:00:00+00:00,0.0,0.0,uppsala,5f9fe38afd517828962fde29
21195,2021-09-30 03:00:00+00:00,0.0,0.0,uppsala,5f9fe38afd517828962fde29
21196,2021-09-30 04:00:00+00:00,0.0,0.0,uppsala,5f9fe38afd517828962fde29
21197,2021-09-30 05:00:00+00:00,0.0,0.0,uppsala,5f9fe38afd517828962fde29
21198,2021-09-30 06:00:00+00:00,0.0,0.31,uppsala,5f9fe38afd517828962fde29
21199,2021-09-30 07:00:00+00:00,0.1,0.88,uppsala,5f9fe38afd517828962fde29
21200,2021-09-30 08:00:00+00:00,3.2,1.23,uppsala,5f9fe38afd517828962fde29
21201,2021-09-30 09:00:00+00:00,4.6,2.12,uppsala,5f9fe38afd517828962fde29
21202,2021-09-30 10:00:00+00:00,5.5,2.44,uppsala,5f9fe38afd517828962fde29
21203,2021-09-30 11:00:00+00:00,6.2,2.8,uppsala,5f9fe38afd517828962fde29
21204,2021-09-30 12:00:00+00:00,4.4,1.1,uppsala,5f9fe38afd517828962fde29
21205,2021-09-30 13:00:00+00:00,2.8,0.46,uppsala,5f9fe38afd517828962fde29
21206,2021-09-30 14:00:00+00:00,0.30000000000000004,0.01,uppsala,5f9fe38afd517828962fde29
21207,2021-09-30 15:00:00+00:00,0.0,0.0,uppsala,5f9fe38afd517828962fde29
21208,2021-09-30 16:00:00+00:00,0.0,0.0,uppsala,5f9fe38afd517828962fde29
21209,2021-09-30 17:00:00+00:00,0.0,0.0,uppsala,5f9fe38afd517828962fde29
21210,2021-09-30 18:00:00+00:00,0.0,0.0,uppsala,5f9fe38afd517828962fde29
21211,2021-09-30 19:00:00+00:00,0.0,0.0,uppsala,5f9fe38afd517828962fde29
21212,2021-09-30 20:00:00+00:00,0.0,0.0,uppsala,5f9fe38afd517828962fde29
21213,2021-09-30 21:00:00+00:00,0.0,0.0,uppsala,5f9fe38afd517828962fde29
21214,2021-09-30 22:00:00+00:00,0.0,0.0,uppsala,5f9fe38afd517828962fde29
21215,2021-09-30 23:00:00+00:00,0.0,0.0,uppsala,5f9fe38afd517828962fde29
21216,2021-10-01 00:00:00+00:00,0.0,0.0,uppsala,5f9fe38afd517828962fde29
21217,2021-10-01 01:00:00+00:00,0.0,0.0,uppsala,5f9fe38afd517828962fde29
21218,2021-10-01 02:00:00+00:00,0.0,0.0,uppsala,5f9fe38afd517828962fde29
21219,2021-10-01 03:00:00+00:00,0.0,0.0,uppsala,5f9fe38afd517828962fde29
21220,2021-10-01 04:00:00+00:00,0.0,0.0,uppsala,5f9fe38afd517828962fde29
21221,2021-10-01 05:00:00+00:00,0.0,1.92,uppsala,5f9fe38afd517828962fde29
21222,2021-10-01 06:00:00+00:00,454.6,4.46,uppsala,5f9fe38afd517828962fde29
21223,2021-10-01 07:00:00+00:00,1.9,7.14,uppsala,5f9fe38afd517828962fde29
21224,2021-10-01 08:00:00+00:00,291.3,11.61,uppsala,5f9fe38afd517828962fde29
21225,2021-10-01 09:00:00+00:00,397.4,13.52,uppsala,5f9fe38afd517828962fde29
21226,2021-10-01 10:00:00+00:00,9.3,6.34,uppsala,5f9fe38afd517828962fde29
21227,2021-10-01 11:00:00+00:00,6.8,3.48,uppsala,5f9fe38afd517828962fde29
21228,2021-10-01 12:00:00+00:00,6.1,2.42,uppsala,5f9fe38afd517828962fde29
21229,2021-10-01 13:00:00+00:00,4.1,2.05,uppsala,5f9fe38afd517828962fde29
21230,2021-10-01 14:00:00+00:00,1.1,1.19,uppsala,5f9fe38afd517828962fde29
21231,2021-10-01 15:00:00+00:00,0.0,0.07,uppsala,5f9fe38afd517828962fde29
21232,2021-10-01 16:00:00+00:00,0.0,0.0,uppsala,5f9fe38afd517828962fde29
21233,2021-10-01 17:00:00+00:00,0.0,0.0,uppsala,5f9fe38afd517828962fde29
21234,2021-10-01 18:00:00+00:00,0.0,0.0,uppsala,5f9fe38afd517828962fde29
21235,2021-10-01 19:00:00+00:00,0.0,0.0,uppsala,5f9fe38afd517828962fde29
21236,2021-10-01 20:00:00+00:00,0.0,0.0,uppsala,5f9fe38afd517828962fde29
21237,2021-10-01 21:00:00+00:00,0.0,0.0,uppsala,5f9fe38afd517828962fde29
21238,2021-10-01 22:00:00+00:00,0.0,0.0,uppsala,5f9fe38afd517828962fde29
21239,2021-10-01 23:00:00+00:00,0.0,0.0,uppsala,5f9fe38afd517828962fde29
21240,2021-10-02 00:00:00+00:00,0.0,0.0,uppsala,5f9fe38afd517828962fde29
21241,2021-10-02 01:00:00+00:00,0.0,0.0,uppsala,5f9fe38afd517828962fde29
21242,2021-10-02 02:00:00+00:00,0.0,0.0,uppsala,5f9fe38afd517828962fde29
21243,2021-10-02 03:00:00+00:00,0.0,0.0,uppsala,5f9fe38afd517828962fde29
21244,2021-10-02 04:00:00+00:00,0.0,0.0,uppsala,5f9fe38afd517828962fde29
21245,2021-10-02 05:00:00+00:00,0.0,1.05,uppsala,5f9fe38afd517828962fde29
21246,2021-10-02 06:00:00+00:00,0.0,1.78,uppsala,5f9fe38afd517828962fde29
21247,2021-10-02 07:00:00+00:00,11.1,6.27,uppsala,5f9fe38afd517828962fde29
21248,2021-10-02 08:00:00+00:00,93.8,12.13,uppsala,5f9fe38afd517828962fde29
21249,2021-10-02 09:00:00+00:00,169.6,10.95,uppsala,5f9fe38afd517828962fde29
21250,2021-10-02 10:00:00+00:00,99.4,7.69,uppsala,5f9fe38afd517828962fde29
21251,2021-10-02 11:00:00+00:00,65.0,6.81,uppsala,5f9fe38afd517828962fde29
21252,2021-10-02 12:00:00+00:00,14.4,2.51,uppsala,5f9fe38afd517828962fde29
21253,2021-10-02 13:00:00+00:00,2.5,1.12,uppsala,5f9fe38afd517828962fde29
21254,2021-10-02 14:00:00+00:00,0.5,0.81,uppsala,5f9fe38afd517828962fde29
21255,2021-10-02 15:00:00+00:00,0.0,0.02,uppsala,5f9fe38afd517828962fde29
21256,2021-10-02 16:00:00+00:00,0.0,0.0,uppsala,5f9fe38afd517828962fde29
21257,2021-10-02 17:00:00+00:00,0.0,0.0,uppsala,5f9fe38afd517828962fde29
21258,2021-10-02 18:00:00+00:00,0.0,0.0,uppsala,5f9fe38afd517828962fde29
21259,2021-10-02 19:00:00+00:00,0.0,0.0,uppsala,5f9fe38afd517828962fde29
21260,2021-10-02 20:00:00+00:00,0.0,0.0,uppsala,5f9fe38afd517828962fde29
21261,2021-10-02 21:00:00+00:00,0.0,0.0,uppsala,5f9fe38afd517828962fde29
21262,2021-10-02 22:00:00+00:00,0.0,0.0,uppsala,5f9fe38afd517828962fde29
21263,2021-10-02 23:00:00+00:00,0.0,0.0,uppsala,5f9fe38afd517828962fde29
21264,2021-10-03 00:00:00+00:00,0.0,0.0,uppsala,5f9fe38afd517828962fde29
21265,2021-10-03 01:00:00+00:00,0.0,0.0,uppsala,5f9fe38afd517828962fde29
21266,2021-10-03 02:00:00+00:00,0.0,0.0,uppsala,5f9fe38afd517828962fde29
21267,2021-10-03 03:00:00+00:00,0.0,0.0,uppsala,5f9fe38afd517828962fde29
21268,2021-10-03 04:00:00+00:00,0.0,0.0,uppsala,5f9fe38afd517828962fde29
21269,2021-10-03 05:00:00+00:00,0.0,0.0,uppsala,5f9fe38afd517828962fde29
21270,2021-10-03 06:00:00+00:00,0.0,0.08,uppsala,5f9fe38afd517828962fde29
21271,2021-10-03 07:00:00+00:00,0.0,0.47,uppsala,5f9fe38afd517828962fde29
21272,2021-10-03 08:00:00+00:00,2.0,0.86,uppsala,5f9fe38afd517828962fde29
21273,2021-10-03 09:00:00+00:00,3.7,1.49,uppsala,5f9fe38afd517828962fde29
21274,2021-10-03 10:00:00+00:00,12.1,2.77,uppsala,5f9fe38afd517828962fde29
21275,2021-10-03 11:00:00+00:00,11.4,3.08,uppsala,5f9fe38afd517828962fde29
21276,2021-10-03 12:00:00+00:00,121.7,2.36,uppsala,5f9fe38afd517828962fde29
21277,2021-10-03 13:00:00+00:00,18.2,1.04,uppsala,5f9fe38afd517828962fde29
21278,2021-10-03 14:00:00+00:00,3.4,0.28,uppsala,5f9fe38afd517828962fde29
21279,2021-10-03 15:00:00+00:00,0.0,0.0,uppsala,5f9fe38afd517828962fde29
21280,2021-10-03 16:00:00+00:00,0.0,0.0,uppsala,5f9fe38afd517828962fde29
21281,2021-10-03 17:00:00+00:00,0.0,0.0,uppsala,5f9fe38afd517828962fde29
21282,2021-10-03 18:00:00+00:00,0.0,0.0,uppsala,5f9fe38afd517828962fde29
21283,2021-10-03 19:00:00+00:00,0.0,0.0,uppsala,5f9fe38afd517828962fde29
21284,2021-10-03 20:00:00+00:00,0.0,0.0,uppsala,5f9fe38afd517828962fde29
21285,2021-10-03 21:00:00+00:00,0.0,0.0,uppsala,5f9fe38afd517828962fde29
21286,2021-10-03 22:00:00+00:00,0.0,0.0,uppsala,5f9fe38afd517828962fde29
21287,2021-10-03 23:00:00+00:00,0.0,0.0,uppsala,5f9fe38afd517828962fde29
21288,2021-10-04 00:00:00+00:00,0.0,0.0,uppsala,5f9fe38afd517828962fde29
21289,2021-10-04 01:00:00+00:00,0.0,0.0,uppsala,5f9fe38afd517828962fde29
21290,2021-10-04 02:00:00+00:00,0.0,0.0,uppsala,5f9fe38afd517828962fde29
21291,2021-10-04 03:00:00+00:00,0.0,0.0,uppsala,5f9fe38afd517828962fde29
21292,2021-10-04 04:00:00+00:00,0.0,0.0,uppsala,5f9fe38afd517828962fde29
21293,2021-10-04 05:00:00+00:00,0.0,0.0,uppsala,5f9fe38afd517828962fde29
21294,2021-10-04 06:00:00+00:00,0.0,0.0,uppsala,5f9fe38afd517828962fde29
21295,2021-10-04 07:00:00+00:00,0.0,0.01,uppsala,5f9fe38afd517828962fde29
21296,2021-10-04 08:00:00+00:00,1.9,0.39,uppsala,5f9fe38afd517828962fde29
21297,2021-10-04 09:00:00+00:00,4.5,2.4,uppsala,5f9fe38afd517828962fde29
21298,2021-10-04 10:00:00+00:00,14.4,3.3,uppsala,5f9fe38afd517828962fde29
21299,2021-10-04 11:00:00+00:00,11.7,3.64,uppsala,5f9fe38afd517828962fde29
21300,2021-10-04 12:00:00+00:00,203.3,3.41,uppsala,5f9fe38afd517828962fde29
21301,2021-10-04 13:00:00+00:00,8.4,1.68,uppsala,5f9fe38afd517828962fde29
21302,2021-10-04 14:00:00+00:00,17.5,0.72,uppsala,5f9fe38afd517828962fde29
21303,2021-10-04 15:00:00+00:00,5.6,0.05,uppsala,5f9fe38afd517828962fde29
21304,2021-10-04 16:00:00+00:00,0.0,0.0,uppsala,5f9fe38afd517828962fde29
21305,2021-10-04 17:00:00+00:00,0.0,0.0,uppsala,5f9fe38afd517828962fde29
21306,2021-10-04 18:00:00+00:00,0.0,0.0,uppsala,5f9fe38afd517828962fde29
21307,2021-10-04 19:00:00+00:00,0.0,0.0,uppsala,5f9fe38afd517828962fde29
21308,2021-10-04 20:00:00+00:00,0.0,0.0,uppsala,5f9fe38afd517828962fde29
21309,2021-10-04 21:00:00+00:00,0.0,0.0,uppsala,5f9fe38afd517828962fde29
21310,2021-10-04 22:00:00+00:00,0.0,0.0,uppsala,5f9fe38afd517828962fde29
21311,2021-10-04 23:00:00+00:00,0.0,0.0,uppsala,5f9fe38afd517828962fde29
21312,2021-10-05 00:00:00+00:00,0.0,0.0,uppsala,5f9fe38afd517828962fde29
21313,2021-10-05 01:00:00+00:00,0.0,0.0,uppsala,5f9fe38afd517828962fde29
21314,2021-10-05 02:00:00+00:00,0.0,0.0,uppsala,5f9fe38afd517828962fde29
21315,2021-10-05 03:00:00+00:00,0.0,0.0,uppsala,5f9fe38afd517828962fde29
21316,2021-10-05 04:00:00+00:00,0.0,0.0,uppsala,5f9fe38afd517828962fde29
21317,2021-10-05 05:00:00+00:00,0.0,0.31,uppsala,5f9fe38afd517828962fde29
21318,2021-10-05 06:00:00+00:00,0.0,1.65,uppsala,5f9fe38afd517828962fde29
21319,2021-10-05 07:00:00+00:00,0.0,3.19,uppsala,5f9fe38afd517828962fde29
21320,2021-10-05 08:00:00+00:00,3.8,4.18,uppsala,5f9fe38afd517828962fde29
21321,2021-10-05 09:00:00+00:00,6.3,8.32,uppsala,5f9fe38afd517828962fde29
21322,2021-10-05 10:00:00+00:00,43.8,7.39,uppsala,5f9fe38afd517828962fde29
21323,2021-10-05 11:00:00+00:00,92.4,3.07,uppsala,5f9fe38afd517828962fde29
21324,2021-10-05 12:00:00+00:00,6.9,3.36,uppsala,5f9fe38afd517828962fde29
21325,2021-10-05 13:00:00+00:00,5.1,1.97,uppsala,5f9fe38afd517828962fde29
21326,2021-10-05 14:00:00+00:00,100.5,0.92,uppsala,5f9fe38afd517828962fde29
21327,2021-10-05 15:00:00+00:00,20.7,0.1,uppsala,5f9fe38afd517828962fde29
21328,2021-10-05 16:00:00+00:00,0.0,0.0,uppsala,5f9fe38afd517828962fde29
21329,2021-10-05 17:00:00+00:00,0.0,0.0,uppsala,5f9fe38afd517828962fde29
21330,2021-10-05 18:00:00+00:00,0.0,0.0,uppsala,5f9fe38afd517828962fde29
21331,2021-10-05 19:00:00+00:00,0.0,0.0,uppsala,5f9fe38afd517828962fde29
21332,2021-10-05 20:00:00+00:00,0.0,0.0,uppsala,5f9fe38afd517828962fde29
21333,2021-10-05 21:00:00+00:00,0.0,0.0,uppsala,5f9fe38afd517828962fde29
21334,2021-10-05 22:00:00+00:00,0.0,0.0,uppsala,5f9fe38afd517828962fde29
21335,2021-10-05 23:00:00+00:00,0.0,0.0,uppsala,5f9fe38afd517828962fde29
21336,2021-10-06 00:00:00+00:00,0.0,0.0,uppsala,5f9fe38afd517828962fde29
21337,2021-10-06 01:00:00+00:00,0.0,0.0,uppsala,5f9fe38afd517828962fde29
21338,2021-10-06 02:00:00+00:00,0.0,0.0,uppsala,5f9fe38afd517828962fde29
21339,2021-10-06 03:00:00+00:00,0.0,0.0,uppsala,5f9fe38afd517828962fde29
21340,2021-10-06 04:00:00+00:00,0.0,0.0,uppsala,5f9fe38afd517828962fde29
21341,2021-10-06 05:00:00+00:00,0.0,0.0,uppsala,5f9fe38afd517828962fde29
21342,2021-10-06 06:00:00+00:00,0.0,0.0,uppsala,5f9fe38afd517828962fde29
21343,2021-10-06 07:00:00+00:00,16.9,0.08,uppsala,5f9fe38afd517828962fde29
21344,2021-10-06 08:00:00+00:00,1.5,0.38,uppsala,5f9fe38afd517828962fde29
21345,2021-10-06 09:00:00+00:00,6.1,0.71,uppsala,5f9fe38afd517828962fde29
21346,2021-10-06 10:00:00+00:00,4.3,0.83,uppsala,5f9fe38afd517828962fde29
21347,2021-10-06 11:00:00+00:00,4.7,1.06,uppsala,5f9fe38afd517828962fde29
21348,2021-10-06 12:00:00+00:00,4.5,2.26,uppsala,5f9fe38afd517828962fde29
21349,2021-10-06 13:00:00+00:00,3.2,0.72,uppsala,5f9fe38afd517828962fde29
21350,2021-10-06 14:00:00+00:00,0.1,0.2,uppsala,5f9fe38afd517828962fde29
21351,2021-10-06 15:00:00+00:00,0.0,0.0,uppsala,5f9fe38afd517828962fde29
21352,2021-10-06 16:00:00+00:00,0.0,0.0,uppsala,5f9fe38afd517828962fde29
21353,2021-10-06 17:00:00+00:00,0.0,0.0,uppsala,5f9fe38afd517828962fde29
21354,2021-10-06 18:00:00+00:00,0.0,0.0,uppsala,5f9fe38afd517828962fde29
21355,2021-10-06 19:00:00+00:00,0.0,0.0,uppsala,5f9fe38afd517828962fde29
21356,2021-10-06 20:00:00+00:00,0.0,0.0,uppsala,5f9fe38afd517828962fde29
21357,2021-10-06 21:00:00+00:00,0.0,0.0,uppsala,5f9fe38afd517828962fde29
21358,2021-10-06 22:00:00+00:00,0.0,0.0,uppsala,5f9fe38afd517828962fde29
21359,2021-10-06 23:00:00+00:00,0.0,0.0,uppsala,5f9fe38afd517828962fde29
21360,2021-10-07 00:00:00+00:00,0.0,0.0,uppsala,5f9fe38afd517828962fde29
21361,2021-10-07 01:00:00+00:00,0.0,0.0,uppsala,5f9fe38afd517828962fde29
21362,2021-10-07 02:00:00+00:00,0.0,0.0,uppsala,5f9fe38afd517828962fde29
21363,2021-10-07 03:00:00+00:00,0.0,0.0,uppsala,5f9fe38afd517828962fde29
21364,2021-10-07 04:00:00+00:00,0.0,0.0,uppsala,5f9fe38afd517828962fde29
21365,2021-10-07 05:00:00+00:00,0.0,0.2,uppsala,5f9fe38afd517828962fde29
21366,2021-10-07 06:00:00+00:00,3.2,0.77,uppsala,5f9fe38afd517828962fde29
21367,2021-10-07 07:00:00+00:00,2.0,1.05,uppsala,5f9fe38afd517828962fde29
21368,2021-10-07 08:00:00+00:00,106.6,2.28,uppsala,5f9fe38afd517828962fde29
21369,2021-10-07 09:00:00+00:00,6.9,2.35,uppsala,5f9fe38afd517828962fde29
21370,2021-10-07 10:00:00+00:00,7.1,5.37,uppsala,5f9fe38afd517828962fde29
21371,2021-10-07 11:00:00+00:00,14.8,6.68,uppsala,5f9fe38afd517828962fde29
21372,2021-10-07 12:00:00+00:00,5.8,3.51,uppsala,5f9fe38afd517828962fde29
21373,2021-10-07 13:00:00+00:00,4.2,2.88,uppsala,5f9fe38afd517828962fde29
21374,2021-10-07 14:00:00+00:00,345.7,1.26,uppsala,5f9fe38afd517828962fde29
21375,2021-10-07 15:00:00+00:00,29.8,0.55,uppsala,5f9fe38afd517828962fde29
21376,2021-10-07 16:00:00+00:00,0.0,0.0,uppsala,5f9fe38afd517828962fde29
21377,2021-10-07 17:00:00+00:00,0.0,0.0,uppsala,5f9fe38afd517828962fde29
21378,2021-10-07 18:00:00+00:00,0.0,0.0,uppsala,5f9fe38afd517828962fde29
21379,2021-10-07 19:00:00+00:00,0.0,0.0,uppsala,5f9fe38afd517828962fde29
21380,2021-10-07 20:00:00+00:00,0.0,0.0,uppsala,5f9fe38afd517828962fde29
21381,2021-10-07 21:00:00+00:00,0.0,0.0,uppsala,5f9fe38afd517828962fde29
21382,2021-10-07 22:00:00+00:00,0.0,0.0,uppsala,5f9fe38afd517828962fde29
21383,2021-10-07 23:00:00+00:00,0.0,0.0,uppsala,5f9fe38afd517828962fde29
21384,2021-10-08 00:00:00+00:00,0.0,0.0,uppsala,5f9fe38afd517828962fde29
21385,2021-10-08 01:00:00+00:00,0.0,0.0,uppsala,5f9fe38afd517828962fde29
21386,2021-10-08 02:00:00+00:00,0.0,0.0,uppsala,5f9fe38afd517828962fde29
21387,2021-10-08 03:00:00+00:00,0.0,0.0,uppsala,5f9fe38afd517828962fde29
21388,2021-10-08 04:00:00+00:00,0.0,0.0,uppsala,5f9fe38afd517828962fde29
21389,2021-10-08 05:00:00+00:00,0.0,0.6,uppsala,5f9fe38afd517828962fde29
21390,2021-10-08 06:00:00+00:00,143.8,7.42,uppsala,5f9fe38afd517828962fde29
21391,2021-10-08 07:00:00+00:00,103.3,10.05,uppsala,5f9fe38afd517828962fde29
21392,2021-10-08 08:00:00+00:00,313.4,15.24,uppsala,5f9fe38afd517828962fde29
21393,2021-10-08 09:00:00+00:00,506.7,13.28,uppsala,5f9fe38afd517828962fde29
21394,2021-10-08 10:00:00+00:00,655.9,13.77,uppsala,5f9fe38afd517828962fde29
21395,2021-10-08 11:00:00+00:00,462.1,12.5,uppsala,5f9fe38afd517828962fde29
21396,2021-10-08 12:00:00+00:00,508.6,6.9,uppsala,5f9fe38afd517828962fde29
21397,2021-10-08 13:00:00+00:00,167.1,7.25,uppsala,5f9fe38afd517828962fde29
21398,2021-10-08 14:00:00+00:00,39.5,5.45,uppsala,5f9fe38afd517828962fde29
21399,2021-10-08 15:00:00+00:00,0.0,0.46,uppsala,5f9fe38afd517828962fde29
21400,2021-10-08 16:00:00+00:00,0.0,0.0,uppsala,5f9fe38afd517828962fde29
21401,2021-10-08 17:00:00+00:00,0.0,0.0,uppsala,5f9fe38afd517828962fde29
21402,2021-10-08 18:00:00+00:00,0.0,0.0,uppsala,5f9fe38afd517828962fde29
21403,2021-10-08 19:00:00+00:00,0.0,0.0,uppsala,5f9fe38afd517828962fde29
21404,2021-10-08 20:00:00+00:00,0.0,0.0,uppsala,5f9fe38afd517828962fde29
21405,2021-10-08 21:00:00+00:00,0.0,0.0,uppsala,5f9fe38afd517828962fde29
21406,2021-10-08 22:00:00+00:00,0.0,0.0,uppsala,5f9fe38afd517828962fde29
21407,2021-10-08 23:00:00+00:00,0.0,0.0,uppsala,5f9fe38afd517828962fde29
21408,2021-10-09 00:00:00+00:00,0.0,0.0,uppsala,5f9fe38afd517828962fde29
21409,2021-10-09 01:00:00+00:00,0.0,0.0,uppsala,5f9fe38afd517828962fde29
21410,2021-10-09 02:00:00+00:00,0.0,0.0,uppsala,5f9fe38afd517828962fde29
21411,2021-10-09 03:00:00+00:00,0.0,0.0,uppsala,5f9fe38afd517828962fde29
21412,2021-10-09 04:00:00+00:00,0.0,0.0,uppsala,5f9fe38afd517828962fde29
21413,2021-10-09 05:00:00+00:00,0.0,0.0,uppsala,5f9fe38afd517828962fde29
21414,2021-10-09 06:00:00+00:00,0.0,0.22,uppsala,5f9fe38afd517828962fde29
21415,2021-10-09 07:00:00+00:00,0.0,1.36,uppsala,5f9fe38afd517828962fde29
21416,2021-10-09 08:00:00+00:00,1.6,1.38,uppsala,5f9fe38afd517828962fde29
21417,2021-10-09 09:00:00+00:00,3.6,1.91,uppsala,5f9fe38afd517828962fde29
21418,2021-10-09 10:00:00+00:00,4.7,1.62,uppsala,5f9fe38afd517828962fde29
21419,2021-10-09 11:00:00+00:00,4.7,1.25,uppsala,5f9fe38afd517828962fde29
21420,2021-10-09 12:00:00+00:00,3.9,1.08,uppsala,5f9fe38afd517828962fde29
21421,2021-10-09 13:00:00+00:00,2.1,0.35,uppsala,5f9fe38afd517828962fde29
21422,2021-10-09 14:00:00+00:00,1.3,0.09,uppsala,5f9fe38afd517828962fde29
21423,2021-10-09 15:00:00+00:00,0.0,0.0,uppsala,5f9fe38afd517828962fde29
21424,2021-10-09 16:00:00+00:00,0.0,0.0,uppsala,5f9fe38afd517828962fde29
21425,2021-10-09 17:00:00+00:00,0.0,0.0,uppsala,5f9fe38afd517828962fde29
21426,2021-10-09 18:00:00+00:00,0.0,0.0,uppsala,5f9fe38afd517828962fde29
21427,2021-10-09 19:00:00+00:00,0.0,0.0,uppsala,5f9fe38afd517828962fde29
21428,2021-10-09 20:00:00+00:00,0.0,0.0,uppsala,5f9fe38afd517828962fde29
21429,2021-10-09 21:00:00+00:00,0.0,0.0,uppsala,5f9fe38afd517828962fde29
21430,2021-10-09 22:00:00+00:00,0.0,0.0,uppsala,5f9fe38afd517828962fde29
21431,2021-10-09 23:00:00+00:00,0.0,0.0,uppsala,5f9fe38afd517828962fde29
21432,2021-10-10 00:00:00+00:00,0.0,0.0,uppsala,5f9fe38afd517828962fde29
21433,2021-10-10 01:00:00+00:00,0.0,0.0,uppsala,5f9fe38afd517828962fde29
21434,2021-10-10 02:00:00+00:00,0.0,0.0,uppsala,5f9fe38afd517828962fde29
21435,2021-10-10 03:00:00+00:00,0.0,0.0,uppsala,5f9fe38afd517828962fde29
21436,2021-10-10 04:00:00+00:00,0.0,0.0,uppsala,5f9fe38afd517828962fde29
21437,2021-10-10 05:00:00+00:00,0.0,0.0,uppsala,5f9fe38afd517828962fde29
21438,2021-10-10 06:00:00+00:00,0.0,0.14,uppsala,5f9fe38afd517828962fde29
21439,2021-10-10 07:00:00+00:00,26.5,0.91,uppsala,5f9fe38afd517828962fde29
21440,2021-10-10 08:00:00+00:00,4.2,2.43,uppsala,5f9fe38afd517828962fde29
21441,2021-10-10 09:00:00+00:00,5.6,4.22,uppsala,5f9fe38afd517828962fde29
21442,2021-10-10 10:00:00+00:00,29.1,3.34,uppsala,5f9fe38afd517828962fde29
21443,2021-10-10 11:00:00+00:00,6.5,2.96,uppsala,5f9fe38afd517828962fde29
21444,2021-10-10 12:00:00+00:00,70.0,4.62,uppsala,5f9fe38afd517828962fde29
21445,2021-10-10 13:00:00+00:00,84.4,3.61,uppsala,5f9fe38afd517828962fde29
21446,2021-10-10 14:00:00+00:00,84.1,1.16,uppsala,5f9fe38afd517828962fde29
21447,2021-10-10 15:00:00+00:00,47.7,0.11,uppsala,5f9fe38afd517828962fde29
21448,2021-10-10 16:00:00+00:00,0.0,0.0,uppsala,5f9fe38afd517828962fde29
21449,2021-10-10 17:00:00+00:00,0.0,0.0,uppsala,5f9fe38afd517828962fde29
21450,2021-10-10 18:00:00+00:00,0.0,0.0,uppsala,5f9fe38afd517828962fde29
21451,2021-10-10 19:00:00+00:00,0.0,0.0,uppsala,5f9fe38afd517828962fde29
21452,2021-10-10 20:00:00+00:00,0.0,0.0,uppsala,5f9fe38afd517828962fde29
21453,2021-10-10 21:00:00+00:00,0.0,0.0,uppsala,5f9fe38afd517828962fde29
21454,2021-10-10 22:00:00+00:00,0.0,0.0,uppsala,5f9fe38afd517828962fde29
21455,2021-10-10 23:00:00+00:00,0.0,0.0,uppsala,5f9fe38afd517828962fde29
21456,2021-10-11 00:00:00+00:00,0.0,0.0,uppsala,5f9fe38afd517828962fde29
21457,2021-10-11 01:00:00+00:00,0.0,0.0,uppsala,5f9fe38afd517828962fde29
21458,2021-10-11 02:00:00+00:00,0.0,0.0,uppsala,5f9fe38afd517828962fde29
21459,2021-10-11 03:00:00+00:00,0.0,0.0,uppsala,5f9fe38afd517828962fde29
21460,2021-10-11 04:00:00+00:00,0.0,0.0,uppsala,5f9fe38afd517828962fde29
21461,2021-10-11 05:00:00+00:00,0.0,0.0,uppsala,5f9fe38afd517828962fde29
21462,2021-10-11 06:00:00+00:00,0.0,0.11,uppsala,5f9fe38afd517828962fde29
21463,2021-10-11 07:00:00+00:00,19.0,0.44,uppsala,5f9fe38afd517828962fde29
21464,2021-10-11 08:00:00+00:00,17.4,1.67,uppsala,5f9fe38afd517828962fde29
21465,2021-10-11 09:00:00+00:00,15.6,1.02,uppsala,5f9fe38afd517828962fde29
21466,2021-10-11 10:00:00+00:00,77.9,3.08,uppsala,5f9fe38afd517828962fde29
21467,2021-10-11 11:00:00+00:00,153.1,12.05,uppsala,5f9fe38afd517828962fde29
21468,2021-10-11 12:00:00+00:00,427.9,10.57,uppsala,5f9fe38afd517828962fde29
21469,2021-10-11 13:00:00+00:00,342.1,2.17,uppsala,5f9fe38afd517828962fde29
21470,2021-10-11 14:00:00+00:00,77.7,1.17,uppsala,5f9fe38afd517828962fde29
21471,2021-10-11 15:00:00+00:00,54.8,0.3,uppsala,5f9fe38afd517828962fde29
21472,2021-10-11 16:00:00+00:00,0.0,0.0,uppsala,5f9fe38afd517828962fde29
21473,2021-10-11 17:00:00+00:00,0.0,0.0,uppsala,5f9fe38afd517828962fde29
21474,2021-10-11 18:00:00+00:00,0.0,0.0,uppsala,5f9fe38afd517828962fde29
21475,2021-10-11 19:00:00+00:00,0.0,0.0,uppsala,5f9fe38afd517828962fde29
21476,2021-10-11 20:00:00+00:00,0.0,0.0,uppsala,5f9fe38afd517828962fde29
21477,2021-10-11 21:00:00+00:00,0.0,0.0,uppsala,5f9fe38afd517828962fde29
21478,2021-10-11 22:00:00+00:00,0.0,0.0,uppsala,5f9fe38afd517828962fde29
21479,2021-10-11 23:00:00+00:00,0.0,0.0,uppsala,5f9fe38afd517828962fde29
21480,2021-10-12 00:00:00+00:00,0.0,0.0,uppsala,5f9fe38afd517828962fde29
21481,2021-10-12 01:00:00+00:00,0.0,0.0,uppsala,5f9fe38afd517828962fde29
21482,2021-10-12 02:00:00+00:00,0.0,0.0,uppsala,5f9fe38afd517828962fde29
21483,2021-10-12 03:00:00+00:00,0.0,0.0,uppsala,5f9fe38afd517828962fde29
21484,2021-10-12 04:00:00+00:00,0.0,0.0,uppsala,5f9fe38afd517828962fde29
21485,2021-10-12 05:00:00+00:00,0.0,0.08,uppsala,5f9fe38afd517828962fde29
21486,2021-10-12 06:00:00+00:00,56.9,1.19,uppsala,5f9fe38afd517828962fde29
21487,2021-10-12 07:00:00+00:00,3.2,4.64,uppsala,5f9fe38afd517828962fde29
21488,2021-10-12 08:00:00+00:00,547.3,8.61,uppsala,5f9fe38afd517828962fde29
21489,2021-10-12 09:00:00+00:00,245.3,12.54,uppsala,5f9fe38afd517828962fde29
21490,2021-10-12 10:00:00+00:00,812.3,11.42,uppsala,5f9fe38afd517828962fde29
21491,2021-10-12 11:00:00+00:00,303.7,6.1,uppsala,5f9fe38afd517828962fde29
21492,2021-10-12 12:00:00+00:00,162.0,2.82,uppsala,5f9fe38afd517828962fde29
21493,2021-10-12 13:00:00+00:00,5.9,1.73,uppsala,5f9fe38afd517828962fde29
21494,2021-10-12 14:00:00+00:00,1.9,1.68,uppsala,5f9fe38afd517828962fde29
21495,2021-10-12 15:00:00+00:00,28.7,0.08,uppsala,5f9fe38afd517828962fde29
21496,2021-10-12 16:00:00+00:00,0.0,0.0,uppsala,5f9fe38afd517828962fde29
21497,2021-10-12 17:00:00+00:00,0.0,0.0,uppsala,5f9fe38afd517828962fde29
21498,2021-10-12 18:00:00+00:00,0.0,0.0,uppsala,5f9fe38afd517828962fde29
21499,2021-10-12 19:00:00+00:00,0.0,0.0,uppsala,5f9fe38afd517828962fde29
21500,2021-10-12 20:00:00+00:00,0.0,0.0,uppsala,5f9fe38afd517828962fde29
21501,2021-10-12 21:00:00+00:00,0.0,0.0,uppsala,5f9fe38afd517828962fde29
21502,2021-10-12 22:00:00+00:00,0.0,0.0,uppsala,5f9fe38afd517828962fde29
21503,2021-10-12 23:00:00+00:00,0.0,0.0,uppsala,5f9fe38afd517828962fde29
21504,2021-10-13 00:00:00+00:00,0.0,0.0,uppsala,5f9fe38afd517828962fde29
21505,2021-10-13 01:00:00+00:00,0.0,0.0,uppsala,5f9fe38afd517828962fde29
21506,2021-10-13 02:00:00+00:00,0.0,0.0,uppsala,5f9fe38afd517828962fde29
21507,2021-10-13 03:00:00+00:00,0.0,0.0,uppsala,5f9fe38afd517828962fde29
21508,2021-10-13 04:00:00+00:00,0.0,0.0,uppsala,5f9fe38afd517828962fde29
21509,2021-10-13 05:00:00+00:00,0.0,0.93,uppsala,5f9fe38afd517828962fde29
21510,2021-10-13 06:00:00+00:00,364.6,8.19,uppsala,5f9fe38afd517828962fde29
21511,2021-10-13 07:00:00+00:00,627.2,13.16,uppsala,5f9fe38afd517828962fde29
21512,2021-10-13 08:00:00+00:00,752.3,15.07,uppsala,5f9fe38afd517828962fde29
21513,2021-10-13 09:00:00+00:00,809.1,15.05,uppsala,5f9fe38afd517828962fde29
21514,2021-10-13 10:00:00+00:00,836.2,11.46,uppsala,5f9fe38afd517828962fde29
21515,2021-10-13 11:00:00+00:00,823.4,14.91,uppsala,5f9fe38afd517828962fde29
21516,2021-10-13 12:00:00+00:00,810.1,8.92,uppsala,5f9fe38afd517828962fde29
21517,2021-10-13 13:00:00+00:00,698.5,5.48,uppsala,5f9fe38afd517828962fde29
21518,2021-10-13 14:00:00+00:00,647.1,6.06,uppsala,5f9fe38afd517828962fde29
21519,2021-10-13 15:00:00+00:00,406.6,0.91,uppsala,5f9fe38afd517828962fde29
21520,2021-10-13 16:00:00+00:00,0.0,0.0,uppsala,5f9fe38afd517828962fde29
21521,2021-10-13 17:00:00+00:00,0.0,0.0,uppsala,5f9fe38afd517828962fde29
21522,2021-10-13 18:00:00+00:00,0.0,0.0,uppsala,5f9fe38afd517828962fde29
21523,2021-10-13 19:00:00+00:00,0.0,0.0,uppsala,5f9fe38afd517828962fde29
21524,2021-10-13 20:00:00+00:00,0.0,0.0,uppsala,5f9fe38afd517828962fde29
21525,2021-10-13 21:00:00+00:00,0.0,0.0,uppsala,5f9fe38afd517828962fde29
21526,2021-10-13 22:00:00+00:00,0.0,0.0,uppsala,5f9fe38afd517828962fde29
21527,2021-10-13 23:00:00+00:00,0.0,0.0,uppsala,5f9fe38afd517828962fde29
21528,2021-10-14 00:00:00+00:00,0.0,0.0,uppsala,5f9fe38afd517828962fde29
21529,2021-10-14 01:00:00+00:00,0.0,0.0,uppsala,5f9fe38afd517828962fde29
21530,2021-10-14 02:00:00+00:00,0.0,0.0,uppsala,5f9fe38afd517828962fde29
21531,2021-10-14 03:00:00+00:00,0.0,0.0,uppsala,5f9fe38afd517828962fde29
21532,2021-10-14 04:00:00+00:00,0.0,0.0,uppsala,5f9fe38afd517828962fde29
21533,2021-10-14 05:00:00+00:00,0.0,0.0,uppsala,5f9fe38afd517828962fde29
21534,2021-10-14 06:00:00+00:00,0.0,0.24,uppsala,5f9fe38afd517828962fde29
21535,2021-10-14 07:00:00+00:00,0.0,0.75,uppsala,5f9fe38afd517828962fde29
21536,2021-10-14 08:00:00+00:00,6.8,1.46,uppsala,5f9fe38afd517828962fde29
21537,2021-10-14 09:00:00+00:00,6.2,2.94,uppsala,5f9fe38afd517828962fde29
21538,2021-10-14 10:00:00+00:00,5.7,1.49,uppsala,5f9fe38afd517828962fde29
21539,2021-10-14 11:00:00+00:00,5.6,1.18,uppsala,5f9fe38afd517828962fde29
21540,2021-10-14 12:00:00+00:00,4.7,1.55,uppsala,5f9fe38afd517828962fde29
21541,2021-10-14 13:00:00+00:00,4.2,0.81,uppsala,5f9fe38afd517828962fde29
21542,2021-10-14 14:00:00+00:00,0.0,0.11,uppsala,5f9fe38afd517828962fde29
21543,2021-10-14 15:00:00+00:00,0.0,0.0,uppsala,5f9fe38afd517828962fde29
21544,2021-10-14 16:00:00+00:00,0.0,0.0,uppsala,5f9fe38afd517828962fde29
21545,2021-10-14 17:00:00+00:00,0.0,0.0,uppsala,5f9fe38afd517828962fde29
21546,2021-10-14 18:00:00+00:00,0.0,0.0,uppsala,5f9fe38afd517828962fde29
21547,2021-10-14 19:00:00+00:00,0.0,0.0,uppsala,5f9fe38afd517828962fde29
21548,2021-10-14 20:00:00+00:00,0.0,0.0,uppsala,5f9fe38afd517828962fde29
21549,2021-10-14 21:00:00+00:00,0.0,0.0,uppsala,5f9fe38afd517828962fde29
21550,2021-10-14 22:00:00+00:00,0.0,0.0,uppsala,5f9fe38afd517828962fde29
21551,2021-10-14 23:00:00+00:00,0.0,0.0,uppsala,5f9fe38afd517828962fde29
21552,2021-10-15 00:00:00+00:00,0.0,0.0,uppsala,5f9fe38afd517828962fde29
21553,2021-10-15 01:00:00+00:00,0.0,0.0,uppsala,5f9fe38afd517828962fde29
21554,2021-10-15 02:00:00+00:00,0.0,0.0,uppsala,5f9fe38afd517828962fde29
21555,2021-10-15 03:00:00+00:00,0.0,0.0,uppsala,5f9fe38afd517828962fde29
21556,2021-10-15 04:00:00+00:00,0.0,0.0,uppsala,5f9fe38afd517828962fde29
21557,2021-10-15 05:00:00+00:00,0.0,0.0,uppsala,5f9fe38afd517828962fde29
21558,2021-10-15 06:00:00+00:00,0.0,0.18,uppsala,5f9fe38afd517828962fde29
21559,2021-10-15 07:00:00+00:00,6.4,0.45,uppsala,5f9fe38afd517828962fde29
21560,2021-10-15 08:00:00+00:00,42.0,6.86,uppsala,5f9fe38afd517828962fde29
21561,2021-10-15 09:00:00+00:00,60.6,6.56,uppsala,5f9fe38afd517828962fde29
21562,2021-10-15 10:00:00+00:00,38.0,2.34,uppsala,5f9fe38afd517828962fde29
21563,2021-10-15 11:00:00+00:00,8.3,5.92,uppsala,5f9fe38afd517828962fde29
21564,2021-10-15 12:00:00+00:00,225.4,4.94,uppsala,5f9fe38afd517828962fde29
21565,2021-10-15 13:00:00+00:00,12.6,1.31,uppsala,5f9fe38afd517828962fde29
21566,2021-10-15 14:00:00+00:00,1.7000000000000002,0.69,uppsala,5f9fe38afd517828962fde29
21567,2021-10-15 15:00:00+00:00,400.7,0.2,uppsala,5f9fe38afd517828962fde29
21568,2021-10-15 16:00:00+00:00,0.0,0.0,uppsala,5f9fe38afd517828962fde29
21569,2021-10-15 17:00:00+00:00,0.0,0.0,uppsala,5f9fe38afd517828962fde29
21570,2021-10-15 18:00:00+00:00,0.0,0.0,uppsala,5f9fe38afd517828962fde29
21571,2021-10-15 19:00:00+00:00,0.0,0.0,uppsala,5f9fe38afd517828962fde29
21572,2021-10-15 20:00:00+00:00,0.0,0.0,uppsala,5f9fe38afd517828962fde29
21573,2021-10-15 21:00:00+00:00,0.0,0.0,uppsala,5f9fe38afd517828962fde29
21574,2021-10-15 22:00:00+00:00,0.0,0.0,uppsala,5f9fe38afd517828962fde29
21575,2021-10-15 23:00:00+00:00,0.0,0.0,uppsala,5f9fe38afd517828962fde29
21576,2021-10-16 00:00:00+00:00,0.0,0.0,uppsala,5f9fe38afd517828962fde29
21577,2021-10-16 01:00:00+00:00,0.0,0.0,uppsala,5f9fe38afd517828962fde29
21578,2021-10-16 02:00:00+00:00,0.0,0.0,uppsala,5f9fe38afd517828962fde29
21579,2021-10-16 03:00:00+00:00,0.0,0.0,uppsala,5f9fe38afd517828962fde29
21580,2021-10-16 04:00:00+00:00,0.0,0.0,uppsala,5f9fe38afd517828962fde29
21581,2021-10-16 05:00:00+00:00,0.0,0.36,uppsala,5f9fe38afd517828962fde29
21582,2021-10-16 06:00:00+00:00,290.8,7.17,uppsala,5f9fe38afd517828962fde29
21583,2021-10-16 07:00:00+00:00,618.4,12.75,uppsala,5f9fe38afd517828962fde29
21584,2021-10-16 08:00:00+00:00,755.1,14.75,uppsala,5f9fe38afd517828962fde29
21585,2021-10-16 09:00:00+00:00,822.3,14.55,uppsala,5f9fe38afd517828962fde29
21586,2021-10-16 10:00:00+00:00,850.5,13.62,uppsala,5f9fe38afd517828962fde29
21587,2021-10-16 11:00:00+00:00,850.4,14.9,uppsala,5f9fe38afd517828962fde29
21588,2021-10-16 12:00:00+00:00,825.4,14.84,uppsala,5f9fe38afd517828962fde29
21589,2021-10-16 13:00:00+00:00,768.2,10.11,uppsala,5f9fe38afd517828962fde29
21590,2021-10-16 14:00:00+00:00,652.0,5.74,uppsala,5f9fe38afd517828962fde29
21591,2021-10-16 15:00:00+00:00,409.2,0.09,uppsala,5f9fe38afd517828962fde29
21592,2021-10-16 16:00:00+00:00,0.0,0.0,uppsala,5f9fe38afd517828962fde29
21593,2021-10-16 17:00:00+00:00,0.0,0.0,uppsala,5f9fe38afd517828962fde29
21594,2021-10-16 18:00:00+00:00,0.0,0.0,uppsala,5f9fe38afd517828962fde29
21595,2021-10-16 19:00:00+00:00,0.0,0.0,uppsala,5f9fe38afd517828962fde29
21596,2021-10-16 20:00:00+00:00,0.0,0.0,uppsala,5f9fe38afd517828962fde29
21597,2021-10-16 21:00:00+00:00,0.0,0.0,uppsala,5f9fe38afd517828962fde29
21598,2021-10-16 22:00:00+00:00,0.0,0.0,uppsala,5f9fe38afd517828962fde29
21599,2021-10-16 23:00:00+00:00,0.0,0.0,uppsala,5f9fe38afd517828962fde29
21600,2021-10-17 00:00:00+00:00,0.0,0.0,uppsala,5f9fe38afd517828962fde29
21601,2021-10-17 01:00:00+00:00,0.0,0.0,uppsala,5f9fe38afd517828962fde29
21602,2021-10-17 02:00:00+00:00,0.0,0.0,uppsala,5f9fe38afd517828962fde29
21603,2021-10-17 03:00:00+00:00,0.0,0.0,uppsala,5f9fe38afd517828962fde29
21604,2021-10-17 04:00:00+00:00,0.0,0.0,uppsala,5f9fe38afd517828962fde29
21605,2021-10-17 05:00:00+00:00,0.0,0.41,uppsala,5f9fe38afd517828962fde29
21606,2021-10-17 06:00:00+00:00,284.7,7.81,uppsala,5f9fe38afd517828962fde29
21607,2021-10-17 07:00:00+00:00,630.9,12.77,uppsala,5f9fe38afd517828962fde29
21608,2021-10-17 08:00:00+00:00,769.6,14.55,uppsala,5f9fe38afd517828962fde29
21609,2021-10-17 09:00:00+00:00,833.8,14.31,uppsala,5f9fe38afd517828962fde29
21610,2021-10-17 10:00:00+00:00,863.4,13.55,uppsala,5f9fe38afd517828962fde29
21611,2021-10-17 11:00:00+00:00,864.4,14.84,uppsala,5f9fe38afd517828962fde29
21612,2021-10-17 12:00:00+00:00,850.2,14.79,uppsala,5f9fe38afd517828962fde29
21613,2021-10-17 13:00:00+00:00,782.8,12.43,uppsala,5f9fe38afd517828962fde29
21614,2021-10-17 14:00:00+00:00,659.3,7.95,uppsala,5f9fe38afd517828962fde29
21615,2021-10-17 15:00:00+00:00,368.1,1.26,uppsala,5f9fe38afd517828962fde29
21616,2021-10-17 16:00:00+00:00,0.0,0.0,uppsala,5f9fe38afd517828962fde29
21617,2021-10-17 17:00:00+00:00,0.0,0.0,uppsala,5f9fe38afd517828962fde29
21618,2021-10-17 18:00:00+00:00,0.0,0.0,uppsala,5f9fe38afd517828962fde29
21619,2021-10-17 19:00:00+00:00,0.0,0.0,uppsala,5f9fe38afd517828962fde29
21620,2021-10-17 20:00:00+00:00,0.0,0.0,uppsala,5f9fe38afd517828962fde29
21621,2021-10-17 21:00:00+00:00,0.0,0.0,uppsala,5f9fe38afd517828962fde29
21622,2021-10-17 22:00:00+00:00,0.0,0.0,uppsala,5f9fe38afd517828962fde29
21623,2021-10-17 23:00:00+00:00,0.0,0.0,uppsala,5f9fe38afd517828962fde29
21624,2021-10-18 00:00:00+00:00,0.0,0.0,uppsala,5f9fe38afd517828962fde29
21625,2021-10-18 01:00:00+00:00,0.0,0.0,uppsala,5f9fe38afd517828962fde29
21626,2021-10-18 02:00:00+00:00,0.0,0.0,uppsala,5f9fe38afd517828962fde29
21627,2021-10-18 03:00:00+00:00,0.0,0.0,uppsala,5f9fe38afd517828962fde29
21628,2021-10-18 04:00:00+00:00,0.0,0.0,uppsala,5f9fe38afd517828962fde29
21629,2021-10-18 05:00:00+00:00,0.0,0.46,uppsala,5f9fe38afd517828962fde29
21630,2021-10-18 06:00:00+00:00,269.6,6.75,uppsala,5f9fe38afd517828962fde29
21631,2021-10-18 07:00:00+00:00,621.8,12.23,uppsala,5f9fe38afd517828962fde29
21632,2021-10-18 08:00:00+00:00,763.3,14.23,uppsala,5f9fe38afd517828962fde29
21633,2021-10-18 09:00:00+00:00,837.0,14.08,uppsala,5f9fe38afd517828962fde29
21634,2021-10-18 10:00:00+00:00,863.1,13.26,uppsala,5f9fe38afd517828962fde29
21635,2021-10-18 11:00:00+00:00,863.1,14.53,uppsala,5f9fe38afd517828962fde29
21636,2021-10-18 12:00:00+00:00,833.3,14.28,uppsala,5f9fe38afd517828962fde29
21637,2021-10-18 13:00:00+00:00,774.1,10.39,uppsala,5f9fe38afd517828962fde29
21638,2021-10-18 14:00:00+00:00,649.0,4.78,uppsala,5f9fe38afd517828962fde29
21639,2021-10-18 15:00:00+00:00,345.0,0.59,uppsala,5f9fe38afd517828962fde29
21640,2021-10-18 16:00:00+00:00,0.0,0.0,uppsala,5f9fe38afd517828962fde29
21641,2021-10-18 17:00:00+00:00,0.0,0.0,uppsala,5f9fe38afd517828962fde29
21642,2021-10-18 18:00:00+00:00,0.0,0.0,uppsala,5f9fe38afd517828962fde29
21643,2021-10-18 19:00:00+00:00,0.0,0.0,uppsala,5f9fe38afd517828962fde29
21644,2021-10-18 20:00:00+00:00,0.0,0.0,uppsala,5f9fe38afd517828962fde29
21645,2021-10-18 21:00:00+00:00,0.0,0.0,uppsala,5f9fe38afd517828962fde29
21646,2021-10-18 22:00:00+00:00,0.0,0.0,uppsala,5f9fe38afd517828962fde29
21647,2021-10-18 23:00:00+00:00,0.0,0.0,uppsala,5f9fe38afd517828962fde29
21648,2021-10-19 00:00:00+00:00,0.0,0.0,uppsala,5f9fe38afd517828962fde29
21649,2021-10-19 01:00:00+00:00,0.0,0.0,uppsala,5f9fe38afd517828962fde29
21650,2021-10-19 02:00:00+00:00,0.0,0.0,uppsala,5f9fe38afd517828962fde29
21651,2021-10-19 03:00:00+00:00,0.0,0.0,uppsala,5f9fe38afd517828962fde29
21652,2021-10-19 04:00:00+00:00,0.0,0.0,uppsala,5f9fe38afd517828962fde29
21653,2021-10-19 05:00:00+00:00,0.0,0.03,uppsala,5f9fe38afd517828962fde29
21654,2021-10-19 06:00:00+00:00,0.0,0.52,uppsala,5f9fe38afd517828962fde29
21655,2021-10-19 07:00:00+00:00,0.0,1.72,uppsala,5f9fe38afd517828962fde29
21656,2021-10-19 08:00:00+00:00,4.3,3.22,uppsala,5f9fe38afd517828962fde29
21657,2021-10-19 09:00:00+00:00,6.7,2.42,uppsala,5f9fe38afd517828962fde29
21658,2021-10-19 10:00:00+00:00,49.8,1.43,uppsala,5f9fe38afd517828962fde29
21659,2021-10-19 11:00:00+00:00,17.9,1.49,uppsala,5f9fe38afd517828962fde29
21660,2021-10-19 12:00:00+00:00,94.4,0.6,uppsala,5f9fe38afd517828962fde29
21661,2021-10-19 13:00:00+00:00,3.2,0.41,uppsala,5f9fe38afd517828962fde29
21662,2021-10-19 14:00:00+00:00,0.0,0.0,uppsala,5f9fe38afd517828962fde29
21663,2021-10-19 15:00:00+00:00,0.0,0.0,uppsala,5f9fe38afd517828962fde29
21664,2021-10-19 16:00:00+00:00,0.0,0.0,uppsala,5f9fe38afd517828962fde29
21665,2021-10-19 17:00:00+00:00,0.0,0.0,uppsala,5f9fe38afd517828962fde29
21666,2021-10-19 18:00:00+00:00,0.0,0.0,uppsala,5f9fe38afd517828962fde29
21667,2021-10-19 19:00:00+00:00,0.0,0.0,uppsala,5f9fe38afd517828962fde29
21668,2021-10-19 20:00:00+00:00,0.0,0.0,uppsala,5f9fe38afd517828962fde29
21669,2021-10-19 21:00:00+00:00,0.0,0.0,uppsala,5f9fe38afd517828962fde29
21670,2021-10-19 22:00:00+00:00,0.0,0.0,uppsala,5f9fe38afd517828962fde29
21671,2021-10-19 23:00:00+00:00,0.0,0.0,uppsala,5f9fe38afd517828962fde29
21672,2021-10-20 00:00:00+00:00,0.0,0.0,uppsala,5f9fe38afd517828962fde29
21673,2021-10-20 01:00:00+00:00,0.0,0.0,uppsala,5f9fe38afd517828962fde29
21674,2021-10-20 02:00:00+00:00,0.0,0.0,uppsala,5f9fe38afd517828962fde29
21675,2021-10-20 03:00:00+00:00,0.0,0.0,uppsala,5f9fe38afd517828962fde29
21676,2021-10-20 04:00:00+00:00,0.0,0.0,uppsala,5f9fe38afd517828962fde29
21677,2021-10-20 05:00:00+00:00,0.0,0.0,uppsala,5f9fe38afd517828962fde29
21678,2021-10-20 06:00:00+00:00,0.0,0.01,uppsala,5f9fe38afd517828962fde29
21679,2021-10-20 07:00:00+00:00,0.0,0.11,uppsala,5f9fe38afd517828962fde29
21680,2021-10-20 08:00:00+00:00,0.6000000000000001,0.62,uppsala,5f9fe38afd517828962fde29
21681,2021-10-20 09:00:00+00:00,3.1,0.75,uppsala,5f9fe38afd517828962fde29
21682,2021-10-20 10:00:00+00:00,4.8,1.25,uppsala,5f9fe38afd517828962fde29
21683,2021-10-20 11:00:00+00:00,4.9,1.1,uppsala,5f9fe38afd517828962fde29
21684,2021-10-20 12:00:00+00:00,6.7,1.34,uppsala,5f9fe38afd517828962fde29
21685,2021-10-20 13:00:00+00:00,1.3,0.43,uppsala,5f9fe38afd517828962fde29
21686,2021-10-20 14:00:00+00:00,0.0,0.14,uppsala,5f9fe38afd517828962fde29
21687,2021-10-20 15:00:00+00:00,14.2,0.0,uppsala,5f9fe38afd517828962fde29
21688,2021-10-20 16:00:00+00:00,0.0,0.0,uppsala,5f9fe38afd517828962fde29
21689,2021-10-20 17:00:00+00:00,0.0,0.0,uppsala,5f9fe38afd517828962fde29
21690,2021-10-20 18:00:00+00:00,0.0,0.0,uppsala,5f9fe38afd517828962fde29
21691,2021-10-20 19:00:00+00:00,0.0,0.0,uppsala,5f9fe38afd517828962fde29
21692,2021-10-20 20:00:00+00:00,0.0,0.0,uppsala,5f9fe38afd517828962fde29
21693,2021-10-20 21:00:00+00:00,0.0,0.0,uppsala,5f9fe38afd517828962fde29
21694,2021-10-20 22:00:00+00:00,0.0,0.0,uppsala,5f9fe38afd517828962fde29
21695,2021-10-20 23:00:00+00:00,0.0,0.0,uppsala,5f9fe38afd517828962fde29
21696,2021-10-21 00:00:00+00:00,0.0,0.0,uppsala,5f9fe38afd517828962fde29
21697,2021-10-21 01:00:00+00:00,0.0,0.0,uppsala,5f9fe38afd517828962fde29
21698,2021-10-21 02:00:00+00:00,0.0,0.0,uppsala,5f9fe38afd517828962fde29
21699,2021-10-21 03:00:00+00:00,0.0,0.0,uppsala,5f9fe38afd517828962fde29
21700,2021-10-21 04:00:00+00:00,0.0,0.0,uppsala,5f9fe38afd517828962fde29
21701,2021-10-21 05:00:00+00:00,0.0,0.04,uppsala,5f9fe38afd517828962fde29
21702,2021-10-21 06:00:00+00:00,34.6,3.41,uppsala,5f9fe38afd517828962fde29
21703,2021-10-21 07:00:00+00:00,514.3,8.3,uppsala,5f9fe38afd517828962fde29
21704,2021-10-21 08:00:00+00:00,672.7,8.33,uppsala,5f9fe38afd517828962fde29
21705,2021-10-21 09:00:00+00:00,67.8,7.93,uppsala,5f9fe38afd517828962fde29
21706,2021-10-21 10:00:00+00:00,149.8,2.55,uppsala,5f9fe38afd517828962fde29
21707,2021-10-21 11:00:00+00:00,58.7,1.94,uppsala,5f9fe38afd517828962fde29
21708,2021-10-21 12:00:00+00:00,5.0,0.43,uppsala,5f9fe38afd517828962fde29
21709,2021-10-21 13:00:00+00:00,2.6,0.06,uppsala,5f9fe38afd517828962fde29
21710,2021-10-21 14:00:00+00:00,0.0,0.0,uppsala,5f9fe38afd517828962fde29
21711,2021-10-21 15:00:00+00:00,0.0,0.0,uppsala,5f9fe38afd517828962fde29
21712,2021-10-21 16:00:00+00:00,0.0,0.0,uppsala,5f9fe38afd517828962fde29
21713,2021-10-21 17:00:00+00:00,0.0,0.0,uppsala,5f9fe38afd517828962fde29
21714,2021-10-21 18:00:00+00:00,0.0,0.0,uppsala,5f9fe38afd517828962fde29
21715,2021-10-21 19:00:00+00:00,0.0,0.0,uppsala,5f9fe38afd517828962fde29
21716,2021-10-21 20:00:00+00:00,0.0,0.0,uppsala,5f9fe38afd517828962fde29
21717,2021-10-21 21:00:00+00:00,0.0,0.0,uppsala,5f9fe38afd517828962fde29
21718,2021-10-21 22:00:00+00:00,0.0,0.0,uppsala,5f9fe38afd517828962fde29
21719,2021-10-21 23:00:00+00:00,0.0,0.0,uppsala,5f9fe38afd517828962fde29
21720,2021-10-22 00:00:00+00:00,0.0,0.0,uppsala,5f9fe38afd517828962fde29
21721,2021-10-22 01:00:00+00:00,0.0,0.0,uppsala,5f9fe38afd517828962fde29
21722,2021-10-22 02:00:00+00:00,0.0,0.0,uppsala,5f9fe38afd517828962fde29
21723,2021-10-22 03:00:00+00:00,0.0,0.0,uppsala,5f9fe38afd517828962fde29
21724,2021-10-22 04:00:00+00:00,0.0,0.0,uppsala,5f9fe38afd517828962fde29
21725,2021-10-22 05:00:00+00:00,0.0,0.0,uppsala,5f9fe38afd517828962fde29
21726,2021-10-22 06:00:00+00:00,20.2,0.79,uppsala,5f9fe38afd517828962fde29
21727,2021-10-22 07:00:00+00:00,408.7,11.04,uppsala,5f9fe38afd517828962fde29
21728,2021-10-22 08:00:00+00:00,713.1,13.74,uppsala,5f9fe38afd517828962fde29
21729,2021-10-22 09:00:00+00:00,789.6,13.83,uppsala,5f9fe38afd517828962fde29
21730,2021-10-22 10:00:00+00:00,823.0,13.02,uppsala,5f9fe38afd517828962fde29
21731,2021-10-22 11:00:00+00:00,822.3,14.44,uppsala,5f9fe38afd517828962fde29
21732,2021-10-22 12:00:00+00:00,797.7,14.11,uppsala,5f9fe38afd517828962fde29
21733,2021-10-22 13:00:00+00:00,722.7,11.8,uppsala,5f9fe38afd517828962fde29
21734,2021-10-22 14:00:00+00:00,567.5,5.32,uppsala,5f9fe38afd517828962fde29
21735,2021-10-22 15:00:00+00:00,165.1,0.07,uppsala,5f9fe38afd517828962fde29
21736,2021-10-22 16:00:00+00:00,0.0,0.0,uppsala,5f9fe38afd517828962fde29
21737,2021-10-22 17:00:00+00:00,0.0,0.0,uppsala,5f9fe38afd517828962fde29
21738,2021-10-22 18:00:00+00:00,0.0,0.0,uppsala,5f9fe38afd517828962fde29
21739,2021-10-22 19:00:00+00:00,0.0,0.0,uppsala,5f9fe38afd517828962fde29
21740,2021-10-22 20:00:00+00:00,0.0,0.0,uppsala,5f9fe38afd517828962fde29
21741,2021-10-22 21:00:00+00:00,0.0,0.0,uppsala,5f9fe38afd517828962fde29
21742,2021-10-22 22:00:00+00:00,0.0,0.0,uppsala,5f9fe38afd517828962fde29
21743,2021-10-22 23:00:00+00:00,0.0,0.0,uppsala,5f9fe38afd517828962fde29
21744,2021-10-23 00:00:00+00:00,0.0,0.0,uppsala,5f9fe38afd517828962fde29
21745,2021-10-23 01:00:00+00:00,0.0,0.0,uppsala,5f9fe38afd517828962fde29
21746,2021-10-23 02:00:00+00:00,0.0,0.0,uppsala,5f9fe38afd517828962fde29
21747,2021-10-23 03:00:00+00:00,0.0,0.0,uppsala,5f9fe38afd517828962fde29
21748,2021-10-23 04:00:00+00:00,0.0,0.0,uppsala,5f9fe38afd517828962fde29
21749,2021-10-23 05:00:00+00:00,0.0,0.0,uppsala,5f9fe38afd517828962fde29
21750,2021-10-23 06:00:00+00:00,101.7,4.73,uppsala,5f9fe38afd517828962fde29
21751,2021-10-23 07:00:00+00:00,551.0,11.21,uppsala,5f9fe38afd517828962fde29
21752,2021-10-23 08:00:00+00:00,717.0,11.61,uppsala,5f9fe38afd517828962fde29
21753,2021-10-23 09:00:00+00:00,796.5,11.26,uppsala,5f9fe38afd517828962fde29
21754,2021-10-23 10:00:00+00:00,827.9,8.6,uppsala,5f9fe38afd517828962fde29
21755,2021-10-23 11:00:00+00:00,761.9,10.3,uppsala,5f9fe38afd517828962fde29
21756,2021-10-23 12:00:00+00:00,334.9,13.67,uppsala,5f9fe38afd517828962fde29
21757,2021-10-23 13:00:00+00:00,739.9,11.53,uppsala,5f9fe38afd517828962fde29
21758,2021-10-23 14:00:00+00:00,617.0,6.4,uppsala,5f9fe38afd517828962fde29
21759,2021-10-23 15:00:00+00:00,243.4,0.07,uppsala,5f9fe38afd517828962fde29
21760,2021-10-23 16:00:00+00:00,0.0,0.0,uppsala,5f9fe38afd517828962fde29
21761,2021-10-23 17:00:00+00:00,0.0,0.0,uppsala,5f9fe38afd517828962fde29
21762,2021-10-23 18:00:00+00:00,0.0,0.0,uppsala,5f9fe38afd517828962fde29
21763,2021-10-23 19:00:00+00:00,0.0,0.0,uppsala,5f9fe38afd517828962fde29
21764,2021-10-23 20:00:00+00:00,0.0,0.0,uppsala,5f9fe38afd517828962fde29
21765,2021-10-23 21:00:00+00:00,0.0,0.0,uppsala,5f9fe38afd517828962fde29
21766,2021-10-23 22:00:00+00:00,0.0,0.0,uppsala,5f9fe38afd517828962fde29
21767,2021-10-23 23:00:00+00:00,0.0,0.0,uppsala,5f9fe38afd517828962fde29
21768,2021-10-24 00:00:00+00:00,0.0,0.0,uppsala,5f9fe38afd517828962fde29
21769,2021-10-24 01:00:00+00:00,0.0,0.0,uppsala,5f9fe38afd517828962fde29
21770,2021-10-24 02:00:00+00:00,0.0,0.0,uppsala,5f9fe38afd517828962fde29
21771,2021-10-24 03:00:00+00:00,0.0,0.0,uppsala,5f9fe38afd517828962fde29
21772,2021-10-24 04:00:00+00:00,0.0,0.0,uppsala,5f9fe38afd517828962fde29
21773,2021-10-24 05:00:00+00:00,0.0,0.0,uppsala,5f9fe38afd517828962fde29
21774,2021-10-24 06:00:00+00:00,0.0,0.04,uppsala,5f9fe38afd517828962fde29
21775,2021-10-24 07:00:00+00:00,11.6,0.18,uppsala,5f9fe38afd517828962fde29
21776,2021-10-24 08:00:00+00:00,1.9,0.65,uppsala,5f9fe38afd517828962fde29
21777,2021-10-24 09:00:00+00:00,7.6,2.63,uppsala,5f9fe38afd517828962fde29
21778,2021-10-24 10:00:00+00:00,32.0,1.76,uppsala,5f9fe38afd517828962fde29
21779,2021-10-24 11:00:00+00:00,12.0,1.9,uppsala,5f9fe38afd517828962fde29
21780,2021-10-24 12:00:00+00:00,4.2,1.79,uppsala,5f9fe38afd517828962fde29
21781,2021-10-24 13:00:00+00:00,1.5,1.38,uppsala,5f9fe38afd517828962fde29
21782,2021-10-24 14:00:00+00:00,1.1,0.24,uppsala,5f9fe38afd517828962fde29
21783,2021-10-24 15:00:00+00:00,0.0,0.0,uppsala,5f9fe38afd517828962fde29
21784,2021-10-24 16:00:00+00:00,0.0,0.0,uppsala,5f9fe38afd517828962fde29
21785,2021-10-24 17:00:00+00:00,0.0,0.0,uppsala,5f9fe38afd517828962fde29
21786,2021-10-24 18:00:00+00:00,0.0,0.0,uppsala,5f9fe38afd517828962fde29
21787,2021-10-24 19:00:00+00:00,0.0,0.0,uppsala,5f9fe38afd517828962fde29
21788,2021-10-24 20:00:00+00:00,0.0,0.0,uppsala,5f9fe38afd517828962fde29
21789,2021-10-24 21:00:00+00:00,0.0,0.0,uppsala,5f9fe38afd517828962fde29
21790,2021-10-24 22:00:00+00:00,0.0,0.0,uppsala,5f9fe38afd517828962fde29
21791,2021-10-24 23:00:00+00:00,0.0,0.0,uppsala,5f9fe38afd517828962fde29
21792,2021-10-25 00:00:00+00:00,0.0,0.0,uppsala,5f9fe38afd517828962fde29
21793,2021-10-25 01:00:00+00:00,0.0,0.0,uppsala,5f9fe38afd517828962fde29
21794,2021-10-25 02:00:00+00:00,0.0,0.0,uppsala,5f9fe38afd517828962fde29
21795,2021-10-25 03:00:00+00:00,0.0,0.0,uppsala,5f9fe38afd517828962fde29
21796,2021-10-25 04:00:00+00:00,0.0,0.0,uppsala,5f9fe38afd517828962fde29
21797,2021-10-25 05:00:00+00:00,0.0,0.0,uppsala,5f9fe38afd517828962fde29
21798,2021-10-25 06:00:00+00:00,0.0,2.88,uppsala,5f9fe38afd517828962fde29
21799,2021-10-25 07:00:00+00:00,76.1,10.48,uppsala,5f9fe38afd517828962fde29
21800,2021-10-25 08:00:00+00:00,546.0,12.57,uppsala,5f9fe38afd517828962fde29
21801,2021-10-25 09:00:00+00:00,662.4,12.44,uppsala,5f9fe38afd517828962fde29
21802,2021-10-25 10:00:00+00:00,539.9,8.32,uppsala,5f9fe38afd517828962fde29
21803,2021-10-25 11:00:00+00:00,12.0,2.43,uppsala,5f9fe38afd517828962fde29
21804,2021-10-25 12:00:00+00:00,6.0,1.73,uppsala,5f9fe38afd517828962fde29
21805,2021-10-25 13:00:00+00:00,1.2,3.25,uppsala,5f9fe38afd517828962fde29
21806,2021-10-25 14:00:00+00:00,0.0,0.23,uppsala,5f9fe38afd517828962fde29
21807,2021-10-25 15:00:00+00:00,0.0,0.0,uppsala,5f9fe38afd517828962fde29
21808,2021-10-25 16:00:00+00:00,0.0,0.0,uppsala,5f9fe38afd517828962fde29
21809,2021-10-25 17:00:00+00:00,0.0,0.0,uppsala,5f9fe38afd517828962fde29
21810,2021-10-25 18:00:00+00:00,0.0,0.0,uppsala,5f9fe38afd517828962fde29
21811,2021-10-25 19:00:00+00:00,0.0,0.0,uppsala,5f9fe38afd517828962fde29
21812,2021-10-25 20:00:00+00:00,0.0,0.0,uppsala,5f9fe38afd517828962fde29
21813,2021-10-25 21:00:00+00:00,0.0,0.0,uppsala,5f9fe38afd517828962fde29
21814,2021-10-25 22:00:00+00:00,0.0,0.0,uppsala,5f9fe38afd517828962fde29
21815,2021-10-25 23:00:00+00:00,0.0,0.0,uppsala,5f9fe38afd517828962fde29
21816,2021-10-26 00:00:00+00:00,0.0,0.0,uppsala,5f9fe38afd517828962fde29
21817,2021-10-26 01:00:00+00:00,0.0,0.0,uppsala,5f9fe38afd517828962fde29
21818,2021-10-26 02:00:00+00:00,0.0,0.0,uppsala,5f9fe38afd517828962fde29
21819,2021-10-26 03:00:00+00:00,0.0,0.0,uppsala,5f9fe38afd517828962fde29
21820,2021-10-26 04:00:00+00:00,0.0,0.0,uppsala,5f9fe38afd517828962fde29
21821,2021-10-26 05:00:00+00:00,0.0,0.0,uppsala,5f9fe38afd517828962fde29
21822,2021-10-26 06:00:00+00:00,0.0,0.04,uppsala,5f9fe38afd517828962fde29
21823,2021-10-26 07:00:00+00:00,0.0,1.24,uppsala,5f9fe38afd517828962fde29
21824,2021-10-26 08:00:00+00:00,1.0,2.06,uppsala,5f9fe38afd517828962fde29
21825,2021-10-26 09:00:00+00:00,4.5,5.92,uppsala,5f9fe38afd517828962fde29
21826,2021-10-26 10:00:00+00:00,250.1,5.1,uppsala,5f9fe38afd517828962fde29
21827,2021-10-26 11:00:00+00:00,261.4,1.71,uppsala,5f9fe38afd517828962fde29
21828,2021-10-26 12:00:00+00:00,22.2,2.36,uppsala,5f9fe38afd517828962fde29
21829,2021-10-26 13:00:00+00:00,4.5,3.51,uppsala,5f9fe38afd517828962fde29
21830,2021-10-26 14:00:00+00:00,454.8,1.53,uppsala,5f9fe38afd517828962fde29
21831,2021-10-26 15:00:00+00:00,59.0,0.0,uppsala,5f9fe38afd517828962fde29
21832,2021-10-26 16:00:00+00:00,0.0,0.0,uppsala,5f9fe38afd517828962fde29
21833,2021-10-26 17:00:00+00:00,0.0,0.0,uppsala,5f9fe38afd517828962fde29
21834,2021-10-26 18:00:00+00:00,0.0,0.0,uppsala,5f9fe38afd517828962fde29
21835,2021-10-26 19:00:00+00:00,0.0,0.0,uppsala,5f9fe38afd517828962fde29
21836,2021-10-26 20:00:00+00:00,0.0,0.0,uppsala,5f9fe38afd517828962fde29
21837,2021-10-26 21:00:00+00:00,0.0,0.0,uppsala,5f9fe38afd517828962fde29
21838,2021-10-26 22:00:00+00:00,0.0,0.0,uppsala,5f9fe38afd517828962fde29
21839,2021-10-26 23:00:00+00:00,0.0,0.0,uppsala,5f9fe38afd517828962fde29
21840,2021-10-27 00:00:00+00:00,0.0,0.0,uppsala,5f9fe38afd517828962fde29
21841,2021-10-27 01:00:00+00:00,0.0,0.0,uppsala,5f9fe38afd517828962fde29
21842,2021-10-27 02:00:00+00:00,0.0,0.0,uppsala,5f9fe38afd517828962fde29
21843,2021-10-27 03:00:00+00:00,0.0,0.0,uppsala,5f9fe38afd517828962fde29
21844,2021-10-27 04:00:00+00:00,0.0,0.0,uppsala,5f9fe38afd517828962fde29
21845,2021-10-27 05:00:00+00:00,0.0,0.0,uppsala,5f9fe38afd517828962fde29
21846,2021-10-27 06:00:00+00:00,0.0,0.0,uppsala,5f9fe38afd517828962fde29
21847,2021-10-27 07:00:00+00:00,0.0,0.0,uppsala,5f9fe38afd517828962fde29
21848,2021-10-27 08:00:00+00:00,0.7000000000000001,0.04,uppsala,5f9fe38afd517828962fde29
21849,2021-10-27 09:00:00+00:00,3.4,0.2,uppsala,5f9fe38afd517828962fde29
21850,2021-10-27 10:00:00+00:00,5.2,0.51,uppsala,5f9fe38afd517828962fde29
21851,2021-10-27 11:00:00+00:00,5.3,0.48,uppsala,5f9fe38afd517828962fde29
21852,2021-10-27 12:00:00+00:00,4.1,0.53,uppsala,5f9fe38afd517828962fde29
21853,2021-10-27 13:00:00+00:00,23.7,4.54,uppsala,5f9fe38afd517828962fde29
21854,2021-10-27 14:00:00+00:00,458.8,2.28,uppsala,5f9fe38afd517828962fde29
21855,2021-10-27 15:00:00+00:00,23.0,0.0,uppsala,5f9fe38afd517828962fde29
21856,2021-10-27 16:00:00+00:00,0.0,0.0,uppsala,5f9fe38afd517828962fde29
21857,2021-10-27 17:00:00+00:00,0.0,0.0,uppsala,5f9fe38afd517828962fde29
21858,2021-10-27 18:00:00+00:00,0.0,0.0,uppsala,5f9fe38afd517828962fde29
21859,2021-10-27 19:00:00+00:00,0.0,0.0,uppsala,5f9fe38afd517828962fde29
21860,2021-10-27 20:00:00+00:00,0.0,0.0,uppsala,5f9fe38afd517828962fde29
21861,2021-10-27 21:00:00+00:00,0.0,0.0,uppsala,5f9fe38afd517828962fde29
21862,2021-10-27 22:00:00+00:00,0.0,0.0,uppsala,5f9fe38afd517828962fde29
21863,2021-10-27 23:00:00+00:00,0.0,0.0,uppsala,5f9fe38afd517828962fde29
21864,2021-10-28 00:00:00+00:00,0.0,0.0,uppsala,5f9fe38afd517828962fde29
21865,2021-10-28 01:00:00+00:00,0.0,0.0,uppsala,5f9fe38afd517828962fde29
21866,2021-10-28 02:00:00+00:00,0.0,0.0,uppsala,5f9fe38afd517828962fde29
21867,2021-10-28 03:00:00+00:00,0.0,0.0,uppsala,5f9fe38afd517828962fde29
21868,2021-10-28 04:00:00+00:00,0.0,0.0,uppsala,5f9fe38afd517828962fde29
21869,2021-10-28 05:00:00+00:00,0.0,0.0,uppsala,5f9fe38afd517828962fde29
21870,2021-10-28 06:00:00+00:00,0.0,0.02,uppsala,5f9fe38afd517828962fde29
21871,2021-10-28 07:00:00+00:00,0.0,0.38,uppsala,5f9fe38afd517828962fde29
21872,2021-10-28 08:00:00+00:00,0.0,0.53,uppsala,5f9fe38afd517828962fde29
21873,2021-10-28 09:00:00+00:00,2.7,0.56,uppsala,5f9fe38afd517828962fde29
21874,2021-10-28 10:00:00+00:00,2.6,0.44,uppsala,5f9fe38afd517828962fde29
21875,2021-10-28 11:00:00+00:00,2.1,1.09,uppsala,5f9fe38afd517828962fde29
21876,2021-10-28 12:00:00+00:00,1.4,0.6,uppsala,5f9fe38afd517828962fde29
21877,2021-10-28 13:00:00+00:00,0.0,0.69,uppsala,5f9fe38afd517828962fde29
21878,2021-10-28 14:00:00+00:00,0.0,0.13,uppsala,5f9fe38afd517828962fde29
21879,2021-10-28 15:00:00+00:00,0.0,0.0,uppsala,5f9fe38afd517828962fde29
21880,2021-10-28 16:00:00+00:00,0.0,0.0,uppsala,5f9fe38afd517828962fde29
21881,2021-10-28 17:00:00+00:00,0.0,0.0,uppsala,5f9fe38afd517828962fde29
21882,2021-10-28 18:00:00+00:00,0.0,0.0,uppsala,5f9fe38afd517828962fde29
21883,2021-10-28 19:00:00+00:00,0.0,0.0,uppsala,5f9fe38afd517828962fde29
21884,2021-10-28 20:00:00+00:00,0.0,0.0,uppsala,5f9fe38afd517828962fde29
21885,2021-10-28 21:00:00+00:00,0.0,0.0,uppsala,5f9fe38afd517828962fde29
21886,2021-10-28 22:00:00+00:00,0.0,0.0,uppsala,5f9fe38afd517828962fde29
21887,2021-10-28 23:00:00+00:00,0.0,0.0,uppsala,5f9fe38afd517828962fde29
21888,2021-10-29 00:00:00+00:00,0.0,0.0,uppsala,5f9fe38afd517828962fde29
21889,2021-10-29 01:00:00+00:00,0.0,0.0,uppsala,5f9fe38afd517828962fde29
21890,2021-10-29 02:00:00+00:00,0.0,0.0,uppsala,5f9fe38afd517828962fde29
21891,2021-10-29 03:00:00+00:00,0.0,0.0,uppsala,5f9fe38afd517828962fde29
21892,2021-10-29 04:00:00+00:00,0.0,0.0,uppsala,5f9fe38afd517828962fde29
21893,2021-10-29 05:00:00+00:00,0.0,0.0,uppsala,5f9fe38afd517828962fde29
21894,2021-10-29 06:00:00+00:00,0.0,0.0,uppsala,5f9fe38afd517828962fde29
21895,2021-10-29 07:00:00+00:00,240.3,0.58,uppsala,5f9fe38afd517828962fde29
21896,2021-10-29 08:00:00+00:00,57.5,2.11,uppsala,5f9fe38afd517828962fde29
21897,2021-10-29 09:00:00+00:00,6.4,2.35,uppsala,5f9fe38afd517828962fde29
21898,2021-10-29 10:00:00+00:00,7.4,2.24,uppsala,5f9fe38afd517828962fde29
21899,2021-10-29 11:00:00+00:00,7.7,1.93,uppsala,5f9fe38afd517828962fde29
21900,2021-10-29 12:00:00+00:00,16.0,1.13,uppsala,5f9fe38afd517828962fde29
21901,2021-10-29 13:00:00+00:00,49.5,0.26,uppsala,5f9fe38afd517828962fde29
21902,2021-10-29 14:00:00+00:00,0.0,0.0,uppsala,5f9fe38afd517828962fde29
21903,2021-10-29 15:00:00+00:00,0.0,0.0,uppsala,5f9fe38afd517828962fde29
21904,2021-10-29 16:00:00+00:00,0.0,0.0,uppsala,5f9fe38afd517828962fde29
21905,2021-10-29 17:00:00+00:00,0.0,0.0,uppsala,5f9fe38afd517828962fde29
21906,2021-10-29 18:00:00+00:00,0.0,0.0,uppsala,5f9fe38afd517828962fde29
21907,2021-10-29 19:00:00+00:00,0.0,0.0,uppsala,5f9fe38afd517828962fde29
21908,2021-10-29 20:00:00+00:00,0.0,0.0,uppsala,5f9fe38afd517828962fde29
21909,2021-10-29 21:00:00+00:00,0.0,0.0,uppsala,5f9fe38afd517828962fde29
21910,2021-10-29 22:00:00+00:00,0.0,0.0,uppsala,5f9fe38afd517828962fde29
21911,2021-10-29 23:00:00+00:00,0.0,0.0,uppsala,5f9fe38afd517828962fde29
21912,2021-10-30 00:00:00+00:00,0.0,0.0,uppsala,5f9fe38afd517828962fde29
21913,2021-10-30 01:00:00+00:00,0.0,0.0,uppsala,5f9fe38afd517828962fde29
21914,2021-10-30 02:00:00+00:00,0.0,0.0,uppsala,5f9fe38afd517828962fde29
21915,2021-10-30 03:00:00+00:00,0.0,0.0,uppsala,5f9fe38afd517828962fde29
21916,2021-10-30 04:00:00+00:00,0.0,0.0,uppsala,5f9fe38afd517828962fde29
21917,2021-10-30 05:00:00+00:00,0.0,0.0,uppsala,5f9fe38afd517828962fde29
21918,2021-10-30 06:00:00+00:00,0.0,0.45,uppsala,5f9fe38afd517828962fde29
21919,2021-10-30 07:00:00+00:00,0.2,1.63,uppsala,5f9fe38afd517828962fde29
21920,2021-10-30 08:00:00+00:00,0.0,1.5,uppsala,5f9fe38afd517828962fde29
21921,2021-10-30 09:00:00+00:00,485.7,3.78,uppsala,5f9fe38afd517828962fde29
21922,2021-10-30 10:00:00+00:00,351.9,4.93,uppsala,5f9fe38afd517828962fde29
21923,2021-10-30 11:00:00+00:00,20.9,1.51,uppsala,5f9fe38afd517828962fde29
21924,2021-10-30 12:00:00+00:00,7.7,2.46,uppsala,5f9fe38afd517828962fde29
21925,2021-10-30 13:00:00+00:00,0.4,0.42,uppsala,5f9fe38afd517828962fde29
21926,2021-10-30 14:00:00+00:00,12.9,0.0,uppsala,5f9fe38afd517828962fde29
21927,2021-10-30 15:00:00+00:00,0.0,0.0,uppsala,5f9fe38afd517828962fde29
21928,2021-10-30 16:00:00+00:00,0.0,0.0,uppsala,5f9fe38afd517828962fde29
21929,2021-10-30 17:00:00+00:00,0.0,0.0,uppsala,5f9fe38afd517828962fde29
21930,2021-10-30 18:00:00+00:00,0.0,0.0,uppsala,5f9fe38afd517828962fde29
21931,2021-10-30 19:00:00+00:00,0.0,0.0,uppsala,5f9fe38afd517828962fde29
21932,2021-10-30 20:00:00+00:00,0.0,0.0,uppsala,5f9fe38afd517828962fde29
21933,2021-10-30 21:00:00+00:00,0.0,0.0,uppsala,5f9fe38afd517828962fde29
21934,2021-10-30 22:00:00+00:00,0.0,0.0,uppsala,5f9fe38afd517828962fde29
21935,2021-10-30 23:00:00+00:00,0.0,0.0,uppsala,5f9fe38afd517828962fde29
21936,2021-10-31 00:00:00+00:00,0.0,0.0,uppsala,5f9fe38afd517828962fde29
21937,2021-10-31 01:00:00+00:00,0.0,0.0,uppsala,5f9fe38afd517828962fde29
21938,2021-10-31 02:00:00+00:00,0.0,0.0,uppsala,5f9fe38afd517828962fde29
21939,2021-10-31 03:00:00+00:00,0.0,0.0,uppsala,5f9fe38afd517828962fde29
21940,2021-10-31 04:00:00+00:00,0.0,0.0,uppsala,5f9fe38afd517828962fde29
21941,2021-10-31 05:00:00+00:00,0.0,0.0,uppsala,5f9fe38afd517828962fde29
21942,2021-10-31 06:00:00+00:00,0.0,0.0,uppsala,5f9fe38afd517828962fde29
21943,2021-10-31 07:00:00+00:00,0.0,0.23,uppsala,5f9fe38afd517828962fde29
21944,2021-10-31 08:00:00+00:00,0.0,1.37,uppsala,5f9fe38afd517828962fde29
21945,2021-10-31 09:00:00+00:00,1.3,0.89,uppsala,5f9fe38afd517828962fde29
21946,2021-10-31 10:00:00+00:00,3.1,0.81,uppsala,5f9fe38afd517828962fde29
21947,2021-10-31 11:00:00+00:00,3.7,1.45,uppsala,5f9fe38afd517828962fde29
21948,2021-10-31 12:00:00+00:00,15.8,5.7,uppsala,5f9fe38afd517828962fde29
21949,2021-10-31 13:00:00+00:00,501.7,5.86,uppsala,5f9fe38afd517828962fde29
21950,2021-10-31 14:00:00+00:00,350.4,1.67,uppsala,5f9fe38afd517828962fde29
21951,2021-10-31 15:00:00+00:00,0.0,0.0,uppsala,5f9fe38afd517828962fde29
21952,2021-10-31 16:00:00+00:00,0.0,0.0,uppsala,5f9fe38afd517828962fde29
21953,2021-10-31 17:00:00+00:00,0.0,0.0,uppsala,5f9fe38afd517828962fde29
21954,2021-10-31 18:00:00+00:00,0.0,0.0,uppsala,5f9fe38afd517828962fde29
21955,2021-10-31 19:00:00+00:00,0.0,0.0,uppsala,5f9fe38afd517828962fde29
21956,2021-10-31 20:00:00+00:00,0.0,0.0,uppsala,5f9fe38afd517828962fde29
21957,2021-10-31 21:00:00+00:00,0.0,0.0,uppsala,5f9fe38afd517828962fde29
21958,2021-10-31 22:00:00+00:00,0.0,0.0,uppsala,5f9fe38afd517828962fde29
21959,2021-10-31 23:00:00+00:00,0.0,0.0,uppsala,5f9fe38afd517828962fde29
21960,2021-11-01 00:00:00+00:00,0.0,0.0,uppsala,5f9fe38afd517828962fde29
21961,2021-11-01 01:00:00+00:00,0.0,0.0,uppsala,5f9fe38afd517828962fde29
21962,2021-11-01 02:00:00+00:00,0.0,0.0,uppsala,5f9fe38afd517828962fde29
21963,2021-11-01 03:00:00+00:00,0.0,0.0,uppsala,5f9fe38afd517828962fde29
21964,2021-11-01 04:00:00+00:00,0.0,0.0,uppsala,5f9fe38afd517828962fde29
21965,2021-11-01 05:00:00+00:00,0.0,0.0,uppsala,5f9fe38afd517828962fde29
21966,2021-11-01 06:00:00+00:00,0.0,0.0,uppsala,5f9fe38afd517828962fde29
21967,2021-11-01 07:00:00+00:00,0.0,0.52,uppsala,5f9fe38afd517828962fde29
21968,2021-11-01 08:00:00+00:00,0.0,1.83,uppsala,5f9fe38afd517828962fde29
21969,2021-11-01 09:00:00+00:00,17.7,8.21,uppsala,5f9fe38afd517828962fde29
21970,2021-11-01 10:00:00+00:00,15.4,9.0,uppsala,5f9fe38afd517828962fde29
21971,2021-11-01 11:00:00+00:00,140.9,9.3,uppsala,5f9fe38afd517828962fde29
21972,2021-11-01 12:00:00+00:00,65.1,5.36,uppsala,5f9fe38afd517828962fde29
21973,2021-11-01 13:00:00+00:00,0.0,2.56,uppsala,5f9fe38afd517828962fde29
21974,2021-11-01 14:00:00+00:00,1.5,0.05,uppsala,5f9fe38afd517828962fde29
21975,2021-11-01 15:00:00+00:00,0.0,0.0,uppsala,5f9fe38afd517828962fde29
21976,2021-11-01 16:00:00+00:00,0.0,0.0,uppsala,5f9fe38afd517828962fde29
21977,2021-11-01 17:00:00+00:00,0.0,0.0,uppsala,5f9fe38afd517828962fde29
21978,2021-11-01 18:00:00+00:00,0.0,0.0,uppsala,5f9fe38afd517828962fde29
21979,2021-11-01 19:00:00+00:00,0.0,0.0,uppsala,5f9fe38afd517828962fde29
21980,2021-11-01 20:00:00+00:00,0.0,0.0,uppsala,5f9fe38afd517828962fde29
21981,2021-11-01 21:00:00+00:00,0.0,0.0,uppsala,5f9fe38afd517828962fde29
21982,2021-11-01 22:00:00+00:00,0.0,0.0,uppsala,5f9fe38afd517828962fde29
21983,2021-11-01 23:00:00+00:00,0.0,0.0,uppsala,5f9fe38afd517828962fde29
21984,2021-11-02 00:00:00+00:00,0.0,0.0,uppsala,5f9fe38afd517828962fde29
21985,2021-11-02 01:00:00+00:00,0.0,0.0,uppsala,5f9fe38afd517828962fde29
21986,2021-11-02 02:00:00+00:00,0.0,0.0,uppsala,5f9fe38afd517828962fde29
21987,2021-11-02 03:00:00+00:00,0.0,0.0,uppsala,5f9fe38afd517828962fde29
21988,2021-11-02 04:00:00+00:00,0.0,0.0,uppsala,5f9fe38afd517828962fde29
21989,2021-11-02 05:00:00+00:00,0.0,0.0,uppsala,5f9fe38afd517828962fde29
21990,2021-11-02 06:00:00+00:00,0.0,0.0,uppsala,5f9fe38afd517828962fde29
21991,2021-11-02 07:00:00+00:00,0.0,0.38,uppsala,5f9fe38afd517828962fde29
21992,2021-11-02 08:00:00+00:00,0.0,0.32,uppsala,5f9fe38afd517828962fde29
21993,2021-11-02 09:00:00+00:00,6.6,0.31,uppsala,5f9fe38afd517828962fde29
21994,2021-11-02 10:00:00+00:00,3.7,0.12,uppsala,5f9fe38afd517828962fde29
21995,2021-11-02 11:00:00+00:00,3.5,0.0,uppsala,5f9fe38afd517828962fde29
21996,2021-11-02 12:00:00+00:00,1.8,0.0,uppsala,5f9fe38afd517828962fde29
21997,2021-11-02 13:00:00+00:00,0.0,0.0,uppsala,5f9fe38afd517828962fde29
21998,2021-11-02 14:00:00+00:00,0.0,0.0,uppsala,5f9fe38afd517828962fde29
21999,2021-11-02 15:00:00+00:00,0.0,0.0,uppsala,5f9fe38afd517828962fde29
22000,2021-11-02 16:00:00+00:00,0.0,0.0,uppsala,5f9fe38afd517828962fde29
22001,2021-11-02 17:00:00+00:00,0.0,0.0,uppsala,5f9fe38afd517828962fde29
22002,2021-11-02 18:00:00+00:00,0.0,0.0,uppsala,5f9fe38afd517828962fde29
22003,2021-11-02 19:00:00+00:00,0.0,0.0,uppsala,5f9fe38afd517828962fde29
22004,2021-11-02 20:00:00+00:00,0.0,0.0,uppsala,5f9fe38afd517828962fde29
22005,2021-11-02 21:00:00+00:00,0.0,0.0,uppsala,5f9fe38afd517828962fde29
22006,2021-11-02 22:00:00+00:00,0.0,0.0,uppsala,5f9fe38afd517828962fde29
22007,2021-11-02 23:00:00+00:00,0.0,0.0,uppsala,5f9fe38afd517828962fde29
22008,2021-11-03 00:00:00+00:00,0.0,0.0,uppsala,5f9fe38afd517828962fde29
22009,2021-11-03 01:00:00+00:00,0.0,0.0,uppsala,5f9fe38afd517828962fde29
22010,2021-11-03 02:00:00+00:00,0.0,0.0,uppsala,5f9fe38afd517828962fde29
22011,2021-11-03 03:00:00+00:00,0.0,0.0,uppsala,5f9fe38afd517828962fde29
22012,2021-11-03 04:00:00+00:00,0.0,0.0,uppsala,5f9fe38afd517828962fde29
22013,2021-11-03 05:00:00+00:00,0.0,0.0,uppsala,5f9fe38afd517828962fde29
22014,2021-11-03 06:00:00+00:00,0.0,0.0,uppsala,5f9fe38afd517828962fde29
22015,2021-11-03 07:00:00+00:00,0.0,0.0,uppsala,5f9fe38afd517828962fde29
22016,2021-11-03 08:00:00+00:00,0.0,0.0,uppsala,5f9fe38afd517828962fde29
22017,2021-11-03 09:00:00+00:00,0.0,0.01,uppsala,5f9fe38afd517828962fde29
22018,2021-11-03 10:00:00+00:00,0.0,0.03,uppsala,5f9fe38afd517828962fde29
22019,2021-11-03 11:00:00+00:00,0.0,0.16,uppsala,5f9fe38afd517828962fde29
22020,2021-11-03 12:00:00+00:00,7.6,0.02,uppsala,5f9fe38afd517828962fde29
22021,2021-11-03 13:00:00+00:00,0.0,0.01,uppsala,5f9fe38afd517828962fde29
22022,2021-11-03 14:00:00+00:00,3.0,0.0,uppsala,5f9fe38afd517828962fde29
22023,2021-11-03 15:00:00+00:00,0.0,0.0,uppsala,5f9fe38afd517828962fde29
22024,2021-11-03 16:00:00+00:00,0.0,0.0,uppsala,5f9fe38afd517828962fde29
22025,2021-11-03 17:00:00+00:00,0.0,0.0,uppsala,5f9fe38afd517828962fde29
22026,2021-11-03 18:00:00+00:00,0.0,0.0,uppsala,5f9fe38afd517828962fde29
22027,2021-11-03 19:00:00+00:00,0.0,0.0,uppsala,5f9fe38afd517828962fde29
22028,2021-11-03 20:00:00+00:00,0.0,0.0,uppsala,5f9fe38afd517828962fde29
22029,2021-11-03 21:00:00+00:00,0.0,0.0,uppsala,5f9fe38afd517828962fde29
22030,2021-11-03 22:00:00+00:00,0.0,0.0,uppsala,5f9fe38afd517828962fde29
22031,2021-11-03 23:00:00+00:00,0.0,0.0,uppsala,5f9fe38afd517828962fde29
22032,2021-11-04 00:00:00+00:00,0.0,0.0,uppsala,5f9fe38afd517828962fde29
22033,2021-11-04 01:00:00+00:00,0.0,0.0,uppsala,5f9fe38afd517828962fde29
22034,2021-11-04 02:00:00+00:00,0.0,0.0,uppsala,5f9fe38afd517828962fde29
22035,2021-11-04 03:00:00+00:00,0.0,0.0,uppsala,5f9fe38afd517828962fde29
22036,2021-11-04 04:00:00+00:00,0.0,0.0,uppsala,5f9fe38afd517828962fde29
22037,2021-11-04 05:00:00+00:00,0.0,0.0,uppsala,5f9fe38afd517828962fde29
22038,2021-11-04 06:00:00+00:00,0.0,0.0,uppsala,5f9fe38afd517828962fde29
22039,2021-11-04 07:00:00+00:00,143.2,0.07,uppsala,5f9fe38afd517828962fde29
22040,2021-11-04 08:00:00+00:00,15.2,0.77,uppsala,5f9fe38afd517828962fde29
22041,2021-11-04 09:00:00+00:00,39.5,1.62,uppsala,5f9fe38afd517828962fde29
22042,2021-11-04 10:00:00+00:00,33.4,1.11,uppsala,5f9fe38afd517828962fde29
22043,2021-11-04 11:00:00+00:00,16.8,0.86,uppsala,5f9fe38afd517828962fde29
22044,2021-11-04 12:00:00+00:00,496.0,0.34,uppsala,5f9fe38afd517828962fde29
22045,2021-11-04 13:00:00+00:00,25.1,0.04,uppsala,5f9fe38afd517828962fde29
22046,2021-11-04 14:00:00+00:00,0.0,0.0,uppsala,5f9fe38afd517828962fde29
22047,2021-11-04 15:00:00+00:00,0.0,0.0,uppsala,5f9fe38afd517828962fde29
22048,2021-11-04 16:00:00+00:00,0.0,0.0,uppsala,5f9fe38afd517828962fde29
22049,2021-11-04 17:00:00+00:00,0.0,0.0,uppsala,5f9fe38afd517828962fde29
22050,2021-11-04 18:00:00+00:00,0.0,0.0,uppsala,5f9fe38afd517828962fde29
22051,2021-11-04 19:00:00+00:00,0.0,0.0,uppsala,5f9fe38afd517828962fde29
22052,2021-11-04 20:00:00+00:00,0.0,0.0,uppsala,5f9fe38afd517828962fde29
22053,2021-11-04 21:00:00+00:00,0.0,0.0,uppsala,5f9fe38afd517828962fde29
22054,2021-11-04 22:00:00+00:00,0.0,0.0,uppsala,5f9fe38afd517828962fde29
22055,2021-11-04 23:00:00+00:00,0.0,0.0,uppsala,5f9fe38afd517828962fde29
22056,2021-11-05 00:00:00+00:00,0.0,0.0,uppsala,5f9fe38afd517828962fde29
22057,2021-11-05 01:00:00+00:00,0.0,0.0,uppsala,5f9fe38afd517828962fde29
22058,2021-11-05 02:00:00+00:00,0.0,0.0,uppsala,5f9fe38afd517828962fde29
22059,2021-11-05 03:00:00+00:00,0.0,0.0,uppsala,5f9fe38afd517828962fde29
22060,2021-11-05 04:00:00+00:00,0.0,0.0,uppsala,5f9fe38afd517828962fde29
22061,2021-11-05 05:00:00+00:00,0.0,0.0,uppsala,5f9fe38afd517828962fde29
22062,2021-11-05 06:00:00+00:00,0.0,0.0,uppsala,5f9fe38afd517828962fde29
22063,2021-11-05 07:00:00+00:00,45.9,0.29,uppsala,5f9fe38afd517828962fde29
22064,2021-11-05 08:00:00+00:00,41.9,3.25,uppsala,5f9fe38afd517828962fde29
22065,2021-11-05 09:00:00+00:00,162.1,1.7,uppsala,5f9fe38afd517828962fde29
22066,2021-11-05 10:00:00+00:00,12.8,0.67,uppsala,5f9fe38afd517828962fde29
22067,2021-11-05 11:00:00+00:00,10.9,0.54,uppsala,5f9fe38afd517828962fde29
22068,2021-11-05 12:00:00+00:00,5.3,0.56,uppsala,5f9fe38afd517828962fde29
22069,2021-11-05 13:00:00+00:00,0.5,0.49,uppsala,5f9fe38afd517828962fde29
22070,2021-11-05 14:00:00+00:00,0.0,0.01,uppsala,5f9fe38afd517828962fde29
22071,2021-11-05 15:00:00+00:00,0.0,0.0,uppsala,5f9fe38afd517828962fde29
22072,2021-11-05 16:00:00+00:00,0.0,0.0,uppsala,5f9fe38afd517828962fde29
22073,2021-11-05 17:00:00+00:00,0.0,0.0,uppsala,5f9fe38afd517828962fde29
22074,2021-11-05 18:00:00+00:00,0.0,0.0,uppsala,5f9fe38afd517828962fde29
22075,2021-11-05 19:00:00+00:00,0.0,0.0,uppsala,5f9fe38afd517828962fde29
22076,2021-11-05 20:00:00+00:00,0.0,0.0,uppsala,5f9fe38afd517828962fde29
22077,2021-11-05 21:00:00+00:00,0.0,0.0,uppsala,5f9fe38afd517828962fde29
22078,2021-11-05 22:00:00+00:00,0.0,0.0,uppsala,5f9fe38afd517828962fde29
22079,2021-11-05 23:00:00+00:00,0.0,0.0,uppsala,5f9fe38afd517828962fde29
22080,2021-11-06 00:00:00+00:00,0.0,0.0,uppsala,5f9fe38afd517828962fde29
22081,2021-11-06 01:00:00+00:00,0.0,0.0,uppsala,5f9fe38afd517828962fde29
22082,2021-11-06 02:00:00+00:00,0.0,0.0,uppsala,5f9fe38afd517828962fde29
22083,2021-11-06 03:00:00+00:00,0.0,0.0,uppsala,5f9fe38afd517828962fde29
22084,2021-11-06 04:00:00+00:00,0.0,0.0,uppsala,5f9fe38afd517828962fde29
22085,2021-11-06 05:00:00+00:00,0.0,0.0,uppsala,5f9fe38afd517828962fde29
22086,2021-11-06 06:00:00+00:00,0.0,0.85,uppsala,5f9fe38afd517828962fde29
22087,2021-11-06 07:00:00+00:00,337.5,7.08,uppsala,5f9fe38afd517828962fde29
22088,2021-11-06 08:00:00+00:00,582.3,10.31,uppsala,5f9fe38afd517828962fde29
22089,2021-11-06 09:00:00+00:00,57.1,2.73,uppsala,5f9fe38afd517828962fde29
22090,2021-11-06 10:00:00+00:00,761.8,11.55,uppsala,5f9fe38afd517828962fde29
22091,2021-11-06 11:00:00+00:00,767.1,12.74,uppsala,5f9fe38afd517828962fde29
22092,2021-11-06 12:00:00+00:00,725.1,11.98,uppsala,5f9fe38afd517828962fde29
22093,2021-11-06 13:00:00+00:00,622.9,8.38,uppsala,5f9fe38afd517828962fde29
22094,2021-11-06 14:00:00+00:00,387.2,0.03,uppsala,5f9fe38afd517828962fde29
22095,2021-11-06 15:00:00+00:00,0.0,0.0,uppsala,5f9fe38afd517828962fde29
22096,2021-11-06 16:00:00+00:00,0.0,0.0,uppsala,5f9fe38afd517828962fde29
22097,2021-11-06 17:00:00+00:00,0.0,0.0,uppsala,5f9fe38afd517828962fde29
22098,2021-11-06 18:00:00+00:00,0.0,0.0,uppsala,5f9fe38afd517828962fde29
22099,2021-11-06 19:00:00+00:00,0.0,0.0,uppsala,5f9fe38afd517828962fde29
22100,2021-11-06 20:00:00+00:00,0.0,0.0,uppsala,5f9fe38afd517828962fde29
22101,2021-11-06 21:00:00+00:00,0.0,0.0,uppsala,5f9fe38afd517828962fde29
22102,2021-11-06 22:00:00+00:00,0.0,0.0,uppsala,5f9fe38afd517828962fde29
22103,2021-11-06 23:00:00+00:00,0.0,0.0,uppsala,5f9fe38afd517828962fde29
22104,2021-11-07 00:00:00+00:00,0.0,0.0,uppsala,5f9fe38afd517828962fde29
22105,2021-11-07 01:00:00+00:00,0.0,0.0,uppsala,5f9fe38afd517828962fde29
22106,2021-11-07 02:00:00+00:00,0.0,0.0,uppsala,5f9fe38afd517828962fde29
22107,2021-11-07 03:00:00+00:00,0.0,0.0,uppsala,5f9fe38afd517828962fde29
22108,2021-11-07 04:00:00+00:00,0.0,0.0,uppsala,5f9fe38afd517828962fde29
22109,2021-11-07 05:00:00+00:00,0.0,0.0,uppsala,5f9fe38afd517828962fde29
22110,2021-11-07 06:00:00+00:00,0.0,0.0,uppsala,5f9fe38afd517828962fde29
22111,2021-11-07 07:00:00+00:00,0.0,0.01,uppsala,5f9fe38afd517828962fde29
22112,2021-11-07 08:00:00+00:00,0.0,0.13,uppsala,5f9fe38afd517828962fde29
22113,2021-11-07 09:00:00+00:00,3.0,0.35,uppsala,5f9fe38afd517828962fde29
22114,2021-11-07 10:00:00+00:00,4.7,0.43,uppsala,5f9fe38afd517828962fde29
22115,2021-11-07 11:00:00+00:00,5.0,0.49,uppsala,5f9fe38afd517828962fde29
22116,2021-11-07 12:00:00+00:00,3.6,0.8,uppsala,5f9fe38afd517828962fde29
22117,2021-11-07 13:00:00+00:00,3.2,0.13,uppsala,5f9fe38afd517828962fde29
22118,2021-11-07 14:00:00+00:00,0.0,0.0,uppsala,5f9fe38afd517828962fde29
22119,2021-11-07 15:00:00+00:00,0.0,0.0,uppsala,5f9fe38afd517828962fde29
22120,2021-11-07 16:00:00+00:00,0.0,0.0,uppsala,5f9fe38afd517828962fde29
22121,2021-11-07 17:00:00+00:00,0.0,0.0,uppsala,5f9fe38afd517828962fde29
22122,2021-11-07 18:00:00+00:00,0.0,0.0,uppsala,5f9fe38afd517828962fde29
22123,2021-11-07 19:00:00+00:00,0.0,0.0,uppsala,5f9fe38afd517828962fde29
22124,2021-11-07 20:00:00+00:00,0.0,0.0,uppsala,5f9fe38afd517828962fde29
22125,2021-11-07 21:00:00+00:00,0.0,0.0,uppsala,5f9fe38afd517828962fde29
22126,2021-11-07 22:00:00+00:00,0.0,0.0,uppsala,5f9fe38afd517828962fde29
22127,2021-11-07 23:00:00+00:00,0.0,0.0,uppsala,5f9fe38afd517828962fde29
22128,2021-11-08 00:00:00+00:00,0.0,0.0,uppsala,5f9fe38afd517828962fde29
22129,2021-11-08 01:00:00+00:00,0.0,0.0,uppsala,5f9fe38afd517828962fde29
22130,2021-11-08 02:00:00+00:00,0.0,0.0,uppsala,5f9fe38afd517828962fde29
22131,2021-11-08 03:00:00+00:00,0.0,0.0,uppsala,5f9fe38afd517828962fde29
22132,2021-11-08 04:00:00+00:00,0.0,0.0,uppsala,5f9fe38afd517828962fde29
22133,2021-11-08 05:00:00+00:00,0.0,0.0,uppsala,5f9fe38afd517828962fde29
22134,2021-11-08 06:00:00+00:00,0.0,0.0,uppsala,5f9fe38afd517828962fde29
22135,2021-11-08 07:00:00+00:00,0.0,1.24,uppsala,5f9fe38afd517828962fde29
22136,2021-11-08 08:00:00+00:00,0.0,3.68,uppsala,5f9fe38afd517828962fde29
22137,2021-11-08 09:00:00+00:00,5.2,5.51,uppsala,5f9fe38afd517828962fde29
22138,2021-11-08 10:00:00+00:00,597.4,5.15,uppsala,5f9fe38afd517828962fde29
22139,2021-11-08 11:00:00+00:00,329.8,7.28,uppsala,5f9fe38afd517828962fde29
22140,2021-11-08 12:00:00+00:00,665.2,7.56,uppsala,5f9fe38afd517828962fde29
22141,2021-11-08 13:00:00+00:00,603.7,5.58,uppsala,5f9fe38afd517828962fde29
22142,2021-11-08 14:00:00+00:00,362.4,0.6,uppsala,5f9fe38afd517828962fde29
22143,2021-11-08 15:00:00+00:00,0.0,0.0,uppsala,5f9fe38afd517828962fde29
22144,2021-11-08 16:00:00+00:00,0.0,0.0,uppsala,5f9fe38afd517828962fde29
22145,2021-11-08 17:00:00+00:00,0.0,0.0,uppsala,5f9fe38afd517828962fde29
22146,2021-11-08 18:00:00+00:00,0.0,0.0,uppsala,5f9fe38afd517828962fde29
22147,2021-11-08 19:00:00+00:00,0.0,0.0,uppsala,5f9fe38afd517828962fde29
22148,2021-11-08 20:00:00+00:00,0.0,0.0,uppsala,5f9fe38afd517828962fde29
22149,2021-11-08 21:00:00+00:00,0.0,0.0,uppsala,5f9fe38afd517828962fde29
22150,2021-11-08 22:00:00+00:00,0.0,0.0,uppsala,5f9fe38afd517828962fde29
22151,2021-11-08 23:00:00+00:00,0.0,0.0,uppsala,5f9fe38afd517828962fde29
22152,2021-11-09 00:00:00+00:00,0.0,0.0,uppsala,5f9fe38afd517828962fde29
22153,2021-11-09 01:00:00+00:00,0.0,0.0,uppsala,5f9fe38afd517828962fde29
22154,2021-11-09 02:00:00+00:00,0.0,0.0,uppsala,5f9fe38afd517828962fde29
22155,2021-11-09 03:00:00+00:00,0.0,0.0,uppsala,5f9fe38afd517828962fde29
22156,2021-11-09 04:00:00+00:00,0.0,0.0,uppsala,5f9fe38afd517828962fde29
22157,2021-11-09 05:00:00+00:00,0.0,0.0,uppsala,5f9fe38afd517828962fde29
22158,2021-11-09 06:00:00+00:00,0.0,0.0,uppsala,5f9fe38afd517828962fde29
22159,2021-11-09 07:00:00+00:00,0.0,0.01,uppsala,5f9fe38afd517828962fde29
22160,2021-11-09 08:00:00+00:00,36.5,0.02,uppsala,5f9fe38afd517828962fde29
22161,2021-11-09 09:00:00+00:00,5.7,0.28,uppsala,5f9fe38afd517828962fde29
22162,2021-11-09 10:00:00+00:00,2.9,0.27,uppsala,5f9fe38afd517828962fde29
22163,2021-11-09 11:00:00+00:00,3.1,0.09,uppsala,5f9fe38afd517828962fde29
22164,2021-11-09 12:00:00+00:00,1.6,0.0,uppsala,5f9fe38afd517828962fde29
22165,2021-11-09 13:00:00+00:00,0.0,0.0,uppsala,5f9fe38afd517828962fde29
22166,2021-11-09 14:00:00+00:00,0.0,0.0,uppsala,5f9fe38afd517828962fde29
22167,2021-11-09 15:00:00+00:00,0.0,0.0,uppsala,5f9fe38afd517828962fde29
22168,2021-11-09 16:00:00+00:00,0.0,0.0,uppsala,5f9fe38afd517828962fde29
22169,2021-11-09 17:00:00+00:00,0.0,0.0,uppsala,5f9fe38afd517828962fde29
22170,2021-11-09 18:00:00+00:00,0.0,0.0,uppsala,5f9fe38afd517828962fde29
22171,2021-11-09 19:00:00+00:00,0.0,0.0,uppsala,5f9fe38afd517828962fde29
22172,2021-11-09 20:00:00+00:00,0.0,0.0,uppsala,5f9fe38afd517828962fde29
22173,2021-11-09 21:00:00+00:00,0.0,0.0,uppsala,5f9fe38afd517828962fde29
22174,2021-11-09 22:00:00+00:00,0.0,0.0,uppsala,5f9fe38afd517828962fde29
22175,2021-11-09 23:00:00+00:00,0.0,0.0,uppsala,5f9fe38afd517828962fde29
22176,2021-11-10 00:00:00+00:00,0.0,0.0,uppsala,5f9fe38afd517828962fde29
22177,2021-11-10 01:00:00+00:00,0.0,0.0,uppsala,5f9fe38afd517828962fde29
22178,2021-11-10 02:00:00+00:00,0.0,0.0,uppsala,5f9fe38afd517828962fde29
22179,2021-11-10 03:00:00+00:00,0.0,0.0,uppsala,5f9fe38afd517828962fde29
22180,2021-11-10 04:00:00+00:00,0.0,0.0,uppsala,5f9fe38afd517828962fde29
22181,2021-11-10 05:00:00+00:00,0.0,0.0,uppsala,5f9fe38afd517828962fde29
22182,2021-11-10 06:00:00+00:00,0.0,0.0,uppsala,5f9fe38afd517828962fde29
22183,2021-11-10 07:00:00+00:00,0.0,0.0,uppsala,5f9fe38afd517828962fde29
22184,2021-11-10 08:00:00+00:00,3.5,0.48,uppsala,5f9fe38afd517828962fde29
22185,2021-11-10 09:00:00+00:00,7.0,2.13,uppsala,5f9fe38afd517828962fde29
22186,2021-11-10 10:00:00+00:00,7.3,1.34,uppsala,5f9fe38afd517828962fde29
22187,2021-11-10 11:00:00+00:00,152.8,1.15,uppsala,5f9fe38afd517828962fde29
22188,2021-11-10 12:00:00+00:00,86.1,8.43,uppsala,5f9fe38afd517828962fde29
22189,2021-11-10 13:00:00+00:00,532.1,5.21,uppsala,5f9fe38afd517828962fde29
22190,2021-11-10 14:00:00+00:00,164.9,0.05,uppsala,5f9fe38afd517828962fde29
22191,2021-11-10 15:00:00+00:00,0.0,0.0,uppsala,5f9fe38afd517828962fde29
22192,2021-11-10 16:00:00+00:00,0.0,0.0,uppsala,5f9fe38afd517828962fde29
22193,2021-11-10 17:00:00+00:00,0.0,0.0,uppsala,5f9fe38afd517828962fde29
22194,2021-11-10 18:00:00+00:00,0.0,0.0,uppsala,5f9fe38afd517828962fde29
22195,2021-11-10 19:00:00+00:00,0.0,0.0,uppsala,5f9fe38afd517828962fde29
22196,2021-11-10 20:00:00+00:00,0.0,0.0,uppsala,5f9fe38afd517828962fde29
22197,2021-11-10 21:00:00+00:00,0.0,0.0,uppsala,5f9fe38afd517828962fde29
22198,2021-11-10 22:00:00+00:00,0.0,0.0,uppsala,5f9fe38afd517828962fde29
22199,2021-11-10 23:00:00+00:00,0.0,0.0,uppsala,5f9fe38afd517828962fde29
22200,2021-11-11 00:00:00+00:00,0.0,0.0,uppsala,5f9fe38afd517828962fde29
22201,2021-11-11 01:00:00+00:00,0.0,0.0,uppsala,5f9fe38afd517828962fde29
22202,2021-11-11 02:00:00+00:00,0.0,0.0,uppsala,5f9fe38afd517828962fde29
22203,2021-11-11 03:00:00+00:00,0.0,0.0,uppsala,5f9fe38afd517828962fde29
22204,2021-11-11 04:00:00+00:00,0.0,0.0,uppsala,5f9fe38afd517828962fde29
22205,2021-11-11 05:00:00+00:00,0.0,0.0,uppsala,5f9fe38afd517828962fde29
22206,2021-11-11 06:00:00+00:00,0.0,0.0,uppsala,5f9fe38afd517828962fde29
22207,2021-11-11 07:00:00+00:00,0.0,0.15,uppsala,5f9fe38afd517828962fde29
22208,2021-11-11 08:00:00+00:00,0.0,0.89,uppsala,5f9fe38afd517828962fde29
22209,2021-11-11 09:00:00+00:00,2.9,1.39,uppsala,5f9fe38afd517828962fde29
22210,2021-11-11 10:00:00+00:00,19.2,1.64,uppsala,5f9fe38afd517828962fde29
22211,2021-11-11 11:00:00+00:00,93.2,1.25,uppsala,5f9fe38afd517828962fde29
22212,2021-11-11 12:00:00+00:00,8.9,0.58,uppsala,5f9fe38afd517828962fde29
22213,2021-11-11 13:00:00+00:00,111.9,0.07,uppsala,5f9fe38afd517828962fde29
22214,2021-11-11 14:00:00+00:00,5.9,0.0,uppsala,5f9fe38afd517828962fde29
22215,2021-11-11 15:00:00+00:00,0.0,0.0,uppsala,5f9fe38afd517828962fde29
22216,2021-11-11 16:00:00+00:00,0.0,0.0,uppsala,5f9fe38afd517828962fde29
22217,2021-11-11 17:00:00+00:00,0.0,0.0,uppsala,5f9fe38afd517828962fde29
22218,2021-11-11 18:00:00+00:00,0.0,0.0,uppsala,5f9fe38afd517828962fde29
22219,2021-11-11 19:00:00+00:00,0.0,0.0,uppsala,5f9fe38afd517828962fde29
22220,2021-11-11 20:00:00+00:00,0.0,0.0,uppsala,5f9fe38afd517828962fde29
22221,2021-11-11 21:00:00+00:00,0.0,0.0,uppsala,5f9fe38afd517828962fde29
22222,2021-11-11 22:00:00+00:00,0.0,0.0,uppsala,5f9fe38afd517828962fde29
22223,2021-11-11 23:00:00+00:00,0.0,0.0,uppsala,5f9fe38afd517828962fde29
22224,2021-11-12 00:00:00+00:00,0.0,0.0,uppsala,5f9fe38afd517828962fde29
22225,2021-11-12 01:00:00+00:00,0.0,0.0,uppsala,5f9fe38afd517828962fde29
22226,2021-11-12 02:00:00+00:00,0.0,0.0,uppsala,5f9fe38afd517828962fde29
22227,2021-11-12 03:00:00+00:00,0.0,0.0,uppsala,5f9fe38afd517828962fde29
22228,2021-11-12 04:00:00+00:00,0.0,0.0,uppsala,5f9fe38afd517828962fde29
22229,2021-11-12 05:00:00+00:00,0.0,0.0,uppsala,5f9fe38afd517828962fde29
22230,2021-11-12 06:00:00+00:00,0.0,0.35,uppsala,5f9fe38afd517828962fde29
22231,2021-11-12 07:00:00+00:00,208.8,5.53,uppsala,5f9fe38afd517828962fde29
22232,2021-11-12 08:00:00+00:00,545.0,9.29,uppsala,5f9fe38afd517828962fde29
22233,2021-11-12 09:00:00+00:00,673.1,10.14,uppsala,5f9fe38afd517828962fde29
22234,2021-11-12 10:00:00+00:00,722.8,10.39,uppsala,5f9fe38afd517828962fde29
22235,2021-11-12 11:00:00+00:00,703.8,11.76,uppsala,5f9fe38afd517828962fde29
22236,2021-11-12 12:00:00+00:00,656.9,10.67,uppsala,5f9fe38afd517828962fde29
22237,2021-11-12 13:00:00+00:00,529.8,5.59,uppsala,5f9fe38afd517828962fde29
22238,2021-11-12 14:00:00+00:00,223.2,0.02,uppsala,5f9fe38afd517828962fde29
22239,2021-11-12 15:00:00+00:00,0.0,0.0,uppsala,5f9fe38afd517828962fde29
22240,2021-11-12 16:00:00+00:00,0.0,0.0,uppsala,5f9fe38afd517828962fde29
22241,2021-11-12 17:00:00+00:00,0.0,0.0,uppsala,5f9fe38afd517828962fde29
22242,2021-11-12 18:00:00+00:00,0.0,0.0,uppsala,5f9fe38afd517828962fde29
22243,2021-11-12 19:00:00+00:00,0.0,0.0,uppsala,5f9fe38afd517828962fde29
22244,2021-11-12 20:00:00+00:00,0.0,0.0,uppsala,5f9fe38afd517828962fde29
22245,2021-11-12 21:00:00+00:00,0.0,0.0,uppsala,5f9fe38afd517828962fde29
22246,2021-11-12 22:00:00+00:00,0.0,0.0,uppsala,5f9fe38afd517828962fde29
22247,2021-11-12 23:00:00+00:00,0.0,0.0,uppsala,5f9fe38afd517828962fde29
22248,2021-11-13 00:00:00+00:00,0.0,0.0,uppsala,5f9fe38afd517828962fde29
22249,2021-11-13 01:00:00+00:00,0.0,0.0,uppsala,5f9fe38afd517828962fde29
22250,2021-11-13 02:00:00+00:00,0.0,0.0,uppsala,5f9fe38afd517828962fde29
22251,2021-11-13 03:00:00+00:00,0.0,0.0,uppsala,5f9fe38afd517828962fde29
22252,2021-11-13 04:00:00+00:00,0.0,0.0,uppsala,5f9fe38afd517828962fde29
22253,2021-11-13 05:00:00+00:00,0.0,0.0,uppsala,5f9fe38afd517828962fde29
22254,2021-11-13 06:00:00+00:00,0.0,0.01,uppsala,5f9fe38afd517828962fde29
22255,2021-11-13 07:00:00+00:00,0.0,0.67,uppsala,5f9fe38afd517828962fde29
22256,2021-11-13 08:00:00+00:00,0.0,2.5,uppsala,5f9fe38afd517828962fde29
22257,2021-11-13 09:00:00+00:00,58.8,2.54,uppsala,5f9fe38afd517828962fde29
22258,2021-11-13 10:00:00+00:00,32.6,2.34,uppsala,5f9fe38afd517828962fde29
22259,2021-11-13 11:00:00+00:00,11.0,4.22,uppsala,5f9fe38afd517828962fde29
22260,2021-11-13 12:00:00+00:00,9.4,1.09,uppsala,5f9fe38afd517828962fde29
22261,2021-11-13 13:00:00+00:00,25.7,0.11,uppsala,5f9fe38afd517828962fde29
22262,2021-11-13 14:00:00+00:00,0.0,0.0,uppsala,5f9fe38afd517828962fde29
22263,2021-11-13 15:00:00+00:00,0.0,0.0,uppsala,5f9fe38afd517828962fde29
22264,2021-11-13 16:00:00+00:00,0.0,0.0,uppsala,5f9fe38afd517828962fde29
22265,2021-11-13 17:00:00+00:00,0.0,0.0,uppsala,5f9fe38afd517828962fde29
22266,2021-11-13 18:00:00+00:00,0.0,0.0,uppsala,5f9fe38afd517828962fde29
22267,2021-11-13 19:00:00+00:00,0.0,0.0,uppsala,5f9fe38afd517828962fde29
22268,2021-11-13 20:00:00+00:00,0.0,0.0,uppsala,5f9fe38afd517828962fde29
22269,2021-11-13 21:00:00+00:00,0.0,0.0,uppsala,5f9fe38afd517828962fde29
22270,2021-11-13 22:00:00+00:00,0.0,0.0,uppsala,5f9fe38afd517828962fde29
22271,2021-11-13 23:00:00+00:00,0.0,0.0,uppsala,5f9fe38afd517828962fde29
22272,2021-11-14 00:00:00+00:00,0.0,0.0,uppsala,5f9fe38afd517828962fde29
22273,2021-11-14 01:00:00+00:00,0.0,0.0,uppsala,5f9fe38afd517828962fde29
22274,2021-11-14 02:00:00+00:00,0.0,0.0,uppsala,5f9fe38afd517828962fde29
22275,2021-11-14 03:00:00+00:00,0.0,0.0,uppsala,5f9fe38afd517828962fde29
22276,2021-11-14 04:00:00+00:00,0.0,0.0,uppsala,5f9fe38afd517828962fde29
22277,2021-11-14 05:00:00+00:00,0.0,0.0,uppsala,5f9fe38afd517828962fde29
22278,2021-11-14 06:00:00+00:00,0.0,0.0,uppsala,5f9fe38afd517828962fde29
22279,2021-11-14 07:00:00+00:00,0.0,0.04,uppsala,5f9fe38afd517828962fde29
22280,2021-11-14 08:00:00+00:00,19.0,0.44,uppsala,5f9fe38afd517828962fde29
22281,2021-11-14 09:00:00+00:00,28.0,0.71,uppsala,5f9fe38afd517828962fde29
22282,2021-11-14 10:00:00+00:00,5.3,0.85,uppsala,5f9fe38afd517828962fde29
22283,2021-11-14 11:00:00+00:00,11.3,0.46,uppsala,5f9fe38afd517828962fde29
22284,2021-11-14 12:00:00+00:00,23.4,0.32,uppsala,5f9fe38afd517828962fde29
22285,2021-11-14 13:00:00+00:00,0.0,0.02,uppsala,5f9fe38afd517828962fde29
22286,2021-11-14 14:00:00+00:00,0.0,0.0,uppsala,5f9fe38afd517828962fde29
22287,2021-11-14 15:00:00+00:00,0.0,0.0,uppsala,5f9fe38afd517828962fde29
22288,2021-11-14 16:00:00+00:00,0.0,0.0,uppsala,5f9fe38afd517828962fde29
22289,2021-11-14 17:00:00+00:00,0.0,0.0,uppsala,5f9fe38afd517828962fde29
22290,2021-11-14 18:00:00+00:00,0.0,0.0,uppsala,5f9fe38afd517828962fde29
22291,2021-11-14 19:00:00+00:00,0.0,0.0,uppsala,5f9fe38afd517828962fde29
22292,2021-11-14 20:00:00+00:00,0.0,0.0,uppsala,5f9fe38afd517828962fde29
22293,2021-11-14 21:00:00+00:00,0.0,0.0,uppsala,5f9fe38afd517828962fde29
22294,2021-11-14 22:00:00+00:00,0.0,0.0,uppsala,5f9fe38afd517828962fde29
22295,2021-11-14 23:00:00+00:00,0.0,0.0,uppsala,5f9fe38afd517828962fde29
22296,2021-11-15 00:00:00+00:00,0.0,0.0,uppsala,5f9fe38afd517828962fde29
22297,2021-11-15 01:00:00+00:00,0.0,0.0,uppsala,5f9fe38afd517828962fde29
22298,2021-11-15 02:00:00+00:00,0.0,0.0,uppsala,5f9fe38afd517828962fde29
22299,2021-11-15 03:00:00+00:00,0.0,0.0,uppsala,5f9fe38afd517828962fde29
22300,2021-11-15 04:00:00+00:00,0.0,0.0,uppsala,5f9fe38afd517828962fde29
22301,2021-11-15 05:00:00+00:00,0.0,0.0,uppsala,5f9fe38afd517828962fde29
22302,2021-11-15 06:00:00+00:00,0.0,0.0,uppsala,5f9fe38afd517828962fde29
22303,2021-11-15 07:00:00+00:00,12.7,0.06,uppsala,5f9fe38afd517828962fde29
22304,2021-11-15 08:00:00+00:00,32.9,0.77,uppsala,5f9fe38afd517828962fde29
22305,2021-11-15 09:00:00+00:00,1.9,1.22,uppsala,5f9fe38afd517828962fde29
22306,2021-11-15 10:00:00+00:00,4.6,1.24,uppsala,5f9fe38afd517828962fde29
22307,2021-11-15 11:00:00+00:00,4.4,1.31,uppsala,5f9fe38afd517828962fde29
22308,2021-11-15 12:00:00+00:00,1.7000000000000002,0.7,uppsala,5f9fe38afd517828962fde29
22309,2021-11-15 13:00:00+00:00,0.0,0.24,uppsala,5f9fe38afd517828962fde29
22310,2021-11-15 14:00:00+00:00,0.0,0.0,uppsala,5f9fe38afd517828962fde29
22311,2021-11-15 15:00:00+00:00,0.0,0.0,uppsala,5f9fe38afd517828962fde29
22312,2021-11-15 16:00:00+00:00,0.0,0.0,uppsala,5f9fe38afd517828962fde29
22313,2021-11-15 17:00:00+00:00,0.0,0.0,uppsala,5f9fe38afd517828962fde29
22314,2021-11-15 18:00:00+00:00,0.0,0.0,uppsala,5f9fe38afd517828962fde29
22315,2021-11-15 19:00:00+00:00,0.0,0.0,uppsala,5f9fe38afd517828962fde29
22316,2021-11-15 20:00:00+00:00,0.0,0.0,uppsala,5f9fe38afd517828962fde29
22317,2021-11-15 21:00:00+00:00,0.0,0.0,uppsala,5f9fe38afd517828962fde29
22318,2021-11-15 22:00:00+00:00,0.0,0.0,uppsala,5f9fe38afd517828962fde29
22319,2021-11-15 23:00:00+00:00,0.0,0.0,uppsala,5f9fe38afd517828962fde29
22320,2021-11-16 00:00:00+00:00,0.0,0.0,uppsala,5f9fe38afd517828962fde29
22321,2021-11-16 01:00:00+00:00,0.0,0.0,uppsala,5f9fe38afd517828962fde29
22322,2021-11-16 02:00:00+00:00,0.0,0.0,uppsala,5f9fe38afd517828962fde29
22323,2021-11-16 03:00:00+00:00,0.0,0.0,uppsala,5f9fe38afd517828962fde29
22324,2021-11-16 04:00:00+00:00,0.0,0.0,uppsala,5f9fe38afd517828962fde29
22325,2021-11-16 05:00:00+00:00,0.0,0.0,uppsala,5f9fe38afd517828962fde29
22326,2021-11-16 06:00:00+00:00,0.0,0.0,uppsala,5f9fe38afd517828962fde29
22327,2021-11-16 07:00:00+00:00,0.0,0.06,uppsala,5f9fe38afd517828962fde29
22328,2021-11-16 08:00:00+00:00,0.0,0.59,uppsala,5f9fe38afd517828962fde29
22329,2021-11-16 09:00:00+00:00,7.0,1.2,uppsala,5f9fe38afd517828962fde29
22330,2021-11-16 10:00:00+00:00,73.7,1.24,uppsala,5f9fe38afd517828962fde29
22331,2021-11-16 11:00:00+00:00,6.6,1.2,uppsala,5f9fe38afd517828962fde29
22332,2021-11-16 12:00:00+00:00,20.8,0.62,uppsala,5f9fe38afd517828962fde29
22333,2021-11-16 13:00:00+00:00,0.0,0.06,uppsala,5f9fe38afd517828962fde29
22334,2021-11-16 14:00:00+00:00,0.0,0.0,uppsala,5f9fe38afd517828962fde29
22335,2021-11-16 15:00:00+00:00,0.0,0.0,uppsala,5f9fe38afd517828962fde29
22336,2021-11-16 16:00:00+00:00,0.0,0.0,uppsala,5f9fe38afd517828962fde29
22337,2021-11-16 17:00:00+00:00,0.0,0.0,uppsala,5f9fe38afd517828962fde29
22338,2021-11-16 18:00:00+00:00,0.0,0.0,uppsala,5f9fe38afd517828962fde29
22339,2021-11-16 19:00:00+00:00,0.0,0.0,uppsala,5f9fe38afd517828962fde29
22340,2021-11-16 20:00:00+00:00,0.0,0.0,uppsala,5f9fe38afd517828962fde29
22341,2021-11-16 21:00:00+00:00,0.0,0.0,uppsala,5f9fe38afd517828962fde29
22342,2021-11-16 22:00:00+00:00,0.0,0.0,uppsala,5f9fe38afd517828962fde29
22343,2021-11-16 23:00:00+00:00,0.0,0.0,uppsala,5f9fe38afd517828962fde29
22344,2021-11-17 00:00:00+00:00,0.0,0.0,uppsala,5f9fe38afd517828962fde29
22345,2021-11-17 01:00:00+00:00,0.0,0.0,uppsala,5f9fe38afd517828962fde29
22346,2021-11-17 02:00:00+00:00,0.0,0.0,uppsala,5f9fe38afd517828962fde29
22347,2021-11-17 03:00:00+00:00,0.0,0.0,uppsala,5f9fe38afd517828962fde29
22348,2021-11-17 04:00:00+00:00,0.0,0.0,uppsala,5f9fe38afd517828962fde29
22349,2021-11-17 05:00:00+00:00,0.0,0.0,uppsala,5f9fe38afd517828962fde29
22350,2021-11-17 06:00:00+00:00,0.0,0.0,uppsala,5f9fe38afd517828962fde29
22351,2021-11-17 07:00:00+00:00,0.0,0.0,uppsala,5f9fe38afd517828962fde29
22352,2021-11-17 08:00:00+00:00,0.0,0.08,uppsala,5f9fe38afd517828962fde29
22353,2021-11-17 09:00:00+00:00,0.7000000000000001,0.36,uppsala,5f9fe38afd517828962fde29
22354,2021-11-17 10:00:00+00:00,8.2,0.18,uppsala,5f9fe38afd517828962fde29
22355,2021-11-17 11:00:00+00:00,3.4,0.22,uppsala,5f9fe38afd517828962fde29
22356,2021-11-17 12:00:00+00:00,0.2,0.07,uppsala,5f9fe38afd517828962fde29
22357,2021-11-17 13:00:00+00:00,0.0,0.0,uppsala,5f9fe38afd517828962fde29
22358,2021-11-17 14:00:00+00:00,0.0,0.0,uppsala,5f9fe38afd517828962fde29
22359,2021-11-17 15:00:00+00:00,0.0,0.0,uppsala,5f9fe38afd517828962fde29
22360,2021-11-17 16:00:00+00:00,0.0,0.0,uppsala,5f9fe38afd517828962fde29
22361,2021-11-17 17:00:00+00:00,0.0,0.0,uppsala,5f9fe38afd517828962fde29
22362,2021-11-17 18:00:00+00:00,0.0,0.0,uppsala,5f9fe38afd517828962fde29
22363,2021-11-17 19:00:00+00:00,0.0,0.0,uppsala,5f9fe38afd517828962fde29
22364,2021-11-17 20:00:00+00:00,0.0,0.0,uppsala,5f9fe38afd517828962fde29
22365,2021-11-17 21:00:00+00:00,0.0,0.0,uppsala,5f9fe38afd517828962fde29
22366,2021-11-17 22:00:00+00:00,0.0,0.0,uppsala,5f9fe38afd517828962fde29
22367,2021-11-17 23:00:00+00:00,0.0,0.0,uppsala,5f9fe38afd517828962fde29
22368,2021-11-18 00:00:00+00:00,0.0,0.0,uppsala,5f9fe38afd517828962fde29
22369,2021-11-18 01:00:00+00:00,0.0,0.0,uppsala,5f9fe38afd517828962fde29
22370,2021-11-18 02:00:00+00:00,0.0,0.0,uppsala,5f9fe38afd517828962fde29
22371,2021-11-18 03:00:00+00:00,0.0,0.0,uppsala,5f9fe38afd517828962fde29
22372,2021-11-18 04:00:00+00:00,0.0,0.0,uppsala,5f9fe38afd517828962fde29
22373,2021-11-18 05:00:00+00:00,0.0,0.0,uppsala,5f9fe38afd517828962fde29
22374,2021-11-18 06:00:00+00:00,0.0,0.0,uppsala,5f9fe38afd517828962fde29
22375,2021-11-18 07:00:00+00:00,2.1,2.43,uppsala,5f9fe38afd517828962fde29
22376,2021-11-18 08:00:00+00:00,470.8,7.5,uppsala,5f9fe38afd517828962fde29
22377,2021-11-18 09:00:00+00:00,469.1,8.25,uppsala,5f9fe38afd517828962fde29
22378,2021-11-18 10:00:00+00:00,689.8,9.48,uppsala,5f9fe38afd517828962fde29
22379,2021-11-18 11:00:00+00:00,696.5,10.3,uppsala,5f9fe38afd517828962fde29
22380,2021-11-18 12:00:00+00:00,643.9,7.4,uppsala,5f9fe38afd517828962fde29
22381,2021-11-18 13:00:00+00:00,502.8,3.13,uppsala,5f9fe38afd517828962fde29
22382,2021-11-18 14:00:00+00:00,118.2,0.0,uppsala,5f9fe38afd517828962fde29
22383,2021-11-18 15:00:00+00:00,0.0,0.0,uppsala,5f9fe38afd517828962fde29
22384,2021-11-18 16:00:00+00:00,0.0,0.0,uppsala,5f9fe38afd517828962fde29
22385,2021-11-18 17:00:00+00:00,0.0,0.0,uppsala,5f9fe38afd517828962fde29
22386,2021-11-18 18:00:00+00:00,0.0,0.0,uppsala,5f9fe38afd517828962fde29
22387,2021-11-18 19:00:00+00:00,0.0,0.0,uppsala,5f9fe38afd517828962fde29
22388,2021-11-18 20:00:00+00:00,0.0,0.0,uppsala,5f9fe38afd517828962fde29
22389,2021-11-18 21:00:00+00:00,0.0,0.0,uppsala,5f9fe38afd517828962fde29
22390,2021-11-18 22:00:00+00:00,0.0,0.0,uppsala,5f9fe38afd517828962fde29
22391,2021-11-18 23:00:00+00:00,0.0,0.0,uppsala,5f9fe38afd517828962fde29
22392,2021-11-19 00:00:00+00:00,0.0,0.0,uppsala,5f9fe38afd517828962fde29
22393,2021-11-19 01:00:00+00:00,0.0,0.0,uppsala,5f9fe38afd517828962fde29
22394,2021-11-19 02:00:00+00:00,0.0,0.0,uppsala,5f9fe38afd517828962fde29
22395,2021-11-19 03:00:00+00:00,0.0,0.0,uppsala,5f9fe38afd517828962fde29
22396,2021-11-19 04:00:00+00:00,0.0,0.0,uppsala,5f9fe38afd517828962fde29
22397,2021-11-19 05:00:00+00:00,0.0,0.0,uppsala,5f9fe38afd517828962fde29
22398,2021-11-19 06:00:00+00:00,0.0,0.0,uppsala,5f9fe38afd517828962fde29
22399,2021-11-19 07:00:00+00:00,0.0,0.01,uppsala,5f9fe38afd517828962fde29
22400,2021-11-19 08:00:00+00:00,0.0,0.86,uppsala,5f9fe38afd517828962fde29
22401,2021-11-19 09:00:00+00:00,6.4,1.59,uppsala,5f9fe38afd517828962fde29
22402,2021-11-19 10:00:00+00:00,1.1,0.27,uppsala,5f9fe38afd517828962fde29
22403,2021-11-19 11:00:00+00:00,1.7000000000000002,0.26,uppsala,5f9fe38afd517828962fde29
22404,2021-11-19 12:00:00+00:00,4.7,0.91,uppsala,5f9fe38afd517828962fde29
22405,2021-11-19 13:00:00+00:00,0.0,0.16,uppsala,5f9fe38afd517828962fde29
22406,2021-11-19 14:00:00+00:00,0.0,0.0,uppsala,5f9fe38afd517828962fde29
22407,2021-11-19 15:00:00+00:00,0.0,0.0,uppsala,5f9fe38afd517828962fde29
22408,2021-11-19 16:00:00+00:00,0.0,0.0,uppsala,5f9fe38afd517828962fde29
22409,2021-11-19 17:00:00+00:00,0.0,0.0,uppsala,5f9fe38afd517828962fde29
22410,2021-11-19 18:00:00+00:00,0.0,0.0,uppsala,5f9fe38afd517828962fde29
22411,2021-11-19 19:00:00+00:00,0.0,0.0,uppsala,5f9fe38afd517828962fde29
22412,2021-11-19 20:00:00+00:00,0.0,0.0,uppsala,5f9fe38afd517828962fde29
22413,2021-11-19 21:00:00+00:00,0.0,0.0,uppsala,5f9fe38afd517828962fde29
22414,2021-11-19 22:00:00+00:00,0.0,0.0,uppsala,5f9fe38afd517828962fde29
22415,2021-11-19 23:00:00+00:00,0.0,0.2348,uppsala,5f9fe38afd517828962fde29
22416,2021-11-20 00:00:00+00:00,0.0,0.2348,uppsala,5f9fe38afd517828962fde29
22417,2021-11-20 01:00:00+00:00,0.0,0.2348,uppsala,5f9fe38afd517828962fde29
22418,2021-11-20 02:00:00+00:00,0.0,0.2348,uppsala,5f9fe38afd517828962fde29
22419,2021-11-20 03:00:00+00:00,0.0,0.2348,uppsala,5f9fe38afd517828962fde29
22420,2021-11-20 04:00:00+00:00,0.0,0.2348,uppsala,5f9fe38afd517828962fde29
22421,2021-11-20 05:00:00+00:00,0.0,0.2348,uppsala,5f9fe38afd517828962fde29
22422,2021-11-20 06:00:00+00:00,0.0,0.2348,uppsala,5f9fe38afd517828962fde29
22423,2021-11-20 07:00:00+00:00,0.0,0.2348,uppsala,5f9fe38afd517828962fde29
22424,2021-11-20 08:00:00+00:00,454.9,0.2348,uppsala,5f9fe38afd517828962fde29
22425,2021-11-20 09:00:00+00:00,38.1,0.2348,uppsala,5f9fe38afd517828962fde29
22426,2021-11-20 10:00:00+00:00,74.5,0.2348,uppsala,5f9fe38afd517828962fde29
22427,2021-11-20 11:00:00+00:00,90.9,0.2348,uppsala,5f9fe38afd517828962fde29
22428,2021-11-20 12:00:00+00:00,0.6000000000000001,0.2348,uppsala,5f9fe38afd517828962fde29
22429,2021-11-20 13:00:00+00:00,0.0,0.2348,uppsala,5f9fe38afd517828962fde29
22430,2021-11-20 14:00:00+00:00,0.0,0.2348,uppsala,5f9fe38afd517828962fde29
22431,2021-11-20 15:00:00+00:00,0.0,0.2348,uppsala,5f9fe38afd517828962fde29
22432,2021-11-20 16:00:00+00:00,0.0,0.2348,uppsala,5f9fe38afd517828962fde29
22433,2021-11-20 17:00:00+00:00,0.0,0.2348,uppsala,5f9fe38afd517828962fde29
22434,2021-11-20 18:00:00+00:00,0.0,0.2348,uppsala,5f9fe38afd517828962fde29
22435,2021-11-20 19:00:00+00:00,0.0,0.2348,uppsala,5f9fe38afd517828962fde29
22436,2021-11-20 20:00:00+00:00,0.0,0.2348,uppsala,5f9fe38afd517828962fde29
22437,2021-11-20 21:00:00+00:00,0.0,0.2348,uppsala,5f9fe38afd517828962fde29
22438,2021-11-20 22:00:00+00:00,0.0,0.2348,uppsala,5f9fe38afd517828962fde29
22439,2021-11-20 23:00:00+00:00,0.0,0.2348,uppsala,5f9fe38afd517828962fde29
22440,2021-11-21 00:00:00+00:00,0.0,0.0,uppsala,5f9fe38afd517828962fde29
22441,2021-11-21 01:00:00+00:00,0.0,0.0,uppsala,5f9fe38afd517828962fde29
22442,2021-11-21 02:00:00+00:00,0.0,0.0,uppsala,5f9fe38afd517828962fde29
22443,2021-11-21 03:00:00+00:00,0.0,0.0,uppsala,5f9fe38afd517828962fde29
22444,2021-11-21 04:00:00+00:00,0.0,0.0,uppsala,5f9fe38afd517828962fde29
22445,2021-11-21 05:00:00+00:00,0.0,0.0,uppsala,5f9fe38afd517828962fde29
22446,2021-11-21 06:00:00+00:00,0.0,0.0,uppsala,5f9fe38afd517828962fde29
22447,2021-11-21 07:00:00+00:00,0.0,1.09,uppsala,5f9fe38afd517828962fde29
22448,2021-11-21 08:00:00+00:00,428.8,7.22,uppsala,5f9fe38afd517828962fde29
22449,2021-11-21 09:00:00+00:00,187.9,8.64,uppsala,5f9fe38afd517828962fde29
22450,2021-11-21 10:00:00+00:00,670.2,6.0,uppsala,5f9fe38afd517828962fde29
22451,2021-11-21 11:00:00+00:00,31.9,1.63,uppsala,5f9fe38afd517828962fde29
22452,2021-11-21 12:00:00+00:00,341.7,3.27,uppsala,5f9fe38afd517828962fde29
22453,2021-11-21 13:00:00+00:00,42.4,0.72,uppsala,5f9fe38afd517828962fde29
22454,2021-11-21 14:00:00+00:00,7.7,0.0,uppsala,5f9fe38afd517828962fde29
22455,2021-11-21 15:00:00+00:00,0.0,0.0,uppsala,5f9fe38afd517828962fde29
22456,2021-11-21 16:00:00+00:00,0.0,0.0,uppsala,5f9fe38afd517828962fde29
22457,2021-11-21 17:00:00+00:00,0.0,0.0,uppsala,5f9fe38afd517828962fde29
22458,2021-11-21 18:00:00+00:00,0.0,0.0,uppsala,5f9fe38afd517828962fde29
22459,2021-11-21 19:00:00+00:00,0.0,0.0,uppsala,5f9fe38afd517828962fde29
22460,2021-11-21 20:00:00+00:00,0.0,0.0,uppsala,5f9fe38afd517828962fde29
22461,2021-11-21 21:00:00+00:00,0.0,0.0,uppsala,5f9fe38afd517828962fde29
22462,2021-11-21 22:00:00+00:00,0.0,0.0,uppsala,5f9fe38afd517828962fde29
22463,2021-11-21 23:00:00+00:00,0.0,0.0,uppsala,5f9fe38afd517828962fde29
22464,2021-11-22 00:00:00+00:00,0.0,0.0,uppsala,5f9fe38afd517828962fde29
22465,2021-11-22 01:00:00+00:00,0.0,0.0,uppsala,5f9fe38afd517828962fde29
22466,2021-11-22 02:00:00+00:00,0.0,0.0,uppsala,5f9fe38afd517828962fde29
22467,2021-11-22 03:00:00+00:00,0.0,0.0,uppsala,5f9fe38afd517828962fde29
22468,2021-11-22 04:00:00+00:00,0.0,0.0,uppsala,5f9fe38afd517828962fde29
22469,2021-11-22 05:00:00+00:00,0.0,0.0,uppsala,5f9fe38afd517828962fde29
22470,2021-11-22 06:00:00+00:00,0.0,0.0,uppsala,5f9fe38afd517828962fde29
22471,2021-11-22 07:00:00+00:00,0.0,2.19,uppsala,5f9fe38afd517828962fde29
22472,2021-11-22 08:00:00+00:00,434.0,6.25,uppsala,5f9fe38afd517828962fde29
22473,2021-11-22 09:00:00+00:00,611.3,8.58,uppsala,5f9fe38afd517828962fde29
22474,2021-11-22 10:00:00+00:00,677.7,9.95,uppsala,5f9fe38afd517828962fde29
22475,2021-11-22 11:00:00+00:00,682.6,7.67,uppsala,5f9fe38afd517828962fde29
22476,2021-11-22 12:00:00+00:00,628.9,2.64,uppsala,5f9fe38afd517828962fde29
22477,2021-11-22 13:00:00+00:00,0.0,0.48,uppsala,5f9fe38afd517828962fde29
22478,2021-11-22 14:00:00+00:00,0.0,0.0,uppsala,5f9fe38afd517828962fde29
22479,2021-11-22 15:00:00+00:00,0.0,0.0,uppsala,5f9fe38afd517828962fde29
22480,2021-11-22 16:00:00+00:00,0.0,0.0,uppsala,5f9fe38afd517828962fde29
22481,2021-11-22 17:00:00+00:00,0.0,0.0,uppsala,5f9fe38afd517828962fde29
22482,2021-11-22 18:00:00+00:00,0.0,0.0,uppsala,5f9fe38afd517828962fde29
22483,2021-11-22 19:00:00+00:00,0.0,0.0,uppsala,5f9fe38afd517828962fde29
22484,2021-11-22 20:00:00+00:00,0.0,0.0,uppsala,5f9fe38afd517828962fde29
22485,2021-11-22 21:00:00+00:00,0.0,0.0,uppsala,5f9fe38afd517828962fde29
22486,2021-11-22 22:00:00+00:00,0.0,0.0,uppsala,5f9fe38afd517828962fde29
22487,2021-11-22 23:00:00+00:00,0.0,0.0,uppsala,5f9fe38afd517828962fde29
22488,2021-11-23 00:00:00+00:00,0.0,0.0,uppsala,5f9fe38afd517828962fde29
22489,2021-11-23 01:00:00+00:00,0.0,0.0,uppsala,5f9fe38afd517828962fde29
22490,2021-11-23 02:00:00+00:00,0.0,0.0,uppsala,5f9fe38afd517828962fde29
22491,2021-11-23 03:00:00+00:00,0.0,0.0,uppsala,5f9fe38afd517828962fde29
22492,2021-11-23 04:00:00+00:00,0.0,0.0,uppsala,5f9fe38afd517828962fde29
22493,2021-11-23 05:00:00+00:00,0.0,0.0,uppsala,5f9fe38afd517828962fde29
22494,2021-11-23 06:00:00+00:00,0.0,0.0,uppsala,5f9fe38afd517828962fde29
22495,2021-11-23 07:00:00+00:00,0.0,1.51,uppsala,5f9fe38afd517828962fde29
22496,2021-11-23 08:00:00+00:00,4.8,2.43,uppsala,5f9fe38afd517828962fde29
22497,2021-11-23 09:00:00+00:00,487.8,1.26,uppsala,5f9fe38afd517828962fde29
22498,2021-11-23 10:00:00+00:00,0.7000000000000001,1.91,uppsala,5f9fe38afd517828962fde29
22499,2021-11-23 11:00:00+00:00,34.4,4.2,uppsala,5f9fe38afd517828962fde29
22500,2021-11-23 12:00:00+00:00,16.4,1.39,uppsala,5f9fe38afd517828962fde29
22501,2021-11-23 13:00:00+00:00,151.3,0.36,uppsala,5f9fe38afd517828962fde29
22502,2021-11-23 14:00:00+00:00,0.1,0.0,uppsala,5f9fe38afd517828962fde29
22503,2021-11-23 15:00:00+00:00,0.0,0.0,uppsala,5f9fe38afd517828962fde29
22504,2021-11-23 16:00:00+00:00,0.0,0.0,uppsala,5f9fe38afd517828962fde29
22505,2021-11-23 17:00:00+00:00,0.0,0.0,uppsala,5f9fe38afd517828962fde29
22506,2021-11-23 18:00:00+00:00,0.0,0.0,uppsala,5f9fe38afd517828962fde29
22507,2021-11-23 19:00:00+00:00,0.0,0.0,uppsala,5f9fe38afd517828962fde29
22508,2021-11-23 20:00:00+00:00,0.0,0.0,uppsala,5f9fe38afd517828962fde29
22509,2021-11-23 21:00:00+00:00,0.0,0.0,uppsala,5f9fe38afd517828962fde29
22510,2021-11-23 22:00:00+00:00,0.0,0.0,uppsala,5f9fe38afd517828962fde29
22511,2021-11-23 23:00:00+00:00,0.0,0.0,uppsala,5f9fe38afd517828962fde29
22512,2021-11-24 00:00:00+00:00,0.0,0.0,uppsala,5f9fe38afd517828962fde29
22513,2021-11-24 01:00:00+00:00,0.0,0.0,uppsala,5f9fe38afd517828962fde29
22514,2021-11-24 02:00:00+00:00,0.0,0.0,uppsala,5f9fe38afd517828962fde29
22515,2021-11-24 03:00:00+00:00,0.0,0.0,uppsala,5f9fe38afd517828962fde29
22516,2021-11-24 04:00:00+00:00,0.0,0.0,uppsala,5f9fe38afd517828962fde29
22517,2021-11-24 05:00:00+00:00,0.0,0.0,uppsala,5f9fe38afd517828962fde29
22518,2021-11-24 06:00:00+00:00,0.0,0.0,uppsala,5f9fe38afd517828962fde29
22519,2021-11-24 07:00:00+00:00,0.0,0.15,uppsala,5f9fe38afd517828962fde29
22520,2021-11-24 08:00:00+00:00,334.1,2.94,uppsala,5f9fe38afd517828962fde29
22521,2021-11-24 09:00:00+00:00,21.7,6.07,uppsala,5f9fe38afd517828962fde29
22522,2021-11-24 10:00:00+00:00,51.7,4.2,uppsala,5f9fe38afd517828962fde29
22523,2021-11-24 11:00:00+00:00,4.7,3.51,uppsala,5f9fe38afd517828962fde29
22524,2021-11-24 12:00:00+00:00,0.0,1.77,uppsala,5f9fe38afd517828962fde29
22525,2021-11-24 13:00:00+00:00,429.2,0.7,uppsala,5f9fe38afd517828962fde29
22526,2021-11-24 14:00:00+00:00,0.0,0.0,uppsala,5f9fe38afd517828962fde29
22527,2021-11-24 15:00:00+00:00,0.0,0.0,uppsala,5f9fe38afd517828962fde29
22528,2021-11-24 16:00:00+00:00,0.0,0.0,uppsala,5f9fe38afd517828962fde29
22529,2021-11-24 17:00:00+00:00,0.0,0.0,uppsala,5f9fe38afd517828962fde29
22530,2021-11-24 18:00:00+00:00,0.0,0.0,uppsala,5f9fe38afd517828962fde29
22531,2021-11-24 19:00:00+00:00,0.0,0.0,uppsala,5f9fe38afd517828962fde29
22532,2021-11-24 20:00:00+00:00,0.0,0.0,uppsala,5f9fe38afd517828962fde29
22533,2021-11-24 21:00:00+00:00,0.0,0.0,uppsala,5f9fe38afd517828962fde29
22534,2021-11-24 22:00:00+00:00,0.0,0.0,uppsala,5f9fe38afd517828962fde29
22535,2021-11-24 23:00:00+00:00,0.0,0.0,uppsala,5f9fe38afd517828962fde29
22536,2021-11-25 00:00:00+00:00,0.0,0.0,uppsala,5f9fe38afd517828962fde29
22537,2021-11-25 01:00:00+00:00,0.0,0.0,uppsala,5f9fe38afd517828962fde29
22538,2021-11-25 02:00:00+00:00,0.0,0.0,uppsala,5f9fe38afd517828962fde29
22539,2021-11-25 03:00:00+00:00,0.0,0.0,uppsala,5f9fe38afd517828962fde29
22540,2021-11-25 04:00:00+00:00,0.0,0.0,uppsala,5f9fe38afd517828962fde29
22541,2021-11-25 05:00:00+00:00,0.0,0.0,uppsala,5f9fe38afd517828962fde29
22542,2021-11-25 06:00:00+00:00,0.0,0.0,uppsala,5f9fe38afd517828962fde29
22543,2021-11-25 07:00:00+00:00,0.0,0.0,uppsala,5f9fe38afd517828962fde29
22544,2021-11-25 08:00:00+00:00,91.4,0.17,uppsala,5f9fe38afd517828962fde29
22545,2021-11-25 09:00:00+00:00,247.4,1.52,uppsala,5f9fe38afd517828962fde29
22546,2021-11-25 10:00:00+00:00,117.4,2.35,uppsala,5f9fe38afd517828962fde29
22547,2021-11-25 11:00:00+00:00,141.6,1.21,uppsala,5f9fe38afd517828962fde29
22548,2021-11-25 12:00:00+00:00,3.2,1.3,uppsala,5f9fe38afd517828962fde29
22549,2021-11-25 13:00:00+00:00,0.0,0.22,uppsala,5f9fe38afd517828962fde29
22550,2021-11-25 14:00:00+00:00,0.0,0.0,uppsala,5f9fe38afd517828962fde29
22551,2021-11-25 15:00:00+00:00,0.0,0.0,uppsala,5f9fe38afd517828962fde29
22552,2021-11-25 16:00:00+00:00,0.0,0.0,uppsala,5f9fe38afd517828962fde29
22553,2021-11-25 17:00:00+00:00,0.0,0.0,uppsala,5f9fe38afd517828962fde29
22554,2021-11-25 18:00:00+00:00,0.0,0.0,uppsala,5f9fe38afd517828962fde29
22555,2021-11-25 19:00:00+00:00,0.0,0.0,uppsala,5f9fe38afd517828962fde29
22556,2021-11-25 20:00:00+00:00,0.0,0.0,uppsala,5f9fe38afd517828962fde29
22557,2021-11-25 21:00:00+00:00,0.0,0.0,uppsala,5f9fe38afd517828962fde29
22558,2021-11-25 22:00:00+00:00,0.0,0.0,uppsala,5f9fe38afd517828962fde29
22559,2021-11-25 23:00:00+00:00,0.0,0.0,uppsala,5f9fe38afd517828962fde29
22560,2021-11-26 00:00:00+00:00,0.0,0.0,uppsala,5f9fe38afd517828962fde29
22561,2021-11-26 01:00:00+00:00,0.0,0.0,uppsala,5f9fe38afd517828962fde29
22562,2021-11-26 02:00:00+00:00,0.0,0.0,uppsala,5f9fe38afd517828962fde29
22563,2021-11-26 03:00:00+00:00,0.0,0.0,uppsala,5f9fe38afd517828962fde29
22564,2021-11-26 04:00:00+00:00,0.0,0.0,uppsala,5f9fe38afd517828962fde29
22565,2021-11-26 05:00:00+00:00,0.0,0.0,uppsala,5f9fe38afd517828962fde29
22566,2021-11-26 06:00:00+00:00,0.0,0.0,uppsala,5f9fe38afd517828962fde29
22567,2021-11-26 07:00:00+00:00,0.0,0.1,uppsala,5f9fe38afd517828962fde29
22568,2021-11-26 08:00:00+00:00,0.0,0.82,uppsala,5f9fe38afd517828962fde29
22569,2021-11-26 09:00:00+00:00,1.9,1.61,uppsala,5f9fe38afd517828962fde29
22570,2021-11-26 10:00:00+00:00,4.7,2.73,uppsala,5f9fe38afd517828962fde29
22571,2021-11-26 11:00:00+00:00,16.7,3.92,uppsala,5f9fe38afd517828962fde29
22572,2021-11-26 12:00:00+00:00,325.9,0.94,uppsala,5f9fe38afd517828962fde29
22573,2021-11-26 13:00:00+00:00,83.2,0.12,uppsala,5f9fe38afd517828962fde29
22574,2021-11-26 14:00:00+00:00,0.0,0.0,uppsala,5f9fe38afd517828962fde29
22575,2021-11-26 15:00:00+00:00,0.0,0.0,uppsala,5f9fe38afd517828962fde29
22576,2021-11-26 16:00:00+00:00,0.0,0.0,uppsala,5f9fe38afd517828962fde29
22577,2021-11-26 17:00:00+00:00,0.0,0.0,uppsala,5f9fe38afd517828962fde29
22578,2021-11-26 18:00:00+00:00,0.0,0.0,uppsala,5f9fe38afd517828962fde29
22579,2021-11-26 19:00:00+00:00,0.0,0.0,uppsala,5f9fe38afd517828962fde29
22580,2021-11-26 20:00:00+00:00,0.0,0.0,uppsala,5f9fe38afd517828962fde29
22581,2021-11-26 21:00:00+00:00,0.0,0.0,uppsala,5f9fe38afd517828962fde29
22582,2021-11-26 22:00:00+00:00,0.0,0.0,uppsala,5f9fe38afd517828962fde29
22583,2021-11-26 23:00:00+00:00,0.0,0.0,uppsala,5f9fe38afd517828962fde29
22584,2021-11-27 00:00:00+00:00,0.0,0.0,uppsala,5f9fe38afd517828962fde29
22585,2021-11-27 01:00:00+00:00,0.0,0.0,uppsala,5f9fe38afd517828962fde29
22586,2021-11-27 02:00:00+00:00,0.0,0.0,uppsala,5f9fe38afd517828962fde29
22587,2021-11-27 03:00:00+00:00,0.0,0.0,uppsala,5f9fe38afd517828962fde29
22588,2021-11-27 04:00:00+00:00,0.0,0.0,uppsala,5f9fe38afd517828962fde29
22589,2021-11-27 05:00:00+00:00,0.0,0.0,uppsala,5f9fe38afd517828962fde29
22590,2021-11-27 06:00:00+00:00,0.0,0.0,uppsala,5f9fe38afd517828962fde29
22591,2021-11-27 07:00:00+00:00,0.0,0.08,uppsala,5f9fe38afd517828962fde29
22592,2021-11-27 08:00:00+00:00,0.0,0.93,uppsala,5f9fe38afd517828962fde29
22593,2021-11-27 09:00:00+00:00,0.2,1.7,uppsala,5f9fe38afd517828962fde29
22594,2021-11-27 10:00:00+00:00,5.8,1.72,uppsala,5f9fe38afd517828962fde29
22595,2021-11-27 11:00:00+00:00,17.6,1.29,uppsala,5f9fe38afd517828962fde29
22596,2021-11-27 12:00:00+00:00,7.7,0.76,uppsala,5f9fe38afd517828962fde29
22597,2021-11-27 13:00:00+00:00,0.0,0.03,uppsala,5f9fe38afd517828962fde29
22598,2021-11-27 14:00:00+00:00,0.0,0.0,uppsala,5f9fe38afd517828962fde29
22599,2021-11-27 15:00:00+00:00,0.0,0.0,uppsala,5f9fe38afd517828962fde29
22600,2021-11-27 16:00:00+00:00,0.0,0.0,uppsala,5f9fe38afd517828962fde29
22601,2021-11-27 17:00:00+00:00,0.0,0.0,uppsala,5f9fe38afd517828962fde29
22602,2021-11-27 18:00:00+00:00,0.0,0.0,uppsala,5f9fe38afd517828962fde29
22603,2021-11-27 19:00:00+00:00,0.0,0.0,uppsala,5f9fe38afd517828962fde29
22604,2021-11-27 20:00:00+00:00,0.0,0.0,uppsala,5f9fe38afd517828962fde29
22605,2021-11-27 21:00:00+00:00,0.0,0.0,uppsala,5f9fe38afd517828962fde29
22606,2021-11-27 22:00:00+00:00,0.0,0.0,uppsala,5f9fe38afd517828962fde29
22607,2021-11-27 23:00:00+00:00,0.0,0.0,uppsala,5f9fe38afd517828962fde29
22608,2021-11-28 00:00:00+00:00,0.0,0.0,uppsala,5f9fe38afd517828962fde29
22609,2021-11-28 01:00:00+00:00,0.0,0.0,uppsala,5f9fe38afd517828962fde29
22610,2021-11-28 02:00:00+00:00,0.0,0.0,uppsala,5f9fe38afd517828962fde29
22611,2021-11-28 03:00:00+00:00,0.0,0.0,uppsala,5f9fe38afd517828962fde29
22612,2021-11-28 04:00:00+00:00,0.0,0.0,uppsala,5f9fe38afd517828962fde29
22613,2021-11-28 05:00:00+00:00,0.0,0.0,uppsala,5f9fe38afd517828962fde29
22614,2021-11-28 06:00:00+00:00,0.0,0.0,uppsala,5f9fe38afd517828962fde29
22615,2021-11-28 07:00:00+00:00,0.0,0.05,uppsala,5f9fe38afd517828962fde29
22616,2021-11-28 08:00:00+00:00,7.5,1.33,uppsala,5f9fe38afd517828962fde29
22617,2021-11-28 09:00:00+00:00,94.5,3.54,uppsala,5f9fe38afd517828962fde29
22618,2021-11-28 10:00:00+00:00,6.8,5.88,uppsala,5f9fe38afd517828962fde29
22619,2021-11-28 11:00:00+00:00,561.0,7.55,uppsala,5f9fe38afd517828962fde29
22620,2021-11-28 12:00:00+00:00,118.0,8.23,uppsala,5f9fe38afd517828962fde29
22621,2021-11-28 13:00:00+00:00,143.2,2.53,uppsala,5f9fe38afd517828962fde29
22622,2021-11-28 14:00:00+00:00,0.0,0.0,uppsala,5f9fe38afd517828962fde29
22623,2021-11-28 15:00:00+00:00,0.0,0.0,uppsala,5f9fe38afd517828962fde29
22624,2021-11-28 16:00:00+00:00,0.0,0.0,uppsala,5f9fe38afd517828962fde29
22625,2021-11-28 17:00:00+00:00,0.0,0.0,uppsala,5f9fe38afd517828962fde29
22626,2021-11-28 18:00:00+00:00,0.0,0.0,uppsala,5f9fe38afd517828962fde29
22627,2021-11-28 19:00:00+00:00,0.0,0.0,uppsala,5f9fe38afd517828962fde29
22628,2021-11-28 20:00:00+00:00,0.0,0.0,uppsala,5f9fe38afd517828962fde29
22629,2021-11-28 21:00:00+00:00,0.0,0.0,uppsala,5f9fe38afd517828962fde29
22630,2021-11-28 22:00:00+00:00,0.0,0.0,uppsala,5f9fe38afd517828962fde29
22631,2021-11-28 23:00:00+00:00,0.0,0.0,uppsala,5f9fe38afd517828962fde29
22632,2021-11-29 00:00:00+00:00,0.0,0.0,uppsala,5f9fe38afd517828962fde29
22633,2021-11-29 01:00:00+00:00,0.0,0.0,uppsala,5f9fe38afd517828962fde29
22634,2021-11-29 02:00:00+00:00,0.0,0.0,uppsala,5f9fe38afd517828962fde29
22635,2021-11-29 03:00:00+00:00,0.0,0.0,uppsala,5f9fe38afd517828962fde29
22636,2021-11-29 04:00:00+00:00,0.0,0.0,uppsala,5f9fe38afd517828962fde29
22637,2021-11-29 05:00:00+00:00,0.0,0.0,uppsala,5f9fe38afd517828962fde29
22638,2021-11-29 06:00:00+00:00,0.0,0.0,uppsala,5f9fe38afd517828962fde29
22639,2021-11-29 07:00:00+00:00,0.0,0.0,uppsala,5f9fe38afd517828962fde29
22640,2021-11-29 08:00:00+00:00,148.8,1.69,uppsala,5f9fe38afd517828962fde29
22641,2021-11-29 09:00:00+00:00,0.0,1.41,uppsala,5f9fe38afd517828962fde29
22642,2021-11-29 10:00:00+00:00,4.7,0.75,uppsala,5f9fe38afd517828962fde29
22643,2021-11-29 11:00:00+00:00,4.9,1.2,uppsala,5f9fe38afd517828962fde29
22644,2021-11-29 12:00:00+00:00,3.9,1.06,uppsala,5f9fe38afd517828962fde29
22645,2021-11-29 13:00:00+00:00,0.0,0.61,uppsala,5f9fe38afd517828962fde29
22646,2021-11-29 14:00:00+00:00,0.0,0.0,uppsala,5f9fe38afd517828962fde29
22647,2021-11-29 15:00:00+00:00,0.0,0.0,uppsala,5f9fe38afd517828962fde29
22648,2021-11-29 16:00:00+00:00,0.0,0.0,uppsala,5f9fe38afd517828962fde29
22649,2021-11-29 17:00:00+00:00,0.0,0.0,uppsala,5f9fe38afd517828962fde29
22650,2021-11-29 18:00:00+00:00,0.0,0.0,uppsala,5f9fe38afd517828962fde29
22651,2021-11-29 19:00:00+00:00,0.0,0.0,uppsala,5f9fe38afd517828962fde29
22652,2021-11-29 20:00:00+00:00,0.0,0.0,uppsala,5f9fe38afd517828962fde29
22653,2021-11-29 21:00:00+00:00,0.0,0.0,uppsala,5f9fe38afd517828962fde29
22654,2021-11-29 22:00:00+00:00,0.0,0.0,uppsala,5f9fe38afd517828962fde29
22655,2021-11-29 23:00:00+00:00,0.0,0.0,uppsala,5f9fe38afd517828962fde29
22656,2021-11-30 00:00:00+00:00,0.0,0.0,uppsala,5f9fe38afd517828962fde29
22657,2021-11-30 01:00:00+00:00,0.0,0.0,uppsala,5f9fe38afd517828962fde29
22658,2021-11-30 02:00:00+00:00,0.0,0.0,uppsala,5f9fe38afd517828962fde29
22659,2021-11-30 03:00:00+00:00,0.0,0.0,uppsala,5f9fe38afd517828962fde29
22660,2021-11-30 04:00:00+00:00,0.0,0.0,uppsala,5f9fe38afd517828962fde29
22661,2021-11-30 05:00:00+00:00,0.0,0.0,uppsala,5f9fe38afd517828962fde29
22662,2021-11-30 06:00:00+00:00,0.0,0.0,uppsala,5f9fe38afd517828962fde29
22663,2021-11-30 07:00:00+00:00,0.0,1.08,uppsala,5f9fe38afd517828962fde29
22664,2021-11-30 08:00:00+00:00,313.1,5.03,uppsala,5f9fe38afd517828962fde29
22665,2021-11-30 09:00:00+00:00,278.7,5.33,uppsala,5f9fe38afd517828962fde29
22666,2021-11-30 10:00:00+00:00,69.7,2.9,uppsala,5f9fe38afd517828962fde29
22667,2021-11-30 11:00:00+00:00,374.1,3.42,uppsala,5f9fe38afd517828962fde29
22668,2021-11-30 12:00:00+00:00,81.5,6.64,uppsala,5f9fe38afd517828962fde29
22669,2021-11-30 13:00:00+00:00,61.6,0.8,uppsala,5f9fe38afd517828962fde29
22670,2021-11-30 14:00:00+00:00,0.0,0.0,uppsala,5f9fe38afd517828962fde29
22671,2021-11-30 15:00:00+00:00,0.0,0.0,uppsala,5f9fe38afd517828962fde29
22672,2021-11-30 16:00:00+00:00,0.0,0.0,uppsala,5f9fe38afd517828962fde29
22673,2021-11-30 17:00:00+00:00,0.0,0.0,uppsala,5f9fe38afd517828962fde29
22674,2021-11-30 18:00:00+00:00,0.0,0.0,uppsala,5f9fe38afd517828962fde29
22675,2021-11-30 19:00:00+00:00,0.0,0.0,uppsala,5f9fe38afd517828962fde29
22676,2021-11-30 20:00:00+00:00,0.0,0.0,uppsala,5f9fe38afd517828962fde29
22677,2021-11-30 21:00:00+00:00,0.0,0.0,uppsala,5f9fe38afd517828962fde29
22678,2021-11-30 22:00:00+00:00,0.0,0.0,uppsala,5f9fe38afd517828962fde29
22679,2021-11-30 23:00:00+00:00,0.0,0.0,uppsala,5f9fe38afd517828962fde29
22680,2021-12-01 00:00:00+00:00,0.0,0.0,uppsala,5f9fe38afd517828962fde29
22681,2021-12-01 01:00:00+00:00,0.0,0.0,uppsala,5f9fe38afd517828962fde29
22682,2021-12-01 02:00:00+00:00,0.0,0.0,uppsala,5f9fe38afd517828962fde29
22683,2021-12-01 03:00:00+00:00,0.0,0.0,uppsala,5f9fe38afd517828962fde29
22684,2021-12-01 04:00:00+00:00,0.0,0.0,uppsala,5f9fe38afd517828962fde29
22685,2021-12-01 05:00:00+00:00,0.0,0.0,uppsala,5f9fe38afd517828962fde29
22686,2021-12-01 06:00:00+00:00,0.0,0.0,uppsala,5f9fe38afd517828962fde29
22687,2021-12-01 07:00:00+00:00,0.0,0.88,uppsala,5f9fe38afd517828962fde29
22688,2021-12-01 08:00:00+00:00,343.9,2.63,uppsala,5f9fe38afd517828962fde29
22689,2021-12-01 09:00:00+00:00,585.7,4.51,uppsala,5f9fe38afd517828962fde29
22690,2021-12-01 10:00:00+00:00,667.3,5.67,uppsala,5f9fe38afd517828962fde29
22691,2021-12-01 11:00:00+00:00,61.1,9.56,uppsala,5f9fe38afd517828962fde29
22692,2021-12-01 12:00:00+00:00,43.0,3.67,uppsala,5f9fe38afd517828962fde29
22693,2021-12-01 13:00:00+00:00,0.0,0.11,uppsala,5f9fe38afd517828962fde29
22694,2021-12-01 14:00:00+00:00,0.0,0.0,uppsala,5f9fe38afd517828962fde29
22695,2021-12-01 15:00:00+00:00,0.0,0.0,uppsala,5f9fe38afd517828962fde29
22696,2021-12-01 16:00:00+00:00,0.0,0.0,uppsala,5f9fe38afd517828962fde29
22697,2021-12-01 17:00:00+00:00,0.0,0.0,uppsala,5f9fe38afd517828962fde29
22698,2021-12-01 18:00:00+00:00,0.0,0.0,uppsala,5f9fe38afd517828962fde29
22699,2021-12-01 19:00:00+00:00,0.0,0.0,uppsala,5f9fe38afd517828962fde29
22700,2021-12-01 20:00:00+00:00,0.0,0.0,uppsala,5f9fe38afd517828962fde29
22701,2021-12-01 21:00:00+00:00,0.0,0.0,uppsala,5f9fe38afd517828962fde29
22702,2021-12-01 22:00:00+00:00,0.0,0.0,uppsala,5f9fe38afd517828962fde29
22703,2021-12-01 23:00:00+00:00,0.0,0.0,uppsala,5f9fe38afd517828962fde29
22704,2021-12-02 00:00:00+00:00,0.0,0.0,uppsala,5f9fe38afd517828962fde29
22705,2021-12-02 01:00:00+00:00,0.0,0.0,uppsala,5f9fe38afd517828962fde29
22706,2021-12-02 02:00:00+00:00,0.0,0.0,uppsala,5f9fe38afd517828962fde29
22707,2021-12-02 03:00:00+00:00,0.0,0.0,uppsala,5f9fe38afd517828962fde29
22708,2021-12-02 04:00:00+00:00,0.0,0.0,uppsala,5f9fe38afd517828962fde29
22709,2021-12-02 05:00:00+00:00,0.0,0.0,uppsala,5f9fe38afd517828962fde29
22710,2021-12-02 06:00:00+00:00,0.0,0.0,uppsala,5f9fe38afd517828962fde29
22711,2021-12-02 07:00:00+00:00,0.0,0.0,uppsala,5f9fe38afd517828962fde29
22712,2021-12-02 08:00:00+00:00,0.0,0.11,uppsala,5f9fe38afd517828962fde29
22713,2021-12-02 09:00:00+00:00,0.0,0.83,uppsala,5f9fe38afd517828962fde29
22714,2021-12-02 10:00:00+00:00,43.3,0.63,uppsala,5f9fe38afd517828962fde29
22715,2021-12-02 11:00:00+00:00,2.4,0.57,uppsala,5f9fe38afd517828962fde29
22716,2021-12-02 12:00:00+00:00,1.8,0.16,uppsala,5f9fe38afd517828962fde29
22717,2021-12-02 13:00:00+00:00,0.0,0.0,uppsala,5f9fe38afd517828962fde29
22718,2021-12-02 14:00:00+00:00,0.0,0.0,uppsala,5f9fe38afd517828962fde29
22719,2021-12-02 15:00:00+00:00,0.0,0.0,uppsala,5f9fe38afd517828962fde29
22720,2021-12-02 16:00:00+00:00,0.0,0.0,uppsala,5f9fe38afd517828962fde29
22721,2021-12-02 17:00:00+00:00,0.0,0.0,uppsala,5f9fe38afd517828962fde29
22722,2021-12-02 18:00:00+00:00,0.0,0.0,uppsala,5f9fe38afd517828962fde29
22723,2021-12-02 19:00:00+00:00,0.0,0.0,uppsala,5f9fe38afd517828962fde29
22724,2021-12-02 20:00:00+00:00,0.0,0.0,uppsala,5f9fe38afd517828962fde29
22725,2021-12-02 21:00:00+00:00,0.0,0.0,uppsala,5f9fe38afd517828962fde29
22726,2021-12-02 22:00:00+00:00,0.0,0.0,uppsala,5f9fe38afd517828962fde29
22727,2021-12-02 23:00:00+00:00,0.0,0.0,uppsala,5f9fe38afd517828962fde29
22728,2021-12-03 00:00:00+00:00,0.0,0.0,uppsala,5f9fe38afd517828962fde29
22729,2021-12-03 01:00:00+00:00,0.0,0.0,uppsala,5f9fe38afd517828962fde29
22730,2021-12-03 02:00:00+00:00,0.0,0.0,uppsala,5f9fe38afd517828962fde29
22731,2021-12-03 03:00:00+00:00,0.0,0.0,uppsala,5f9fe38afd517828962fde29
22732,2021-12-03 04:00:00+00:00,0.0,0.0,uppsala,5f9fe38afd517828962fde29
22733,2021-12-03 05:00:00+00:00,0.0,0.0,uppsala,5f9fe38afd517828962fde29
22734,2021-12-03 06:00:00+00:00,0.0,0.0,uppsala,5f9fe38afd517828962fde29
22735,2021-12-03 07:00:00+00:00,0.0,0.06,uppsala,5f9fe38afd517828962fde29
22736,2021-12-03 08:00:00+00:00,225.9,2.44,uppsala,5f9fe38afd517828962fde29
22737,2021-12-03 09:00:00+00:00,17.7,0.38,uppsala,5f9fe38afd517828962fde29
22738,2021-12-03 10:00:00+00:00,51.2,1.29,uppsala,5f9fe38afd517828962fde29
22739,2021-12-03 11:00:00+00:00,131.3,3.08,uppsala,5f9fe38afd517828962fde29
22740,2021-12-03 12:00:00+00:00,238.9,3.22,uppsala,5f9fe38afd517828962fde29
22741,2021-12-03 13:00:00+00:00,22.0,0.95,uppsala,5f9fe38afd517828962fde29
22742,2021-12-03 14:00:00+00:00,0.0,0.0,uppsala,5f9fe38afd517828962fde29
22743,2021-12-03 15:00:00+00:00,0.0,0.0,uppsala,5f9fe38afd517828962fde29
22744,2021-12-03 16:00:00+00:00,0.0,0.0,uppsala,5f9fe38afd517828962fde29
22745,2021-12-03 17:00:00+00:00,0.0,0.0,uppsala,5f9fe38afd517828962fde29
22746,2021-12-03 18:00:00+00:00,0.0,0.0,uppsala,5f9fe38afd517828962fde29
22747,2021-12-03 19:00:00+00:00,0.0,0.0,uppsala,5f9fe38afd517828962fde29
22748,2021-12-03 20:00:00+00:00,0.0,0.0,uppsala,5f9fe38afd517828962fde29
22749,2021-12-03 21:00:00+00:00,0.0,0.0,uppsala,5f9fe38afd517828962fde29
22750,2021-12-03 22:00:00+00:00,0.0,0.0,uppsala,5f9fe38afd517828962fde29
22751,2021-12-03 23:00:00+00:00,0.0,0.0,uppsala,5f9fe38afd517828962fde29
22752,2021-12-04 00:00:00+00:00,0.0,0.0,uppsala,5f9fe38afd517828962fde29
22753,2021-12-04 01:00:00+00:00,0.0,0.0,uppsala,5f9fe38afd517828962fde29
22754,2021-12-04 02:00:00+00:00,0.0,0.0,uppsala,5f9fe38afd517828962fde29
22755,2021-12-04 03:00:00+00:00,0.0,0.0,uppsala,5f9fe38afd517828962fde29
22756,2021-12-04 04:00:00+00:00,0.0,0.0,uppsala,5f9fe38afd517828962fde29
22757,2021-12-04 05:00:00+00:00,0.0,0.0,uppsala,5f9fe38afd517828962fde29
22758,2021-12-04 06:00:00+00:00,0.0,0.0,uppsala,5f9fe38afd517828962fde29
22759,2021-12-04 07:00:00+00:00,0.0,0.14,uppsala,5f9fe38afd517828962fde29
22760,2021-12-04 08:00:00+00:00,302.5,2.98,uppsala,5f9fe38afd517828962fde29
22761,2021-12-04 09:00:00+00:00,530.7,5.1,uppsala,5f9fe38afd517828962fde29
22762,2021-12-04 10:00:00+00:00,623.0,7.18,uppsala,5f9fe38afd517828962fde29
22763,2021-12-04 11:00:00+00:00,634.8,8.08,uppsala,5f9fe38afd517828962fde29
22764,2021-12-04 12:00:00+00:00,572.4,5.85,uppsala,5f9fe38afd517828962fde29
22765,2021-12-04 13:00:00+00:00,383.4,1.42,uppsala,5f9fe38afd517828962fde29
22766,2021-12-04 14:00:00+00:00,0.0,0.0,uppsala,5f9fe38afd517828962fde29
22767,2021-12-04 15:00:00+00:00,0.0,0.0,uppsala,5f9fe38afd517828962fde29
22768,2021-12-04 16:00:00+00:00,0.0,0.0,uppsala,5f9fe38afd517828962fde29
22769,2021-12-04 17:00:00+00:00,0.0,0.0,uppsala,5f9fe38afd517828962fde29
22770,2021-12-04 18:00:00+00:00,0.0,0.0,uppsala,5f9fe38afd517828962fde29
22771,2021-12-04 19:00:00+00:00,0.0,0.0,uppsala,5f9fe38afd517828962fde29
22772,2021-12-04 20:00:00+00:00,0.0,0.0,uppsala,5f9fe38afd517828962fde29
22773,2021-12-04 21:00:00+00:00,0.0,0.0,uppsala,5f9fe38afd517828962fde29
22774,2021-12-04 22:00:00+00:00,0.0,0.0,uppsala,5f9fe38afd517828962fde29
22775,2021-12-04 23:00:00+00:00,0.0,0.0,uppsala,5f9fe38afd517828962fde29
22776,2021-12-05 00:00:00+00:00,0.0,0.0,uppsala,5f9fe38afd517828962fde29
22777,2021-12-05 01:00:00+00:00,0.0,0.0,uppsala,5f9fe38afd517828962fde29
22778,2021-12-05 02:00:00+00:00,0.0,0.0,uppsala,5f9fe38afd517828962fde29
22779,2021-12-05 03:00:00+00:00,0.0,0.0,uppsala,5f9fe38afd517828962fde29
22780,2021-12-05 04:00:00+00:00,0.0,0.0,uppsala,5f9fe38afd517828962fde29
22781,2021-12-05 05:00:00+00:00,0.0,0.0,uppsala,5f9fe38afd517828962fde29
22782,2021-12-05 06:00:00+00:00,0.0,0.0,uppsala,5f9fe38afd517828962fde29
22783,2021-12-05 07:00:00+00:00,0.0,0.0,uppsala,5f9fe38afd517828962fde29
22784,2021-12-05 08:00:00+00:00,0.1,0.0,uppsala,5f9fe38afd517828962fde29
22785,2021-12-05 09:00:00+00:00,29.5,0.13,uppsala,5f9fe38afd517828962fde29
22786,2021-12-05 10:00:00+00:00,15.6,0.23,uppsala,5f9fe38afd517828962fde29
22787,2021-12-05 11:00:00+00:00,4.6,0.19,uppsala,5f9fe38afd517828962fde29
22788,2021-12-05 12:00:00+00:00,23.9,0.21,uppsala,5f9fe38afd517828962fde29
22789,2021-12-05 13:00:00+00:00,0.0,0.02,uppsala,5f9fe38afd517828962fde29
22790,2021-12-05 14:00:00+00:00,0.0,0.0,uppsala,5f9fe38afd517828962fde29
22791,2021-12-05 15:00:00+00:00,0.0,0.0,uppsala,5f9fe38afd517828962fde29
22792,2021-12-05 16:00:00+00:00,0.0,0.0,uppsala,5f9fe38afd517828962fde29
22793,2021-12-05 17:00:00+00:00,0.0,0.0,uppsala,5f9fe38afd517828962fde29
22794,2021-12-05 18:00:00+00:00,0.0,0.0,uppsala,5f9fe38afd517828962fde29
22795,2021-12-05 19:00:00+00:00,0.0,0.0,uppsala,5f9fe38afd517828962fde29
22796,2021-12-05 20:00:00+00:00,0.0,0.0,uppsala,5f9fe38afd517828962fde29
22797,2021-12-05 21:00:00+00:00,0.0,0.0,uppsala,5f9fe38afd517828962fde29
22798,2021-12-05 22:00:00+00:00,0.0,0.0,uppsala,5f9fe38afd517828962fde29
22799,2021-12-05 23:00:00+00:00,0.0,0.0,uppsala,5f9fe38afd517828962fde29
22800,2021-12-06 00:00:00+00:00,0.0,0.0,uppsala,5f9fe38afd517828962fde29
22801,2021-12-06 01:00:00+00:00,0.0,0.0,uppsala,5f9fe38afd517828962fde29
22802,2021-12-06 02:00:00+00:00,0.0,0.0,uppsala,5f9fe38afd517828962fde29
22803,2021-12-06 03:00:00+00:00,0.0,0.0,uppsala,5f9fe38afd517828962fde29
22804,2021-12-06 04:00:00+00:00,0.0,0.0,uppsala,5f9fe38afd517828962fde29
22805,2021-12-06 05:00:00+00:00,0.0,0.0,uppsala,5f9fe38afd517828962fde29
22806,2021-12-06 06:00:00+00:00,0.0,0.0,uppsala,5f9fe38afd517828962fde29
22807,2021-12-06 07:00:00+00:00,0.0,0.4,uppsala,5f9fe38afd517828962fde29
22808,2021-12-06 08:00:00+00:00,279.9,4.4,uppsala,5f9fe38afd517828962fde29
22809,2021-12-06 09:00:00+00:00,37.2,5.8,uppsala,5f9fe38afd517828962fde29
22810,2021-12-06 10:00:00+00:00,43.4,6.15,uppsala,5f9fe38afd517828962fde29
22811,2021-12-06 11:00:00+00:00,299.7,7.45,uppsala,5f9fe38afd517828962fde29
22812,2021-12-06 12:00:00+00:00,600.0,6.78,uppsala,5f9fe38afd517828962fde29
22813,2021-12-06 13:00:00+00:00,400.2,1.21,uppsala,5f9fe38afd517828962fde29
22814,2021-12-06 14:00:00+00:00,0.0,0.0,uppsala,5f9fe38afd517828962fde29
22815,2021-12-06 15:00:00+00:00,0.0,0.0,uppsala,5f9fe38afd517828962fde29
22816,2021-12-06 16:00:00+00:00,0.0,0.0,uppsala,5f9fe38afd517828962fde29
22817,2021-12-06 17:00:00+00:00,0.0,0.0,uppsala,5f9fe38afd517828962fde29
22818,2021-12-06 18:00:00+00:00,0.0,0.0,uppsala,5f9fe38afd517828962fde29
22819,2021-12-06 19:00:00+00:00,0.0,0.0,uppsala,5f9fe38afd517828962fde29
22820,2021-12-06 20:00:00+00:00,0.0,0.0,uppsala,5f9fe38afd517828962fde29
22821,2021-12-06 21:00:00+00:00,0.0,0.0,uppsala,5f9fe38afd517828962fde29
22822,2021-12-06 22:00:00+00:00,0.0,0.0,uppsala,5f9fe38afd517828962fde29
22823,2021-12-06 23:00:00+00:00,0.0,0.0,uppsala,5f9fe38afd517828962fde29
22824,2021-12-07 00:00:00+00:00,0.0,0.0,uppsala,5f9fe38afd517828962fde29
22825,2021-12-07 01:00:00+00:00,0.0,0.0,uppsala,5f9fe38afd517828962fde29
22826,2021-12-07 02:00:00+00:00,0.0,0.0,uppsala,5f9fe38afd517828962fde29
22827,2021-12-07 03:00:00+00:00,0.0,0.0,uppsala,5f9fe38afd517828962fde29
22828,2021-12-07 04:00:00+00:00,0.0,0.0,uppsala,5f9fe38afd517828962fde29
22829,2021-12-07 05:00:00+00:00,0.0,0.0,uppsala,5f9fe38afd517828962fde29
22830,2021-12-07 06:00:00+00:00,0.0,0.0,uppsala,5f9fe38afd517828962fde29
22831,2021-12-07 07:00:00+00:00,0.0,0.37,uppsala,5f9fe38afd517828962fde29
22832,2021-12-07 08:00:00+00:00,231.4,4.18,uppsala,5f9fe38afd517828962fde29
22833,2021-12-07 09:00:00+00:00,510.2,5.82,uppsala,5f9fe38afd517828962fde29
22834,2021-12-07 10:00:00+00:00,608.7,6.99,uppsala,5f9fe38afd517828962fde29
22835,2021-12-07 11:00:00+00:00,621.4,7.99,uppsala,5f9fe38afd517828962fde29
22836,2021-12-07 12:00:00+00:00,557.3,6.56,uppsala,5f9fe38afd517828962fde29
22837,2021-12-07 13:00:00+00:00,357.0,0.93,uppsala,5f9fe38afd517828962fde29
22838,2021-12-07 14:00:00+00:00,0.0,0.0,uppsala,5f9fe38afd517828962fde29
22839,2021-12-07 15:00:00+00:00,0.0,0.0,uppsala,5f9fe38afd517828962fde29
22840,2021-12-07 16:00:00+00:00,0.0,0.0,uppsala,5f9fe38afd517828962fde29
22841,2021-12-07 17:00:00+00:00,0.0,0.0,uppsala,5f9fe38afd517828962fde29
22842,2021-12-07 18:00:00+00:00,0.0,0.0,uppsala,5f9fe38afd517828962fde29
22843,2021-12-07 19:00:00+00:00,0.0,0.0,uppsala,5f9fe38afd517828962fde29
22844,2021-12-07 20:00:00+00:00,0.0,0.0,uppsala,5f9fe38afd517828962fde29
22845,2021-12-07 21:00:00+00:00,0.0,0.0,uppsala,5f9fe38afd517828962fde29
22846,2021-12-07 22:00:00+00:00,0.0,0.0,uppsala,5f9fe38afd517828962fde29
22847,2021-12-07 23:00:00+00:00,0.0,0.0,uppsala,5f9fe38afd517828962fde29
22848,2021-12-08 00:00:00+00:00,0.0,0.0,uppsala,5f9fe38afd517828962fde29
22849,2021-12-08 01:00:00+00:00,0.0,0.0,uppsala,5f9fe38afd517828962fde29
22850,2021-12-08 02:00:00+00:00,0.0,0.0,uppsala,5f9fe38afd517828962fde29
22851,2021-12-08 03:00:00+00:00,0.0,0.0,uppsala,5f9fe38afd517828962fde29
22852,2021-12-08 04:00:00+00:00,0.0,0.0,uppsala,5f9fe38afd517828962fde29
22853,2021-12-08 05:00:00+00:00,0.0,0.0,uppsala,5f9fe38afd517828962fde29
22854,2021-12-08 06:00:00+00:00,0.0,0.0,uppsala,5f9fe38afd517828962fde29
22855,2021-12-08 07:00:00+00:00,0.0,0.0,uppsala,5f9fe38afd517828962fde29
22856,2021-12-08 08:00:00+00:00,25.1,0.03,uppsala,5f9fe38afd517828962fde29
22857,2021-12-08 09:00:00+00:00,82.1,0.12,uppsala,5f9fe38afd517828962fde29
22858,2021-12-08 10:00:00+00:00,0.0,0.36,uppsala,5f9fe38afd517828962fde29
22859,2021-12-08 11:00:00+00:00,8.1,0.29,uppsala,5f9fe38afd517828962fde29
22860,2021-12-08 12:00:00+00:00,0.0,0.07,uppsala,5f9fe38afd517828962fde29
22861,2021-12-08 13:00:00+00:00,0.0,0.0,uppsala,5f9fe38afd517828962fde29
22862,2021-12-08 14:00:00+00:00,0.0,0.0,uppsala,5f9fe38afd517828962fde29
22863,2021-12-08 15:00:00+00:00,0.0,0.0,uppsala,5f9fe38afd517828962fde29
22864,2021-12-08 16:00:00+00:00,0.0,0.0,uppsala,5f9fe38afd517828962fde29
22865,2021-12-08 17:00:00+00:00,0.0,0.0,uppsala,5f9fe38afd517828962fde29
22866,2021-12-08 18:00:00+00:00,0.0,0.0,uppsala,5f9fe38afd517828962fde29
22867,2021-12-08 19:00:00+00:00,0.0,0.0,uppsala,5f9fe38afd517828962fde29
22868,2021-12-08 20:00:00+00:00,0.0,0.0,uppsala,5f9fe38afd517828962fde29
22869,2021-12-08 21:00:00+00:00,0.0,0.0,uppsala,5f9fe38afd517828962fde29
22870,2021-12-08 22:00:00+00:00,0.0,0.0,uppsala,5f9fe38afd517828962fde29
22871,2021-12-08 23:00:00+00:00,0.0,0.0,uppsala,5f9fe38afd517828962fde29
22872,2021-12-09 00:00:00+00:00,0.0,0.0,uppsala,5f9fe38afd517828962fde29
22873,2021-12-09 01:00:00+00:00,0.0,0.0,uppsala,5f9fe38afd517828962fde29
22874,2021-12-09 02:00:00+00:00,0.0,0.0,uppsala,5f9fe38afd517828962fde29
22875,2021-12-09 03:00:00+00:00,0.0,0.0,uppsala,5f9fe38afd517828962fde29
22876,2021-12-09 04:00:00+00:00,0.0,0.0,uppsala,5f9fe38afd517828962fde29
22877,2021-12-09 05:00:00+00:00,0.0,0.0,uppsala,5f9fe38afd517828962fde29
22878,2021-12-09 06:00:00+00:00,0.0,0.0,uppsala,5f9fe38afd517828962fde29
22879,2021-12-09 07:00:00+00:00,0.0,0.0,uppsala,5f9fe38afd517828962fde29
22880,2021-12-09 08:00:00+00:00,0.0,0.0,uppsala,5f9fe38afd517828962fde29
22881,2021-12-09 09:00:00+00:00,0.0,0.43,uppsala,5f9fe38afd517828962fde29
22882,2021-12-09 10:00:00+00:00,8.6,1.88,uppsala,5f9fe38afd517828962fde29
22883,2021-12-09 11:00:00+00:00,24.2,0.56,uppsala,5f9fe38afd517828962fde29
22884,2021-12-09 12:00:00+00:00,6.0,0.07,uppsala,5f9fe38afd517828962fde29
22885,2021-12-09 13:00:00+00:00,0.0,0.0,uppsala,5f9fe38afd517828962fde29
22886,2021-12-09 14:00:00+00:00,0.0,0.0,uppsala,5f9fe38afd517828962fde29
22887,2021-12-09 15:00:00+00:00,0.0,0.0,uppsala,5f9fe38afd517828962fde29
22888,2021-12-09 16:00:00+00:00,0.0,0.0,uppsala,5f9fe38afd517828962fde29
22889,2021-12-09 17:00:00+00:00,0.0,0.0,uppsala,5f9fe38afd517828962fde29
22890,2021-12-09 18:00:00+00:00,0.0,0.0,uppsala,5f9fe38afd517828962fde29
22891,2021-12-09 19:00:00+00:00,0.0,0.0,uppsala,5f9fe38afd517828962fde29
22892,2021-12-09 20:00:00+00:00,0.0,0.0,uppsala,5f9fe38afd517828962fde29
22893,2021-12-09 21:00:00+00:00,0.0,0.0,uppsala,5f9fe38afd517828962fde29
22894,2021-12-09 22:00:00+00:00,0.0,0.0,uppsala,5f9fe38afd517828962fde29
22895,2021-12-09 23:00:00+00:00,0.0,0.0,uppsala,5f9fe38afd517828962fde29
22896,2021-12-10 00:00:00+00:00,0.0,0.0,uppsala,5f9fe38afd517828962fde29
22897,2021-12-10 01:00:00+00:00,0.0,0.0,uppsala,5f9fe38afd517828962fde29
22898,2021-12-10 02:00:00+00:00,0.0,0.0,uppsala,5f9fe38afd517828962fde29
22899,2021-12-10 03:00:00+00:00,0.0,0.0,uppsala,5f9fe38afd517828962fde29
22900,2021-12-10 04:00:00+00:00,0.0,0.0,uppsala,5f9fe38afd517828962fde29
22901,2021-12-10 05:00:00+00:00,0.0,0.0,uppsala,5f9fe38afd517828962fde29
22902,2021-12-10 06:00:00+00:00,0.0,0.0,uppsala,5f9fe38afd517828962fde29
22903,2021-12-10 07:00:00+00:00,0.0,0.0,uppsala,5f9fe38afd517828962fde29
22904,2021-12-10 08:00:00+00:00,0.0,0.0,uppsala,5f9fe38afd517828962fde29
22905,2021-12-10 09:00:00+00:00,0.0,0.0,uppsala,5f9fe38afd517828962fde29
22906,2021-12-10 10:00:00+00:00,0.0,0.0,uppsala,5f9fe38afd517828962fde29
22907,2021-12-10 11:00:00+00:00,0.0,0.01,uppsala,5f9fe38afd517828962fde29
22908,2021-12-10 12:00:00+00:00,0.0,0.0,uppsala,5f9fe38afd517828962fde29
22909,2021-12-10 13:00:00+00:00,0.0,0.0,uppsala,5f9fe38afd517828962fde29
22910,2021-12-10 14:00:00+00:00,0.0,0.0,uppsala,5f9fe38afd517828962fde29
22911,2021-12-10 15:00:00+00:00,0.0,0.0,uppsala,5f9fe38afd517828962fde29
22912,2021-12-10 16:00:00+00:00,0.0,0.0,uppsala,5f9fe38afd517828962fde29
22913,2021-12-10 17:00:00+00:00,0.0,0.0,uppsala,5f9fe38afd517828962fde29
22914,2021-12-10 18:00:00+00:00,0.0,0.0,uppsala,5f9fe38afd517828962fde29
22915,2021-12-10 19:00:00+00:00,0.0,0.0,uppsala,5f9fe38afd517828962fde29
22916,2021-12-10 20:00:00+00:00,0.0,0.0,uppsala,5f9fe38afd517828962fde29
22917,2021-12-10 21:00:00+00:00,0.0,0.0,uppsala,5f9fe38afd517828962fde29
22918,2021-12-10 22:00:00+00:00,0.0,0.0,uppsala,5f9fe38afd517828962fde29
22919,2021-12-10 23:00:00+00:00,0.0,0.0,uppsala,5f9fe38afd517828962fde29
22920,2021-12-11 00:00:00+00:00,0.0,0.0,uppsala,5f9fe38afd517828962fde29
22921,2021-12-11 01:00:00+00:00,0.0,0.0,uppsala,5f9fe38afd517828962fde29
22922,2021-12-11 02:00:00+00:00,0.0,0.0,uppsala,5f9fe38afd517828962fde29
22923,2021-12-11 03:00:00+00:00,0.0,0.0,uppsala,5f9fe38afd517828962fde29
22924,2021-12-11 04:00:00+00:00,0.0,0.0,uppsala,5f9fe38afd517828962fde29
22925,2021-12-11 05:00:00+00:00,0.0,0.0,uppsala,5f9fe38afd517828962fde29
22926,2021-12-11 06:00:00+00:00,0.0,0.0,uppsala,5f9fe38afd517828962fde29
22927,2021-12-11 07:00:00+00:00,0.0,0.0,uppsala,5f9fe38afd517828962fde29
22928,2021-12-11 08:00:00+00:00,0.0,0.01,uppsala,5f9fe38afd517828962fde29
22929,2021-12-11 09:00:00+00:00,0.0,0.23,uppsala,5f9fe38afd517828962fde29
22930,2021-12-11 10:00:00+00:00,5.6,2.37,uppsala,5f9fe38afd517828962fde29
22931,2021-12-11 11:00:00+00:00,0.0,0.79,uppsala,5f9fe38afd517828962fde29
22932,2021-12-11 12:00:00+00:00,20.7,0.06,uppsala,5f9fe38afd517828962fde29
22933,2021-12-11 13:00:00+00:00,0.0,0.0,uppsala,5f9fe38afd517828962fde29
22934,2021-12-11 14:00:00+00:00,0.0,0.0,uppsala,5f9fe38afd517828962fde29
22935,2021-12-11 15:00:00+00:00,0.0,0.0,uppsala,5f9fe38afd517828962fde29
22936,2021-12-11 16:00:00+00:00,0.0,0.0,uppsala,5f9fe38afd517828962fde29
22937,2021-12-11 17:00:00+00:00,0.0,0.0,uppsala,5f9fe38afd517828962fde29
22938,2021-12-11 18:00:00+00:00,0.0,0.0,uppsala,5f9fe38afd517828962fde29
22939,2021-12-11 19:00:00+00:00,0.0,0.0,uppsala,5f9fe38afd517828962fde29
22940,2021-12-11 20:00:00+00:00,0.0,0.0,uppsala,5f9fe38afd517828962fde29
22941,2021-12-11 21:00:00+00:00,0.0,0.0,uppsala,5f9fe38afd517828962fde29
22942,2021-12-11 22:00:00+00:00,0.0,0.0,uppsala,5f9fe38afd517828962fde29
22943,2021-12-11 23:00:00+00:00,0.0,0.0,uppsala,5f9fe38afd517828962fde29
22944,2021-12-12 00:00:00+00:00,0.0,0.0,uppsala,5f9fe38afd517828962fde29
22945,2021-12-12 01:00:00+00:00,0.0,0.0,uppsala,5f9fe38afd517828962fde29
22946,2021-12-12 02:00:00+00:00,0.0,0.0,uppsala,5f9fe38afd517828962fde29
22947,2021-12-12 03:00:00+00:00,0.0,0.0,uppsala,5f9fe38afd517828962fde29
22948,2021-12-12 04:00:00+00:00,0.0,0.0,uppsala,5f9fe38afd517828962fde29
22949,2021-12-12 05:00:00+00:00,0.0,0.0,uppsala,5f9fe38afd517828962fde29
22950,2021-12-12 06:00:00+00:00,0.0,0.0,uppsala,5f9fe38afd517828962fde29
22951,2021-12-12 07:00:00+00:00,0.0,0.0,uppsala,5f9fe38afd517828962fde29
22952,2021-12-12 08:00:00+00:00,2.1,3.19,uppsala,5f9fe38afd517828962fde29
22953,2021-12-12 09:00:00+00:00,267.9,7.75,uppsala,5f9fe38afd517828962fde29
22954,2021-12-12 10:00:00+00:00,22.7,3.51,uppsala,5f9fe38afd517828962fde29
22955,2021-12-12 11:00:00+00:00,50.3,1.78,uppsala,5f9fe38afd517828962fde29
22956,2021-12-12 12:00:00+00:00,0.0,0.73,uppsala,5f9fe38afd517828962fde29
22957,2021-12-12 13:00:00+00:00,0.0,0.0,uppsala,5f9fe38afd517828962fde29
22958,2021-12-12 14:00:00+00:00,0.0,0.0,uppsala,5f9fe38afd517828962fde29
22959,2021-12-12 15:00:00+00:00,0.0,0.0,uppsala,5f9fe38afd517828962fde29
22960,2021-12-12 16:00:00+00:00,0.0,0.0,uppsala,5f9fe38afd517828962fde29
22961,2021-12-12 17:00:00+00:00,0.0,0.0,uppsala,5f9fe38afd517828962fde29
22962,2021-12-12 18:00:00+00:00,0.0,0.0,uppsala,5f9fe38afd517828962fde29
22963,2021-12-12 19:00:00+00:00,0.0,0.0,uppsala,5f9fe38afd517828962fde29
22964,2021-12-12 20:00:00+00:00,0.0,0.0,uppsala,5f9fe38afd517828962fde29
22965,2021-12-12 21:00:00+00:00,0.0,0.0,uppsala,5f9fe38afd517828962fde29
22966,2021-12-12 22:00:00+00:00,0.0,0.0,uppsala,5f9fe38afd517828962fde29
22967,2021-12-12 23:00:00+00:00,0.0,0.0,uppsala,5f9fe38afd517828962fde29
22968,2021-12-13 00:00:00+00:00,0.0,0.0,uppsala,5f9fe38afd517828962fde29
22969,2021-12-13 01:00:00+00:00,0.0,0.0,uppsala,5f9fe38afd517828962fde29
22970,2021-12-13 02:00:00+00:00,0.0,0.0,uppsala,5f9fe38afd517828962fde29
22971,2021-12-13 03:00:00+00:00,0.0,0.0,uppsala,5f9fe38afd517828962fde29
22972,2021-12-13 04:00:00+00:00,0.0,0.0,uppsala,5f9fe38afd517828962fde29
22973,2021-12-13 05:00:00+00:00,0.0,0.0,uppsala,5f9fe38afd517828962fde29
22974,2021-12-13 06:00:00+00:00,0.0,0.0,uppsala,5f9fe38afd517828962fde29
22975,2021-12-13 07:00:00+00:00,0.0,0.0,uppsala,5f9fe38afd517828962fde29
22976,2021-12-13 08:00:00+00:00,0.0,0.25,uppsala,5f9fe38afd517828962fde29
22977,2021-12-13 09:00:00+00:00,0.0,1.8,uppsala,5f9fe38afd517828962fde29
22978,2021-12-13 10:00:00+00:00,0.0,2.28,uppsala,5f9fe38afd517828962fde29
22979,2021-12-13 11:00:00+00:00,1.8,1.38,uppsala,5f9fe38afd517828962fde29
22980,2021-12-13 12:00:00+00:00,0.0,0.44,uppsala,5f9fe38afd517828962fde29
22981,2021-12-13 13:00:00+00:00,0.0,0.0,uppsala,5f9fe38afd517828962fde29
22982,2021-12-13 14:00:00+00:00,0.0,0.0,uppsala,5f9fe38afd517828962fde29
22983,2021-12-13 15:00:00+00:00,0.0,0.0,uppsala,5f9fe38afd517828962fde29
22984,2021-12-13 16:00:00+00:00,0.0,0.0,uppsala,5f9fe38afd517828962fde29
22985,2021-12-13 17:00:00+00:00,0.0,0.0,uppsala,5f9fe38afd517828962fde29
22986,2021-12-13 18:00:00+00:00,0.0,0.0,uppsala,5f9fe38afd517828962fde29
22987,2021-12-13 19:00:00+00:00,0.0,0.0,uppsala,5f9fe38afd517828962fde29
22988,2021-12-13 20:00:00+00:00,0.0,0.0,uppsala,5f9fe38afd517828962fde29
22989,2021-12-13 21:00:00+00:00,0.0,0.0,uppsala,5f9fe38afd517828962fde29
22990,2021-12-13 22:00:00+00:00,0.0,0.0,uppsala,5f9fe38afd517828962fde29
22991,2021-12-13 23:00:00+00:00,0.0,0.0,uppsala,5f9fe38afd517828962fde29
22992,2021-12-14 00:00:00+00:00,0.0,0.0,uppsala,5f9fe38afd517828962fde29
22993,2021-12-14 01:00:00+00:00,0.0,0.0,uppsala,5f9fe38afd517828962fde29
22994,2021-12-14 02:00:00+00:00,0.0,0.0,uppsala,5f9fe38afd517828962fde29
22995,2021-12-14 03:00:00+00:00,0.0,0.0,uppsala,5f9fe38afd517828962fde29
22996,2021-12-14 04:00:00+00:00,0.0,0.0,uppsala,5f9fe38afd517828962fde29
22997,2021-12-14 05:00:00+00:00,0.0,0.0,uppsala,5f9fe38afd517828962fde29
22998,2021-12-14 06:00:00+00:00,0.0,0.0,uppsala,5f9fe38afd517828962fde29
22999,2021-12-14 07:00:00+00:00,0.0,0.0,uppsala,5f9fe38afd517828962fde29
23000,2021-12-14 08:00:00+00:00,0.0,0.4,uppsala,5f9fe38afd517828962fde29
23001,2021-12-14 09:00:00+00:00,0.0,2.81,uppsala,5f9fe38afd517828962fde29
23002,2021-12-14 10:00:00+00:00,0.0,3.02,uppsala,5f9fe38afd517828962fde29
23003,2021-12-14 11:00:00+00:00,0.0,2.45,uppsala,5f9fe38afd517828962fde29
23004,2021-12-14 12:00:00+00:00,171.8,1.2,uppsala,5f9fe38afd517828962fde29
23005,2021-12-14 13:00:00+00:00,2.9,0.01,uppsala,5f9fe38afd517828962fde29
23006,2021-12-14 14:00:00+00:00,0.0,0.0,uppsala,5f9fe38afd517828962fde29
23007,2021-12-14 15:00:00+00:00,0.0,0.0,uppsala,5f9fe38afd517828962fde29
23008,2021-12-14 16:00:00+00:00,0.0,0.0,uppsala,5f9fe38afd517828962fde29
23009,2021-12-14 17:00:00+00:00,0.0,0.0,uppsala,5f9fe38afd517828962fde29
23010,2021-12-14 18:00:00+00:00,0.0,0.0,uppsala,5f9fe38afd517828962fde29
23011,2021-12-14 19:00:00+00:00,0.0,0.0,uppsala,5f9fe38afd517828962fde29
23012,2021-12-14 20:00:00+00:00,0.0,0.0,uppsala,5f9fe38afd517828962fde29
23013,2021-12-14 21:00:00+00:00,0.0,0.0,uppsala,5f9fe38afd517828962fde29
23014,2021-12-14 22:00:00+00:00,0.0,0.0,uppsala,5f9fe38afd517828962fde29
23015,2021-12-14 23:00:00+00:00,0.0,0.0,uppsala,5f9fe38afd517828962fde29
23016,2021-12-15 00:00:00+00:00,0.0,0.0,uppsala,5f9fe38afd517828962fde29
23017,2021-12-15 01:00:00+00:00,0.0,0.0,uppsala,5f9fe38afd517828962fde29
23018,2021-12-15 02:00:00+00:00,0.0,0.0,uppsala,5f9fe38afd517828962fde29
23019,2021-12-15 03:00:00+00:00,0.0,0.0,uppsala,5f9fe38afd517828962fde29
23020,2021-12-15 04:00:00+00:00,0.0,0.0,uppsala,5f9fe38afd517828962fde29
23021,2021-12-15 05:00:00+00:00,0.0,0.0,uppsala,5f9fe38afd517828962fde29
23022,2021-12-15 06:00:00+00:00,0.0,0.0,uppsala,5f9fe38afd517828962fde29
23023,2021-12-15 07:00:00+00:00,0.0,0.0,uppsala,5f9fe38afd517828962fde29
23024,2021-12-15 08:00:00+00:00,0.0,0.44,uppsala,5f9fe38afd517828962fde29
23025,2021-12-15 09:00:00+00:00,0.0,0.85,uppsala,5f9fe38afd517828962fde29
23026,2021-12-15 10:00:00+00:00,0.0,0.83,uppsala,5f9fe38afd517828962fde29
23027,2021-12-15 11:00:00+00:00,0.1,1.09,uppsala,5f9fe38afd517828962fde29
23028,2021-12-15 12:00:00+00:00,44.9,0.33,uppsala,5f9fe38afd517828962fde29
23029,2021-12-15 13:00:00+00:00,19.0,0.0,uppsala,5f9fe38afd517828962fde29
23030,2021-12-15 14:00:00+00:00,0.0,0.0,uppsala,5f9fe38afd517828962fde29
23031,2021-12-15 15:00:00+00:00,0.0,0.0,uppsala,5f9fe38afd517828962fde29
23032,2021-12-15 16:00:00+00:00,0.0,0.0,uppsala,5f9fe38afd517828962fde29
23033,2021-12-15 17:00:00+00:00,0.0,0.0,uppsala,5f9fe38afd517828962fde29
23034,2021-12-15 18:00:00+00:00,0.0,0.0,uppsala,5f9fe38afd517828962fde29
23035,2021-12-15 19:00:00+00:00,0.0,0.0,uppsala,5f9fe38afd517828962fde29
23036,2021-12-15 20:00:00+00:00,0.0,0.0,uppsala,5f9fe38afd517828962fde29
23037,2021-12-15 21:00:00+00:00,0.0,0.0,uppsala,5f9fe38afd517828962fde29
23038,2021-12-15 22:00:00+00:00,0.0,0.0,uppsala,5f9fe38afd517828962fde29
23039,2021-12-15 23:00:00+00:00,0.0,0.0,uppsala,5f9fe38afd517828962fde29
23040,2021-12-16 00:00:00+00:00,0.0,0.0,uppsala,5f9fe38afd517828962fde29
23041,2021-12-16 01:00:00+00:00,0.0,0.0,uppsala,5f9fe38afd517828962fde29
23042,2021-12-16 02:00:00+00:00,0.0,0.0,uppsala,5f9fe38afd517828962fde29
23043,2021-12-16 03:00:00+00:00,0.0,0.0,uppsala,5f9fe38afd517828962fde29
23044,2021-12-16 04:00:00+00:00,0.0,0.0,uppsala,5f9fe38afd517828962fde29
23045,2021-12-16 05:00:00+00:00,0.0,0.0,uppsala,5f9fe38afd517828962fde29
23046,2021-12-16 06:00:00+00:00,0.0,0.0,uppsala,5f9fe38afd517828962fde29
23047,2021-12-16 07:00:00+00:00,0.0,0.05,uppsala,5f9fe38afd517828962fde29
23048,2021-12-16 08:00:00+00:00,0.0,2.03,uppsala,5f9fe38afd517828962fde29
23049,2021-12-16 09:00:00+00:00,393.9,4.17,uppsala,5f9fe38afd517828962fde29
23050,2021-12-16 10:00:00+00:00,541.3,10.28,uppsala,5f9fe38afd517828962fde29
23051,2021-12-16 11:00:00+00:00,541.2,10.93,uppsala,5f9fe38afd517828962fde29
23052,2021-12-16 12:00:00+00:00,501.9,7.82,uppsala,5f9fe38afd517828962fde29
23053,2021-12-16 13:00:00+00:00,299.5,1.18,uppsala,5f9fe38afd517828962fde29
23054,2021-12-16 14:00:00+00:00,0.0,0.0,uppsala,5f9fe38afd517828962fde29
23055,2021-12-16 15:00:00+00:00,0.0,0.0,uppsala,5f9fe38afd517828962fde29
23056,2021-12-16 16:00:00+00:00,0.0,0.0,uppsala,5f9fe38afd517828962fde29
23057,2021-12-16 17:00:00+00:00,0.0,0.0,uppsala,5f9fe38afd517828962fde29
23058,2021-12-16 18:00:00+00:00,0.0,0.0,uppsala,5f9fe38afd517828962fde29
23059,2021-12-16 19:00:00+00:00,0.0,0.0,uppsala,5f9fe38afd517828962fde29
23060,2021-12-16 20:00:00+00:00,0.0,0.0,uppsala,5f9fe38afd517828962fde29
23061,2021-12-16 21:00:00+00:00,0.0,0.0,uppsala,5f9fe38afd517828962fde29
23062,2021-12-16 22:00:00+00:00,0.0,0.0,uppsala,5f9fe38afd517828962fde29
23063,2021-12-16 23:00:00+00:00,0.0,0.0,uppsala,5f9fe38afd517828962fde29
23064,2021-12-17 00:00:00+00:00,0.0,0.0,uppsala,5f9fe38afd517828962fde29
23065,2021-12-17 01:00:00+00:00,0.0,0.0,uppsala,5f9fe38afd517828962fde29
23066,2021-12-17 02:00:00+00:00,0.0,0.0,uppsala,5f9fe38afd517828962fde29
23067,2021-12-17 03:00:00+00:00,0.0,0.0,uppsala,5f9fe38afd517828962fde29
23068,2021-12-17 04:00:00+00:00,0.0,0.0,uppsala,5f9fe38afd517828962fde29
23069,2021-12-17 05:00:00+00:00,0.0,0.0,uppsala,5f9fe38afd517828962fde29
23070,2021-12-17 06:00:00+00:00,0.0,0.0,uppsala,5f9fe38afd517828962fde29
23071,2021-12-17 07:00:00+00:00,0.0,0.02,uppsala,5f9fe38afd517828962fde29
23072,2021-12-17 08:00:00+00:00,67.1,3.73,uppsala,5f9fe38afd517828962fde29
23073,2021-12-17 09:00:00+00:00,428.8,7.93,uppsala,5f9fe38afd517828962fde29
23074,2021-12-17 10:00:00+00:00,543.8,10.1,uppsala,5f9fe38afd517828962fde29
23075,2021-12-17 11:00:00+00:00,557.8,10.72,uppsala,5f9fe38afd517828962fde29
23076,2021-12-17 12:00:00+00:00,498.1,7.43,uppsala,5f9fe38afd517828962fde29
23077,2021-12-17 13:00:00+00:00,289.5,1.06,uppsala,5f9fe38afd517828962fde29
23078,2021-12-17 14:00:00+00:00,0.0,0.0,uppsala,5f9fe38afd517828962fde29
23079,2021-12-17 15:00:00+00:00,0.0,0.0,uppsala,5f9fe38afd517828962fde29
23080,2021-12-17 16:00:00+00:00,0.0,0.0,uppsala,5f9fe38afd517828962fde29
23081,2021-12-17 17:00:00+00:00,0.0,0.0,uppsala,5f9fe38afd517828962fde29
23082,2021-12-17 18:00:00+00:00,0.0,0.0,uppsala,5f9fe38afd517828962fde29
23083,2021-12-17 19:00:00+00:00,0.0,0.0,uppsala,5f9fe38afd517828962fde29
23084,2021-12-17 20:00:00+00:00,0.0,0.0,uppsala,5f9fe38afd517828962fde29
23085,2021-12-17 21:00:00+00:00,0.0,0.0,uppsala,5f9fe38afd517828962fde29
23086,2021-12-17 22:00:00+00:00,0.0,0.0,uppsala,5f9fe38afd517828962fde29
23087,2021-12-17 23:00:00+00:00,0.0,0.0,uppsala,5f9fe38afd517828962fde29
23088,2021-12-18 00:00:00+00:00,0.0,0.0,uppsala,5f9fe38afd517828962fde29
23089,2021-12-18 01:00:00+00:00,0.0,0.0,uppsala,5f9fe38afd517828962fde29
23090,2021-12-18 02:00:00+00:00,0.0,0.0,uppsala,5f9fe38afd517828962fde29
23091,2021-12-18 03:00:00+00:00,0.0,0.0,uppsala,5f9fe38afd517828962fde29
23092,2021-12-18 04:00:00+00:00,0.0,0.0,uppsala,5f9fe38afd517828962fde29
23093,2021-12-18 05:00:00+00:00,0.0,0.0,uppsala,5f9fe38afd517828962fde29
23094,2021-12-18 06:00:00+00:00,0.0,0.0,uppsala,5f9fe38afd517828962fde29
23095,2021-12-18 07:00:00+00:00,0.0,0.0,uppsala,5f9fe38afd517828962fde29
23096,2021-12-18 08:00:00+00:00,0.0,0.76,uppsala,5f9fe38afd517828962fde29
23097,2021-12-18 09:00:00+00:00,307.2,3.12,uppsala,5f9fe38afd517828962fde29
23098,2021-12-18 10:00:00+00:00,29.0,8.14,uppsala,5f9fe38afd517828962fde29
23099,2021-12-18 11:00:00+00:00,485.7,10.07,uppsala,5f9fe38afd517828962fde29
23100,2021-12-18 12:00:00+00:00,92.6,7.58,uppsala,5f9fe38afd517828962fde29
23101,2021-12-18 13:00:00+00:00,0.0,1.22,uppsala,5f9fe38afd517828962fde29
23102,2021-12-18 14:00:00+00:00,0.0,0.0,uppsala,5f9fe38afd517828962fde29
23103,2021-12-18 15:00:00+00:00,0.0,0.0,uppsala,5f9fe38afd517828962fde29
23104,2021-12-18 16:00:00+00:00,0.0,0.0,uppsala,5f9fe38afd517828962fde29
23105,2021-12-18 17:00:00+00:00,0.0,0.0,uppsala,5f9fe38afd517828962fde29
23106,2021-12-18 18:00:00+00:00,0.0,0.0,uppsala,5f9fe38afd517828962fde29
23107,2021-12-18 19:00:00+00:00,0.0,0.0,uppsala,5f9fe38afd517828962fde29
23108,2021-12-18 20:00:00+00:00,0.0,0.0,uppsala,5f9fe38afd517828962fde29
23109,2021-12-18 21:00:00+00:00,0.0,0.0,uppsala,5f9fe38afd517828962fde29
23110,2021-12-18 22:00:00+00:00,0.0,0.0,uppsala,5f9fe38afd517828962fde29
23111,2021-12-18 23:00:00+00:00,0.0,0.0,uppsala,5f9fe38afd517828962fde29
23112,2021-12-19 00:00:00+00:00,0.0,0.0,uppsala,5f9fe38afd517828962fde29
23113,2021-12-19 01:00:00+00:00,0.0,0.0,uppsala,5f9fe38afd517828962fde29
23114,2021-12-19 02:00:00+00:00,0.0,0.0,uppsala,5f9fe38afd517828962fde29
23115,2021-12-19 03:00:00+00:00,0.0,0.0,uppsala,5f9fe38afd517828962fde29
23116,2021-12-19 04:00:00+00:00,0.0,0.0,uppsala,5f9fe38afd517828962fde29
23117,2021-12-19 05:00:00+00:00,0.0,0.0,uppsala,5f9fe38afd517828962fde29
23118,2021-12-19 06:00:00+00:00,0.0,0.0,uppsala,5f9fe38afd517828962fde29
23119,2021-12-19 07:00:00+00:00,0.0,0.0,uppsala,5f9fe38afd517828962fde29
23120,2021-12-19 08:00:00+00:00,38.6,3.61,uppsala,5f9fe38afd517828962fde29
23121,2021-12-19 09:00:00+00:00,403.6,8.97,uppsala,5f9fe38afd517828962fde29
23122,2021-12-19 10:00:00+00:00,552.5,10.0,uppsala,5f9fe38afd517828962fde29
23123,2021-12-19 11:00:00+00:00,543.3,10.06,uppsala,5f9fe38afd517828962fde29
23124,2021-12-19 12:00:00+00:00,471.1,4.3,uppsala,5f9fe38afd517828962fde29
23125,2021-12-19 13:00:00+00:00,43.8,1.01,uppsala,5f9fe38afd517828962fde29
23126,2021-12-19 14:00:00+00:00,0.0,0.0,uppsala,5f9fe38afd517828962fde29
23127,2021-12-19 15:00:00+00:00,0.0,0.0,uppsala,5f9fe38afd517828962fde29
23128,2021-12-19 16:00:00+00:00,0.0,0.0,uppsala,5f9fe38afd517828962fde29
23129,2021-12-19 17:00:00+00:00,0.0,0.0,uppsala,5f9fe38afd517828962fde29
23130,2021-12-19 18:00:00+00:00,0.0,0.0,uppsala,5f9fe38afd517828962fde29
23131,2021-12-19 19:00:00+00:00,0.0,0.0,uppsala,5f9fe38afd517828962fde29
23132,2021-12-19 20:00:00+00:00,0.0,0.0,uppsala,5f9fe38afd517828962fde29
23133,2021-12-19 21:00:00+00:00,0.0,0.0,uppsala,5f9fe38afd517828962fde29
23134,2021-12-19 22:00:00+00:00,0.0,0.0,uppsala,5f9fe38afd517828962fde29
23135,2021-12-19 23:00:00+00:00,0.0,0.0,uppsala,5f9fe38afd517828962fde29
23136,2021-12-20 00:00:00+00:00,0.0,0.0,uppsala,5f9fe38afd517828962fde29
23137,2021-12-20 01:00:00+00:00,0.0,0.0,uppsala,5f9fe38afd517828962fde29
23138,2021-12-20 02:00:00+00:00,0.0,0.0,uppsala,5f9fe38afd517828962fde29
23139,2021-12-20 03:00:00+00:00,0.0,0.0,uppsala,5f9fe38afd517828962fde29
23140,2021-12-20 04:00:00+00:00,0.0,0.0,uppsala,5f9fe38afd517828962fde29
23141,2021-12-20 05:00:00+00:00,0.0,0.0,uppsala,5f9fe38afd517828962fde29
23142,2021-12-20 06:00:00+00:00,0.0,0.0,uppsala,5f9fe38afd517828962fde29
23143,2021-12-20 07:00:00+00:00,0.0,0.0,uppsala,5f9fe38afd517828962fde29
23144,2021-12-20 08:00:00+00:00,0.0,0.67,uppsala,5f9fe38afd517828962fde29
23145,2021-12-20 09:00:00+00:00,8.3,6.49,uppsala,5f9fe38afd517828962fde29
23146,2021-12-20 10:00:00+00:00,336.6,4.08,uppsala,5f9fe38afd517828962fde29
23147,2021-12-20 11:00:00+00:00,36.0,1.8,uppsala,5f9fe38afd517828962fde29
23148,2021-12-20 12:00:00+00:00,36.7,0.0,uppsala,5f9fe38afd517828962fde29
23149,2021-12-20 13:00:00+00:00,132.5,0.0,uppsala,5f9fe38afd517828962fde29
23150,2021-12-20 14:00:00+00:00,0.0,0.0,uppsala,5f9fe38afd517828962fde29
23151,2021-12-20 15:00:00+00:00,0.0,0.0,uppsala,5f9fe38afd517828962fde29
23152,2021-12-20 16:00:00+00:00,0.0,0.0,uppsala,5f9fe38afd517828962fde29
23153,2021-12-20 17:00:00+00:00,0.0,0.0,uppsala,5f9fe38afd517828962fde29
23154,2021-12-20 18:00:00+00:00,0.0,0.0,uppsala,5f9fe38afd517828962fde29
23155,2021-12-20 19:00:00+00:00,0.0,0.0,uppsala,5f9fe38afd517828962fde29
23156,2021-12-20 20:00:00+00:00,0.0,0.0,uppsala,5f9fe38afd517828962fde29
23157,2021-12-20 21:00:00+00:00,0.0,0.0,uppsala,5f9fe38afd517828962fde29
23158,2021-12-20 22:00:00+00:00,0.0,0.0,uppsala,5f9fe38afd517828962fde29
23159,2021-12-20 23:00:00+00:00,0.0,0.0,uppsala,5f9fe38afd517828962fde29
23160,2021-12-21 00:00:00+00:00,0.0,0.0,uppsala,5f9fe38afd517828962fde29
23161,2021-12-21 01:00:00+00:00,0.0,0.0,uppsala,5f9fe38afd517828962fde29
23162,2021-12-21 02:00:00+00:00,0.0,0.0,uppsala,5f9fe38afd517828962fde29
23163,2021-12-21 03:00:00+00:00,0.0,0.0,uppsala,5f9fe38afd517828962fde29
23164,2021-12-21 04:00:00+00:00,0.0,0.0,uppsala,5f9fe38afd517828962fde29
23165,2021-12-21 05:00:00+00:00,0.0,0.0,uppsala,5f9fe38afd517828962fde29
23166,2021-12-21 06:00:00+00:00,0.0,0.0,uppsala,5f9fe38afd517828962fde29
23167,2021-12-21 07:00:00+00:00,0.0,0.0,uppsala,5f9fe38afd517828962fde29
23168,2021-12-21 08:00:00+00:00,28.1,1.72,uppsala,5f9fe38afd517828962fde29
23169,2021-12-21 09:00:00+00:00,423.9,3.26,uppsala,5f9fe38afd517828962fde29
23170,2021-12-21 10:00:00+00:00,552.1,5.94,uppsala,5f9fe38afd517828962fde29
23171,2021-12-21 11:00:00+00:00,572.0,6.86,uppsala,5f9fe38afd517828962fde29
23172,2021-12-21 12:00:00+00:00,466.1,0.34,uppsala,5f9fe38afd517828962fde29
23173,2021-12-21 13:00:00+00:00,6.8,0.03,uppsala,5f9fe38afd517828962fde29
23174,2021-12-21 14:00:00+00:00,0.0,0.0,uppsala,5f9fe38afd517828962fde29
23175,2021-12-21 15:00:00+00:00,0.0,0.0,uppsala,5f9fe38afd517828962fde29
23176,2021-12-21 16:00:00+00:00,0.0,0.0,uppsala,5f9fe38afd517828962fde29
23177,2021-12-21 17:00:00+00:00,0.0,0.0,uppsala,5f9fe38afd517828962fde29
23178,2021-12-21 18:00:00+00:00,0.0,0.0,uppsala,5f9fe38afd517828962fde29
23179,2021-12-21 19:00:00+00:00,0.0,0.0,uppsala,5f9fe38afd517828962fde29
23180,2021-12-21 20:00:00+00:00,0.0,0.0,uppsala,5f9fe38afd517828962fde29
23181,2021-12-21 21:00:00+00:00,0.0,0.0,uppsala,5f9fe38afd517828962fde29
23182,2021-12-21 22:00:00+00:00,0.0,0.0,uppsala,5f9fe38afd517828962fde29
23183,2021-12-21 23:00:00+00:00,0.0,0.0,uppsala,5f9fe38afd517828962fde29
23184,2021-12-22 00:00:00+00:00,0.0,0.0,uppsala,5f9fe38afd517828962fde29
23185,2021-12-22 01:00:00+00:00,0.0,0.0,uppsala,5f9fe38afd517828962fde29
23186,2021-12-22 02:00:00+00:00,0.0,0.0,uppsala,5f9fe38afd517828962fde29
23187,2021-12-22 03:00:00+00:00,0.0,0.0,uppsala,5f9fe38afd517828962fde29
23188,2021-12-22 04:00:00+00:00,0.0,0.0,uppsala,5f9fe38afd517828962fde29
23189,2021-12-22 05:00:00+00:00,0.0,0.0,uppsala,5f9fe38afd517828962fde29
23190,2021-12-22 06:00:00+00:00,0.0,0.0,uppsala,5f9fe38afd517828962fde29
23191,2021-12-22 07:00:00+00:00,0.0,0.01,uppsala,5f9fe38afd517828962fde29
23192,2021-12-22 08:00:00+00:00,0.0,0.3,uppsala,5f9fe38afd517828962fde29
23193,2021-12-22 09:00:00+00:00,0.7000000000000001,0.2,uppsala,5f9fe38afd517828962fde29
23194,2021-12-22 10:00:00+00:00,71.7,0.56,uppsala,5f9fe38afd517828962fde29
23195,2021-12-22 11:00:00+00:00,1.6,0.39,uppsala,5f9fe38afd517828962fde29
23196,2021-12-22 12:00:00+00:00,0.0,0.08,uppsala,5f9fe38afd517828962fde29
23197,2021-12-22 13:00:00+00:00,0.0,0.0,uppsala,5f9fe38afd517828962fde29
23198,2021-12-22 14:00:00+00:00,0.0,0.0,uppsala,5f9fe38afd517828962fde29
23199,2021-12-22 15:00:00+00:00,0.0,0.0,uppsala,5f9fe38afd517828962fde29
23200,2021-12-22 16:00:00+00:00,0.0,0.0,uppsala,5f9fe38afd517828962fde29
23201,2021-12-22 17:00:00+00:00,0.0,0.0,uppsala,5f9fe38afd517828962fde29
23202,2021-12-22 18:00:00+00:00,0.0,0.0,uppsala,5f9fe38afd517828962fde29
23203,2021-12-22 19:00:00+00:00,0.0,0.0,uppsala,5f9fe38afd517828962fde29
23204,2021-12-22 20:00:00+00:00,0.0,0.0,uppsala,5f9fe38afd517828962fde29
23205,2021-12-22 21:00:00+00:00,0.0,0.0,uppsala,5f9fe38afd517828962fde29
23206,2021-12-22 22:00:00+00:00,0.0,0.0,uppsala,5f9fe38afd517828962fde29
23207,2021-12-22 23:00:00+00:00,0.0,0.0,uppsala,5f9fe38afd517828962fde29
23208,2021-12-23 00:00:00+00:00,0.0,0.0,uppsala,5f9fe38afd517828962fde29
23209,2021-12-23 01:00:00+00:00,0.0,0.0,uppsala,5f9fe38afd517828962fde29
23210,2021-12-23 02:00:00+00:00,0.0,0.0,uppsala,5f9fe38afd517828962fde29
23211,2021-12-23 03:00:00+00:00,0.0,0.0,uppsala,5f9fe38afd517828962fde29
23212,2021-12-23 04:00:00+00:00,0.0,0.0,uppsala,5f9fe38afd517828962fde29
23213,2021-12-23 05:00:00+00:00,0.0,0.0,uppsala,5f9fe38afd517828962fde29
23214,2021-12-23 06:00:00+00:00,0.0,0.0,uppsala,5f9fe38afd517828962fde29
23215,2021-12-23 07:00:00+00:00,0.0,0.0,uppsala,5f9fe38afd517828962fde29
23216,2021-12-23 08:00:00+00:00,0.30000000000000004,0.0,uppsala,5f9fe38afd517828962fde29
23217,2021-12-23 09:00:00+00:00,358.7,0.0,uppsala,5f9fe38afd517828962fde29
23218,2021-12-23 10:00:00+00:00,560.1,0.03,uppsala,5f9fe38afd517828962fde29
23219,2021-12-23 11:00:00+00:00,144.4,0.18,uppsala,5f9fe38afd517828962fde29
23220,2021-12-23 12:00:00+00:00,81.7,0.02,uppsala,5f9fe38afd517828962fde29
23221,2021-12-23 13:00:00+00:00,14.0,0.0,uppsala,5f9fe38afd517828962fde29
23222,2021-12-23 14:00:00+00:00,0.0,0.0,uppsala,5f9fe38afd517828962fde29
23223,2021-12-23 15:00:00+00:00,0.0,0.0,uppsala,5f9fe38afd517828962fde29
23224,2021-12-23 16:00:00+00:00,0.0,0.0,uppsala,5f9fe38afd517828962fde29
23225,2021-12-23 17:00:00+00:00,0.0,0.0,uppsala,5f9fe38afd517828962fde29
23226,2021-12-23 18:00:00+00:00,0.0,0.0,uppsala,5f9fe38afd517828962fde29
23227,2021-12-23 19:00:00+00:00,0.0,0.0,uppsala,5f9fe38afd517828962fde29
23228,2021-12-23 20:00:00+00:00,0.0,0.0,uppsala,5f9fe38afd517828962fde29
23229,2021-12-23 21:00:00+00:00,0.0,0.0,uppsala,5f9fe38afd517828962fde29
23230,2021-12-23 22:00:00+00:00,0.0,0.0,uppsala,5f9fe38afd517828962fde29
23231,2021-12-23 23:00:00+00:00,0.0,0.0,uppsala,5f9fe38afd517828962fde29
23232,2021-12-24 00:00:00+00:00,0.0,0.0,uppsala,5f9fe38afd517828962fde29
23233,2021-12-24 01:00:00+00:00,0.0,0.0,uppsala,5f9fe38afd517828962fde29
23234,2021-12-24 02:00:00+00:00,0.0,0.0,uppsala,5f9fe38afd517828962fde29
23235,2021-12-24 03:00:00+00:00,0.0,0.0,uppsala,5f9fe38afd517828962fde29
23236,2021-12-24 04:00:00+00:00,0.0,0.0,uppsala,5f9fe38afd517828962fde29
23237,2021-12-24 05:00:00+00:00,0.0,0.0,uppsala,5f9fe38afd517828962fde29
23238,2021-12-24 06:00:00+00:00,0.0,0.0,uppsala,5f9fe38afd517828962fde29
23239,2021-12-24 07:00:00+00:00,0.0,0.0,uppsala,5f9fe38afd517828962fde29
23240,2021-12-24 08:00:00+00:00,2.4,0.24,uppsala,5f9fe38afd517828962fde29
23241,2021-12-24 09:00:00+00:00,380.3,1.7,uppsala,5f9fe38afd517828962fde29
23242,2021-12-24 10:00:00+00:00,40.0,5.31,uppsala,5f9fe38afd517828962fde29
23243,2021-12-24 11:00:00+00:00,608.0,9.28,uppsala,5f9fe38afd517828962fde29
23244,2021-12-24 12:00:00+00:00,554.1,7.07,uppsala,5f9fe38afd517828962fde29
23245,2021-12-24 13:00:00+00:00,359.0,1.24,uppsala,5f9fe38afd517828962fde29
23246,2021-12-24 14:00:00+00:00,0.0,0.0,uppsala,5f9fe38afd517828962fde29
23247,2021-12-24 15:00:00+00:00,0.0,0.0,uppsala,5f9fe38afd517828962fde29
23248,2021-12-24 16:00:00+00:00,0.0,0.0,uppsala,5f9fe38afd517828962fde29
23249,2021-12-24 17:00:00+00:00,0.0,0.0,uppsala,5f9fe38afd517828962fde29
23250,2021-12-24 18:00:00+00:00,0.0,0.0,uppsala,5f9fe38afd517828962fde29
23251,2021-12-24 19:00:00+00:00,0.0,0.0,uppsala,5f9fe38afd517828962fde29
23252,2021-12-24 20:00:00+00:00,0.0,0.0,uppsala,5f9fe38afd517828962fde29
23253,2021-12-24 21:00:00+00:00,0.0,0.0,uppsala,5f9fe38afd517828962fde29
23254,2021-12-24 22:00:00+00:00,0.0,0.0,uppsala,5f9fe38afd517828962fde29
23255,2021-12-24 23:00:00+00:00,0.0,0.0,uppsala,5f9fe38afd517828962fde29
23256,2021-12-25 00:00:00+00:00,0.0,0.0,uppsala,5f9fe38afd517828962fde29
23257,2021-12-25 01:00:00+00:00,0.0,0.0,uppsala,5f9fe38afd517828962fde29
23258,2021-12-25 02:00:00+00:00,0.0,0.0,uppsala,5f9fe38afd517828962fde29
23259,2021-12-25 03:00:00+00:00,0.0,0.0,uppsala,5f9fe38afd517828962fde29
23260,2021-12-25 04:00:00+00:00,0.0,0.0,uppsala,5f9fe38afd517828962fde29
23261,2021-12-25 05:00:00+00:00,0.0,0.0,uppsala,5f9fe38afd517828962fde29
23262,2021-12-25 06:00:00+00:00,0.0,0.0,uppsala,5f9fe38afd517828962fde29
23263,2021-12-25 07:00:00+00:00,0.0,0.07,uppsala,5f9fe38afd517828962fde29
23264,2021-12-25 08:00:00+00:00,14.5,2.19,uppsala,5f9fe38afd517828962fde29
23265,2021-12-25 09:00:00+00:00,202.6,2.29,uppsala,5f9fe38afd517828962fde29
23266,2021-12-25 10:00:00+00:00,490.1,5.7,uppsala,5f9fe38afd517828962fde29
23267,2021-12-25 11:00:00+00:00,538.4,4.67,uppsala,5f9fe38afd517828962fde29
23268,2021-12-25 12:00:00+00:00,136.7,4.5,uppsala,5f9fe38afd517828962fde29
23269,2021-12-25 13:00:00+00:00,312.9,1.13,uppsala,5f9fe38afd517828962fde29
23270,2021-12-25 14:00:00+00:00,0.0,0.0,uppsala,5f9fe38afd517828962fde29
23271,2021-12-25 15:00:00+00:00,0.0,0.0,uppsala,5f9fe38afd517828962fde29
23272,2021-12-25 16:00:00+00:00,0.0,0.0,uppsala,5f9fe38afd517828962fde29
23273,2021-12-25 17:00:00+00:00,0.0,0.0,uppsala,5f9fe38afd517828962fde29
23274,2021-12-25 18:00:00+00:00,0.0,0.0,uppsala,5f9fe38afd517828962fde29
23275,2021-12-25 19:00:00+00:00,0.0,0.0,uppsala,5f9fe38afd517828962fde29
23276,2021-12-25 20:00:00+00:00,0.0,0.0,uppsala,5f9fe38afd517828962fde29
23277,2021-12-25 21:00:00+00:00,0.0,0.0,uppsala,5f9fe38afd517828962fde29
23278,2021-12-25 22:00:00+00:00,0.0,0.0,uppsala,5f9fe38afd517828962fde29
23279,2021-12-25 23:00:00+00:00,0.0,0.0,uppsala,5f9fe38afd517828962fde29
23280,2021-12-26 00:00:00+00:00,0.0,0.0,uppsala,5f9fe38afd517828962fde29
23281,2021-12-26 01:00:00+00:00,0.0,0.0,uppsala,5f9fe38afd517828962fde29
23282,2021-12-26 02:00:00+00:00,0.0,0.0,uppsala,5f9fe38afd517828962fde29
23283,2021-12-26 03:00:00+00:00,0.0,0.0,uppsala,5f9fe38afd517828962fde29
23284,2021-12-26 04:00:00+00:00,0.0,0.0,uppsala,5f9fe38afd517828962fde29
23285,2021-12-26 05:00:00+00:00,0.0,0.0,uppsala,5f9fe38afd517828962fde29
23286,2021-12-26 06:00:00+00:00,0.0,0.0,uppsala,5f9fe38afd517828962fde29
23287,2021-12-26 07:00:00+00:00,0.0,0.02,uppsala,5f9fe38afd517828962fde29
23288,2021-12-26 08:00:00+00:00,26.6,2.85,uppsala,5f9fe38afd517828962fde29
23289,2021-12-26 09:00:00+00:00,466.7,6.42,uppsala,5f9fe38afd517828962fde29
23290,2021-12-26 10:00:00+00:00,592.0,8.27,uppsala,5f9fe38afd517828962fde29
23291,2021-12-26 11:00:00+00:00,591.9,8.93,uppsala,5f9fe38afd517828962fde29
23292,2021-12-26 12:00:00+00:00,537.3,3.88,uppsala,5f9fe38afd517828962fde29
23293,2021-12-26 13:00:00+00:00,348.2,0.94,uppsala,5f9fe38afd517828962fde29
23294,2021-12-26 14:00:00+00:00,0.0,0.0,uppsala,5f9fe38afd517828962fde29
23295,2021-12-26 15:00:00+00:00,0.0,0.0,uppsala,5f9fe38afd517828962fde29
23296,2021-12-26 16:00:00+00:00,0.0,0.0,uppsala,5f9fe38afd517828962fde29
23297,2021-12-26 17:00:00+00:00,0.0,0.0,uppsala,5f9fe38afd517828962fde29
23298,2021-12-26 18:00:00+00:00,0.0,0.0,uppsala,5f9fe38afd517828962fde29
23299,2021-12-26 19:00:00+00:00,0.0,0.0,uppsala,5f9fe38afd517828962fde29
23300,2021-12-26 20:00:00+00:00,0.0,0.0,uppsala,5f9fe38afd517828962fde29
23301,2021-12-26 21:00:00+00:00,0.0,0.0,uppsala,5f9fe38afd517828962fde29
23302,2021-12-26 22:00:00+00:00,0.0,0.0,uppsala,5f9fe38afd517828962fde29
23303,2021-12-26 23:00:00+00:00,0.0,0.0,uppsala,5f9fe38afd517828962fde29
23304,2021-12-27 00:00:00+00:00,0.0,0.0,uppsala,5f9fe38afd517828962fde29
23305,2021-12-27 01:00:00+00:00,0.0,0.0,uppsala,5f9fe38afd517828962fde29
23306,2021-12-27 02:00:00+00:00,0.0,0.0,uppsala,5f9fe38afd517828962fde29
23307,2021-12-27 03:00:00+00:00,0.0,0.0,uppsala,5f9fe38afd517828962fde29
23308,2021-12-27 04:00:00+00:00,0.0,0.0,uppsala,5f9fe38afd517828962fde29
23309,2021-12-27 05:00:00+00:00,0.0,0.0,uppsala,5f9fe38afd517828962fde29
23310,2021-12-27 06:00:00+00:00,0.0,0.0,uppsala,5f9fe38afd517828962fde29
23311,2021-12-27 07:00:00+00:00,0.0,0.03,uppsala,5f9fe38afd517828962fde29
23312,2021-12-27 08:00:00+00:00,24.0,3.09,uppsala,5f9fe38afd517828962fde29
23313,2021-12-27 09:00:00+00:00,438.8,6.47,uppsala,5f9fe38afd517828962fde29
23314,2021-12-27 10:00:00+00:00,568.1,8.2,uppsala,5f9fe38afd517828962fde29
23315,2021-12-27 11:00:00+00:00,593.8,9.22,uppsala,5f9fe38afd517828962fde29
23316,2021-12-27 12:00:00+00:00,543.0,7.38,uppsala,5f9fe38afd517828962fde29
23317,2021-12-27 13:00:00+00:00,80.2,1.44,uppsala,5f9fe38afd517828962fde29
23318,2021-12-27 14:00:00+00:00,0.0,0.0,uppsala,5f9fe38afd517828962fde29
23319,2021-12-27 15:00:00+00:00,0.0,0.0,uppsala,5f9fe38afd517828962fde29
23320,2021-12-27 16:00:00+00:00,0.0,0.0,uppsala,5f9fe38afd517828962fde29
23321,2021-12-27 17:00:00+00:00,0.0,0.0,uppsala,5f9fe38afd517828962fde29
23322,2021-12-27 18:00:00+00:00,0.0,0.0,uppsala,5f9fe38afd517828962fde29
23323,2021-12-27 19:00:00+00:00,0.0,0.0,uppsala,5f9fe38afd517828962fde29
23324,2021-12-27 20:00:00+00:00,0.0,0.0,uppsala,5f9fe38afd517828962fde29
23325,2021-12-27 21:00:00+00:00,0.0,0.0,uppsala,5f9fe38afd517828962fde29
23326,2021-12-27 22:00:00+00:00,0.0,0.0,uppsala,5f9fe38afd517828962fde29
23327,2021-12-27 23:00:00+00:00,0.0,0.0,uppsala,5f9fe38afd517828962fde29
23328,2021-12-28 00:00:00+00:00,0.0,0.0,uppsala,5f9fe38afd517828962fde29
23329,2021-12-28 01:00:00+00:00,0.0,0.0,uppsala,5f9fe38afd517828962fde29
23330,2021-12-28 02:00:00+00:00,0.0,0.0,uppsala,5f9fe38afd517828962fde29
23331,2021-12-28 03:00:00+00:00,0.0,0.0,uppsala,5f9fe38afd517828962fde29
23332,2021-12-28 04:00:00+00:00,0.0,0.0,uppsala,5f9fe38afd517828962fde29
23333,2021-12-28 05:00:00+00:00,0.0,0.0,uppsala,5f9fe38afd517828962fde29
23334,2021-12-28 06:00:00+00:00,0.0,0.0,uppsala,5f9fe38afd517828962fde29
23335,2021-12-28 07:00:00+00:00,0.0,0.0,uppsala,5f9fe38afd517828962fde29
23336,2021-12-28 08:00:00+00:00,0.0,0.39,uppsala,5f9fe38afd517828962fde29
23337,2021-12-28 09:00:00+00:00,7.0,2.63,uppsala,5f9fe38afd517828962fde29
23338,2021-12-28 10:00:00+00:00,50.6,1.61,uppsala,5f9fe38afd517828962fde29
23339,2021-12-28 11:00:00+00:00,0.0,0.86,uppsala,5f9fe38afd517828962fde29
23340,2021-12-28 12:00:00+00:00,0.0,0.19,uppsala,5f9fe38afd517828962fde29
23341,2021-12-28 13:00:00+00:00,0.0,0.0,uppsala,5f9fe38afd517828962fde29
23342,2021-12-28 14:00:00+00:00,0.0,0.0,uppsala,5f9fe38afd517828962fde29
23343,2021-12-28 15:00:00+00:00,0.0,0.0,uppsala,5f9fe38afd517828962fde29
23344,2021-12-28 16:00:00+00:00,0.0,0.0,uppsala,5f9fe38afd517828962fde29
23345,2021-12-28 17:00:00+00:00,0.0,0.0,uppsala,5f9fe38afd517828962fde29
23346,2021-12-28 18:00:00+00:00,0.0,0.0,uppsala,5f9fe38afd517828962fde29
23347,2021-12-28 19:00:00+00:00,0.0,0.0,uppsala,5f9fe38afd517828962fde29
23348,2021-12-28 20:00:00+00:00,0.0,0.0,uppsala,5f9fe38afd517828962fde29
23349,2021-12-28 21:00:00+00:00,0.0,0.0,uppsala,5f9fe38afd517828962fde29
23350,2021-12-28 22:00:00+00:00,0.0,0.0,uppsala,5f9fe38afd517828962fde29
23351,2021-12-28 23:00:00+00:00,0.0,0.0,uppsala,5f9fe38afd517828962fde29
23352,2021-12-29 00:00:00+00:00,0.0,0.0,uppsala,5f9fe38afd517828962fde29
23353,2021-12-29 01:00:00+00:00,0.0,0.0,uppsala,5f9fe38afd517828962fde29
23354,2021-12-29 02:00:00+00:00,0.0,0.0,uppsala,5f9fe38afd517828962fde29
23355,2021-12-29 03:00:00+00:00,0.0,0.0,uppsala,5f9fe38afd517828962fde29
23356,2021-12-29 04:00:00+00:00,0.0,0.0,uppsala,5f9fe38afd517828962fde29
23357,2021-12-29 05:00:00+00:00,0.0,0.0,uppsala,5f9fe38afd517828962fde29
23358,2021-12-29 06:00:00+00:00,0.0,0.0,uppsala,5f9fe38afd517828962fde29
23359,2021-12-29 07:00:00+00:00,0.0,0.0,uppsala,5f9fe38afd517828962fde29
23360,2021-12-29 08:00:00+00:00,0.0,0.01,uppsala,5f9fe38afd517828962fde29
23361,2021-12-29 09:00:00+00:00,0.0,0.12,uppsala,5f9fe38afd517828962fde29
23362,2021-12-29 10:00:00+00:00,0.0,0.27,uppsala,5f9fe38afd517828962fde29
23363,2021-12-29 11:00:00+00:00,0.0,0.24,uppsala,5f9fe38afd517828962fde29
23364,2021-12-29 12:00:00+00:00,0.0,0.02,uppsala,5f9fe38afd517828962fde29
23365,2021-12-29 13:00:00+00:00,0.0,0.0,uppsala,5f9fe38afd517828962fde29
23366,2021-12-29 14:00:00+00:00,0.0,0.0,uppsala,5f9fe38afd517828962fde29
23367,2021-12-29 15:00:00+00:00,0.0,0.0,uppsala,5f9fe38afd517828962fde29
23368,2021-12-29 16:00:00+00:00,0.0,0.0,uppsala,5f9fe38afd517828962fde29
23369,2021-12-29 17:00:00+00:00,0.0,0.0,uppsala,5f9fe38afd517828962fde29
23370,2021-12-29 18:00:00+00:00,0.0,0.0,uppsala,5f9fe38afd517828962fde29
23371,2021-12-29 19:00:00+00:00,0.0,0.0,uppsala,5f9fe38afd517828962fde29
23372,2021-12-29 20:00:00+00:00,0.0,0.0,uppsala,5f9fe38afd517828962fde29
23373,2021-12-29 21:00:00+00:00,0.0,0.0,uppsala,5f9fe38afd517828962fde29
23374,2021-12-29 22:00:00+00:00,0.0,0.0,uppsala,5f9fe38afd517828962fde29
23375,2021-12-29 23:00:00+00:00,0.0,0.0,uppsala,5f9fe38afd517828962fde29
23376,2021-12-30 00:00:00+00:00,0.0,0.0,uppsala,5f9fe38afd517828962fde29
23377,2021-12-30 01:00:00+00:00,0.0,0.0,uppsala,5f9fe38afd517828962fde29
23378,2021-12-30 02:00:00+00:00,0.0,0.0,uppsala,5f9fe38afd517828962fde29
23379,2021-12-30 03:00:00+00:00,0.0,0.0,uppsala,5f9fe38afd517828962fde29
23380,2021-12-30 04:00:00+00:00,0.0,0.0,uppsala,5f9fe38afd517828962fde29
23381,2021-12-30 05:00:00+00:00,0.0,0.0,uppsala,5f9fe38afd517828962fde29
23382,2021-12-30 06:00:00+00:00,0.0,0.0,uppsala,5f9fe38afd517828962fde29
23383,2021-12-30 07:00:00+00:00,0.0,0.0,uppsala,5f9fe38afd517828962fde29
23384,2021-12-30 08:00:00+00:00,0.0,0.0,uppsala,5f9fe38afd517828962fde29
23385,2021-12-30 09:00:00+00:00,0.0,0.0,uppsala,5f9fe38afd517828962fde29
23386,2021-12-30 10:00:00+00:00,0.0,0.02,uppsala,5f9fe38afd517828962fde29
23387,2021-12-30 11:00:00+00:00,0.0,0.0,uppsala,5f9fe38afd517828962fde29
23388,2021-12-30 12:00:00+00:00,0.0,0.0,uppsala,5f9fe38afd517828962fde29
23389,2021-12-30 13:00:00+00:00,0.0,0.0,uppsala,5f9fe38afd517828962fde29
23390,2021-12-30 14:00:00+00:00,0.0,0.0,uppsala,5f9fe38afd517828962fde29
23391,2021-12-30 15:00:00+00:00,0.0,0.0,uppsala,5f9fe38afd517828962fde29
23392,2021-12-30 16:00:00+00:00,0.0,0.0,uppsala,5f9fe38afd517828962fde29
23393,2021-12-30 17:00:00+00:00,0.0,0.0,uppsala,5f9fe38afd517828962fde29
23394,2021-12-30 18:00:00+00:00,0.0,0.0,uppsala,5f9fe38afd517828962fde29
23395,2021-12-30 19:00:00+00:00,0.0,0.0,uppsala,5f9fe38afd517828962fde29
23396,2021-12-30 20:00:00+00:00,0.0,0.0,uppsala,5f9fe38afd517828962fde29
23397,2021-12-30 21:00:00+00:00,0.0,0.0,uppsala,5f9fe38afd517828962fde29
23398,2021-12-30 22:00:00+00:00,0.0,0.0,uppsala,5f9fe38afd517828962fde29
23399,2021-12-30 23:00:00+00:00,0.0,0.0,uppsala,5f9fe38afd517828962fde29
23400,2021-12-31 00:00:00+00:00,0.0,0.0,uppsala,5f9fe38afd517828962fde29
23401,2021-12-31 01:00:00+00:00,0.0,0.0,uppsala,5f9fe38afd517828962fde29
23402,2021-12-31 02:00:00+00:00,0.0,0.0,uppsala,5f9fe38afd517828962fde29
23403,2021-12-31 03:00:00+00:00,0.0,0.0,uppsala,5f9fe38afd517828962fde29
23404,2021-12-31 04:00:00+00:00,0.0,0.0,uppsala,5f9fe38afd517828962fde29
23405,2021-12-31 05:00:00+00:00,0.0,0.0,uppsala,5f9fe38afd517828962fde29
23406,2021-12-31 06:00:00+00:00,0.0,0.0,uppsala,5f9fe38afd517828962fde29
23407,2021-12-31 07:00:00+00:00,0.0,0.0,uppsala,5f9fe38afd517828962fde29
23408,2021-12-31 08:00:00+00:00,0.0,0.25,uppsala,5f9fe38afd517828962fde29
23409,2021-12-31 09:00:00+00:00,0.0,0.94,uppsala,5f9fe38afd517828962fde29
23410,2021-12-31 10:00:00+00:00,0.0,1.9,uppsala,5f9fe38afd517828962fde29
23411,2021-12-31 11:00:00+00:00,36.3,1.95,uppsala,5f9fe38afd517828962fde29
23412,2021-12-31 12:00:00+00:00,292.1,1.84,uppsala,5f9fe38afd517828962fde29
23413,2021-12-31 13:00:00+00:00,0.0,0.11,uppsala,5f9fe38afd517828962fde29
23414,2021-12-31 14:00:00+00:00,0.0,0.0,uppsala,5f9fe38afd517828962fde29
23415,2021-12-31 15:00:00+00:00,0.0,0.0,uppsala,5f9fe38afd517828962fde29
23416,2021-12-31 16:00:00+00:00,0.0,0.0,uppsala,5f9fe38afd517828962fde29
23417,2021-12-31 17:00:00+00:00,0.0,0.0,uppsala,5f9fe38afd517828962fde29
23418,2021-12-31 18:00:00+00:00,0.0,0.0,uppsala,5f9fe38afd517828962fde29
23419,2021-12-31 19:00:00+00:00,0.0,0.0,uppsala,5f9fe38afd517828962fde29
23420,2021-12-31 20:00:00+00:00,0.0,0.0,uppsala,5f9fe38afd517828962fde29
23421,2021-12-31 21:00:00+00:00,0.0,0.0,uppsala,5f9fe38afd517828962fde29
23422,2021-12-31 22:00:00+00:00,0.0,0.0,uppsala,5f9fe38afd517828962fde29
23423,2021-12-31 23:00:00+00:00,0.0,0.0,uppsala,5f9fe38afd517828962fde29
23424,2022-01-01 00:00:00+00:00,0.0,0.0,uppsala,5f9fe38afd517828962fde29
23425,2022-01-01 01:00:00+00:00,0.0,0.0,uppsala,5f9fe38afd517828962fde29
23426,2022-01-01 02:00:00+00:00,0.0,0.0,uppsala,5f9fe38afd517828962fde29
23427,2022-01-01 03:00:00+00:00,0.0,0.0,uppsala,5f9fe38afd517828962fde29
23428,2022-01-01 04:00:00+00:00,0.0,0.0,uppsala,5f9fe38afd517828962fde29
23429,2022-01-01 05:00:00+00:00,0.0,0.0,uppsala,5f9fe38afd517828962fde29
23430,2022-01-01 06:00:00+00:00,0.0,0.0,uppsala,5f9fe38afd517828962fde29
23431,2022-01-01 07:00:00+00:00,0.0,0.0,uppsala,5f9fe38afd517828962fde29
23432,2022-01-01 08:00:00+00:00,0.0,0.0,uppsala,5f9fe38afd517828962fde29
23433,2022-01-01 09:00:00+00:00,9.7,0.18,uppsala,5f9fe38afd517828962fde29
23434,2022-01-01 10:00:00+00:00,43.9,1.88,uppsala,5f9fe38afd517828962fde29
23435,2022-01-01 11:00:00+00:00,76.6,1.54,uppsala,5f9fe38afd517828962fde29
23436,2022-01-01 12:00:00+00:00,0.0,0.79,uppsala,5f9fe38afd517828962fde29
23437,2022-01-01 13:00:00+00:00,0.0,0.02,uppsala,5f9fe38afd517828962fde29
23438,2022-01-01 14:00:00+00:00,0.0,0.0,uppsala,5f9fe38afd517828962fde29
23439,2022-01-01 15:00:00+00:00,0.0,0.0,uppsala,5f9fe38afd517828962fde29
23440,2022-01-01 16:00:00+00:00,0.0,0.0,uppsala,5f9fe38afd517828962fde29
23441,2022-01-01 17:00:00+00:00,0.0,0.0,uppsala,5f9fe38afd517828962fde29
23442,2022-01-01 18:00:00+00:00,0.0,0.0,uppsala,5f9fe38afd517828962fde29
23443,2022-01-01 19:00:00+00:00,0.0,0.0,uppsala,5f9fe38afd517828962fde29
23444,2022-01-01 20:00:00+00:00,0.0,0.0,uppsala,5f9fe38afd517828962fde29
23445,2022-01-01 21:00:00+00:00,0.0,0.0,uppsala,5f9fe38afd517828962fde29
23446,2022-01-01 22:00:00+00:00,0.0,0.0,uppsala,5f9fe38afd517828962fde29
23447,2022-01-01 23:00:00+00:00,0.0,0.0,uppsala,5f9fe38afd517828962fde29
23448,2022-01-02 00:00:00+00:00,0.0,0.0,uppsala,5f9fe38afd517828962fde29
23449,2022-01-02 01:00:00+00:00,0.0,0.0,uppsala,5f9fe38afd517828962fde29
23450,2022-01-02 02:00:00+00:00,0.0,0.0,uppsala,5f9fe38afd517828962fde29
23451,2022-01-02 03:00:00+00:00,0.0,0.0,uppsala,5f9fe38afd517828962fde29
23452,2022-01-02 04:00:00+00:00,0.0,0.0,uppsala,5f9fe38afd517828962fde29
23453,2022-01-02 05:00:00+00:00,0.0,0.0,uppsala,5f9fe38afd517828962fde29
23454,2022-01-02 06:00:00+00:00,0.0,0.0,uppsala,5f9fe38afd517828962fde29
23455,2022-01-02 07:00:00+00:00,0.0,0.0,uppsala,5f9fe38afd517828962fde29
23456,2022-01-02 08:00:00+00:00,0.0,0.0,uppsala,5f9fe38afd517828962fde29
23457,2022-01-02 09:00:00+00:00,0.0,0.1,uppsala,5f9fe38afd517828962fde29
23458,2022-01-02 10:00:00+00:00,0.0,0.17,uppsala,5f9fe38afd517828962fde29
23459,2022-01-02 11:00:00+00:00,0.0,0.12,uppsala,5f9fe38afd517828962fde29
23460,2022-01-02 12:00:00+00:00,0.0,0.0,uppsala,5f9fe38afd517828962fde29
23461,2022-01-02 13:00:00+00:00,0.0,0.0,uppsala,5f9fe38afd517828962fde29
23462,2022-01-02 14:00:00+00:00,0.0,0.0,uppsala,5f9fe38afd517828962fde29
23463,2022-01-02 15:00:00+00:00,0.0,0.0,uppsala,5f9fe38afd517828962fde29
23464,2022-01-02 16:00:00+00:00,0.0,0.0,uppsala,5f9fe38afd517828962fde29
23465,2022-01-02 17:00:00+00:00,0.0,0.0,uppsala,5f9fe38afd517828962fde29
23466,2022-01-02 18:00:00+00:00,0.0,0.0,uppsala,5f9fe38afd517828962fde29
23467,2022-01-02 19:00:00+00:00,0.0,0.0,uppsala,5f9fe38afd517828962fde29
23468,2022-01-02 20:00:00+00:00,0.0,0.0,uppsala,5f9fe38afd517828962fde29
23469,2022-01-02 21:00:00+00:00,0.0,0.0,uppsala,5f9fe38afd517828962fde29
23470,2022-01-02 22:00:00+00:00,0.0,0.0,uppsala,5f9fe38afd517828962fde29
23471,2022-01-02 23:00:00+00:00,0.0,0.0,uppsala,5f9fe38afd517828962fde29
23472,2022-01-03 00:00:00+00:00,0.0,0.0,uppsala,5f9fe38afd517828962fde29
23473,2022-01-03 01:00:00+00:00,0.0,0.0,uppsala,5f9fe38afd517828962fde29
23474,2022-01-03 02:00:00+00:00,0.0,0.0,uppsala,5f9fe38afd517828962fde29
23475,2022-01-03 03:00:00+00:00,0.0,0.0,uppsala,5f9fe38afd517828962fde29
23476,2022-01-03 04:00:00+00:00,0.0,0.0,uppsala,5f9fe38afd517828962fde29
23477,2022-01-03 05:00:00+00:00,0.0,0.0,uppsala,5f9fe38afd517828962fde29
23478,2022-01-03 06:00:00+00:00,0.0,0.0,uppsala,5f9fe38afd517828962fde29
23479,2022-01-03 07:00:00+00:00,0.0,0.0,uppsala,5f9fe38afd517828962fde29
23480,2022-01-03 08:00:00+00:00,0.0,0.3,uppsala,5f9fe38afd517828962fde29
23481,2022-01-03 09:00:00+00:00,0.0,1.67,uppsala,5f9fe38afd517828962fde29
23482,2022-01-03 10:00:00+00:00,0.0,2.1,uppsala,5f9fe38afd517828962fde29
23483,2022-01-03 11:00:00+00:00,28.2,1.38,uppsala,5f9fe38afd517828962fde29
23484,2022-01-03 12:00:00+00:00,0.0,1.06,uppsala,5f9fe38afd517828962fde29
23485,2022-01-03 13:00:00+00:00,0.0,0.11,uppsala,5f9fe38afd517828962fde29
23486,2022-01-03 14:00:00+00:00,0.0,0.0,uppsala,5f9fe38afd517828962fde29
23487,2022-01-03 15:00:00+00:00,0.0,0.0,uppsala,5f9fe38afd517828962fde29
23488,2022-01-03 16:00:00+00:00,0.0,0.0,uppsala,5f9fe38afd517828962fde29
23489,2022-01-03 17:00:00+00:00,0.0,0.0,uppsala,5f9fe38afd517828962fde29
23490,2022-01-03 18:00:00+00:00,0.0,0.0,uppsala,5f9fe38afd517828962fde29
23491,2022-01-03 19:00:00+00:00,0.0,0.0,uppsala,5f9fe38afd517828962fde29
23492,2022-01-03 20:00:00+00:00,0.0,0.0,uppsala,5f9fe38afd517828962fde29
23493,2022-01-03 21:00:00+00:00,0.0,0.0,uppsala,5f9fe38afd517828962fde29
23494,2022-01-03 22:00:00+00:00,0.0,0.0,uppsala,5f9fe38afd517828962fde29
23495,2022-01-03 23:00:00+00:00,0.0,0.0,uppsala,5f9fe38afd517828962fde29
23496,2022-01-04 00:00:00+00:00,0.0,0.0,uppsala,5f9fe38afd517828962fde29
23497,2022-01-04 01:00:00+00:00,0.0,0.0,uppsala,5f9fe38afd517828962fde29
23498,2022-01-04 02:00:00+00:00,0.0,0.0,uppsala,5f9fe38afd517828962fde29
23499,2022-01-04 03:00:00+00:00,0.0,0.0,uppsala,5f9fe38afd517828962fde29
23500,2022-01-04 04:00:00+00:00,0.0,0.0,uppsala,5f9fe38afd517828962fde29
23501,2022-01-04 05:00:00+00:00,0.0,0.0,uppsala,5f9fe38afd517828962fde29
23502,2022-01-04 06:00:00+00:00,0.0,0.0,uppsala,5f9fe38afd517828962fde29
23503,2022-01-04 07:00:00+00:00,0.0,0.0,uppsala,5f9fe38afd517828962fde29
23504,2022-01-04 08:00:00+00:00,58.3,2.28,uppsala,5f9fe38afd517828962fde29
23505,2022-01-04 09:00:00+00:00,419.4,5.83,uppsala,5f9fe38afd517828962fde29
23506,2022-01-04 10:00:00+00:00,511.6,8.07,uppsala,5f9fe38afd517828962fde29
23507,2022-01-04 11:00:00+00:00,508.7,9.51,uppsala,5f9fe38afd517828962fde29
23508,2022-01-04 12:00:00+00:00,434.6,8.93,uppsala,5f9fe38afd517828962fde29
23509,2022-01-04 13:00:00+00:00,268.8,2.04,uppsala,5f9fe38afd517828962fde29
23510,2022-01-04 14:00:00+00:00,0.0,0.0,uppsala,5f9fe38afd517828962fde29
23511,2022-01-04 15:00:00+00:00,0.0,0.0,uppsala,5f9fe38afd517828962fde29
23512,2022-01-04 16:00:00+00:00,0.0,0.0,uppsala,5f9fe38afd517828962fde29
23513,2022-01-04 17:00:00+00:00,0.0,0.0,uppsala,5f9fe38afd517828962fde29
23514,2022-01-04 18:00:00+00:00,0.0,0.0,uppsala,5f9fe38afd517828962fde29
23515,2022-01-04 19:00:00+00:00,0.0,0.0,uppsala,5f9fe38afd517828962fde29
23516,2022-01-04 20:00:00+00:00,0.0,0.0,uppsala,5f9fe38afd517828962fde29
23517,2022-01-04 21:00:00+00:00,0.0,0.0,uppsala,5f9fe38afd517828962fde29
23518,2022-01-04 22:00:00+00:00,0.0,0.0,uppsala,5f9fe38afd517828962fde29
23519,2022-01-04 23:00:00+00:00,0.0,0.0,uppsala,5f9fe38afd517828962fde29
23520,2022-01-05 00:00:00+00:00,0.0,0.0,uppsala,5f9fe38afd517828962fde29
23521,2022-01-05 01:00:00+00:00,0.0,0.0,uppsala,5f9fe38afd517828962fde29
23522,2022-01-05 02:00:00+00:00,0.0,0.0,uppsala,5f9fe38afd517828962fde29
23523,2022-01-05 03:00:00+00:00,0.0,0.0,uppsala,5f9fe38afd517828962fde29
23524,2022-01-05 04:00:00+00:00,0.0,0.0,uppsala,5f9fe38afd517828962fde29
23525,2022-01-05 05:00:00+00:00,0.0,0.0,uppsala,5f9fe38afd517828962fde29
23526,2022-01-05 06:00:00+00:00,0.0,0.0,uppsala,5f9fe38afd517828962fde29
23527,2022-01-05 07:00:00+00:00,0.0,0.0,uppsala,5f9fe38afd517828962fde29
23528,2022-01-05 08:00:00+00:00,0.0,0.0,uppsala,5f9fe38afd517828962fde29
23529,2022-01-05 09:00:00+00:00,0.0,0.12,uppsala,5f9fe38afd517828962fde29
23530,2022-01-05 10:00:00+00:00,1.1,0.04,uppsala,5f9fe38afd517828962fde29
23531,2022-01-05 11:00:00+00:00,0.1,0.05,uppsala,5f9fe38afd517828962fde29
23532,2022-01-05 12:00:00+00:00,0.30000000000000004,0.01,uppsala,5f9fe38afd517828962fde29
23533,2022-01-05 13:00:00+00:00,0.0,0.0,uppsala,5f9fe38afd517828962fde29
23534,2022-01-05 14:00:00+00:00,0.0,0.0,uppsala,5f9fe38afd517828962fde29
23535,2022-01-05 15:00:00+00:00,0.0,0.0,uppsala,5f9fe38afd517828962fde29
23536,2022-01-05 16:00:00+00:00,0.0,0.0,uppsala,5f9fe38afd517828962fde29
23537,2022-01-05 17:00:00+00:00,0.0,0.0,uppsala,5f9fe38afd517828962fde29
23538,2022-01-05 18:00:00+00:00,0.0,0.0,uppsala,5f9fe38afd517828962fde29
23539,2022-01-05 19:00:00+00:00,0.0,0.0,uppsala,5f9fe38afd517828962fde29
23540,2022-01-05 20:00:00+00:00,0.0,0.0,uppsala,5f9fe38afd517828962fde29
23541,2022-01-05 21:00:00+00:00,0.0,0.0,uppsala,5f9fe38afd517828962fde29
23542,2022-01-05 22:00:00+00:00,0.0,0.0,uppsala,5f9fe38afd517828962fde29
23543,2022-01-05 23:00:00+00:00,0.0,0.0,uppsala,5f9fe38afd517828962fde29
23544,2022-01-06 00:00:00+00:00,0.0,0.0,uppsala,5f9fe38afd517828962fde29
23545,2022-01-06 01:00:00+00:00,0.0,0.0,uppsala,5f9fe38afd517828962fde29
23546,2022-01-06 02:00:00+00:00,0.0,0.0,uppsala,5f9fe38afd517828962fde29
23547,2022-01-06 03:00:00+00:00,0.0,0.0,uppsala,5f9fe38afd517828962fde29
23548,2022-01-06 04:00:00+00:00,0.0,0.0,uppsala,5f9fe38afd517828962fde29
23549,2022-01-06 05:00:00+00:00,0.0,0.0,uppsala,5f9fe38afd517828962fde29
23550,2022-01-06 06:00:00+00:00,0.0,0.0,uppsala,5f9fe38afd517828962fde29
23551,2022-01-06 07:00:00+00:00,0.0,0.1,uppsala,5f9fe38afd517828962fde29
23552,2022-01-06 08:00:00+00:00,80.7,3.35,uppsala,5f9fe38afd517828962fde29
23553,2022-01-06 09:00:00+00:00,464.1,5.82,uppsala,5f9fe38afd517828962fde29
23554,2022-01-06 10:00:00+00:00,597.8,7.09,uppsala,5f9fe38afd517828962fde29
23555,2022-01-06 11:00:00+00:00,634.2,8.33,uppsala,5f9fe38afd517828962fde29
23556,2022-01-06 12:00:00+00:00,600.7,7.48,uppsala,5f9fe38afd517828962fde29
23557,2022-01-06 13:00:00+00:00,456.2,2.69,uppsala,5f9fe38afd517828962fde29
23558,2022-01-06 14:00:00+00:00,0.2,0.0,uppsala,5f9fe38afd517828962fde29
23559,2022-01-06 15:00:00+00:00,0.0,0.0,uppsala,5f9fe38afd517828962fde29
23560,2022-01-06 16:00:00+00:00,0.0,0.0,uppsala,5f9fe38afd517828962fde29
23561,2022-01-06 17:00:00+00:00,0.0,0.0,uppsala,5f9fe38afd517828962fde29
23562,2022-01-06 18:00:00+00:00,0.0,0.0,uppsala,5f9fe38afd517828962fde29
23563,2022-01-06 19:00:00+00:00,0.0,0.0,uppsala,5f9fe38afd517828962fde29
23564,2022-01-06 20:00:00+00:00,0.0,0.0,uppsala,5f9fe38afd517828962fde29
23565,2022-01-06 21:00:00+00:00,0.0,0.0,uppsala,5f9fe38afd517828962fde29
23566,2022-01-06 22:00:00+00:00,0.0,0.0,uppsala,5f9fe38afd517828962fde29
23567,2022-01-06 23:00:00+00:00,0.0,0.0,uppsala,5f9fe38afd517828962fde29
23568,2022-01-07 00:00:00+00:00,0.0,0.0,uppsala,5f9fe38afd517828962fde29
23569,2022-01-07 01:00:00+00:00,0.0,0.0,uppsala,5f9fe38afd517828962fde29
23570,2022-01-07 02:00:00+00:00,0.0,0.0,uppsala,5f9fe38afd517828962fde29
23571,2022-01-07 03:00:00+00:00,0.0,0.0,uppsala,5f9fe38afd517828962fde29
23572,2022-01-07 04:00:00+00:00,0.0,0.0,uppsala,5f9fe38afd517828962fde29
23573,2022-01-07 05:00:00+00:00,0.0,0.0,uppsala,5f9fe38afd517828962fde29
23574,2022-01-07 06:00:00+00:00,0.0,0.0,uppsala,5f9fe38afd517828962fde29
23575,2022-01-07 07:00:00+00:00,0.0,0.14,uppsala,5f9fe38afd517828962fde29
23576,2022-01-07 08:00:00+00:00,109.1,1.9,uppsala,5f9fe38afd517828962fde29
23577,2022-01-07 09:00:00+00:00,490.2,4.78,uppsala,5f9fe38afd517828962fde29
23578,2022-01-07 10:00:00+00:00,614.0,6.42,uppsala,5f9fe38afd517828962fde29
23579,2022-01-07 11:00:00+00:00,642.3,3.08,uppsala,5f9fe38afd517828962fde29
23580,2022-01-07 12:00:00+00:00,593.6,0.4,uppsala,5f9fe38afd517828962fde29
23581,2022-01-07 13:00:00+00:00,0.0,0.0,uppsala,5f9fe38afd517828962fde29
23582,2022-01-07 14:00:00+00:00,0.0,0.0,uppsala,5f9fe38afd517828962fde29
23583,2022-01-07 15:00:00+00:00,0.0,0.0,uppsala,5f9fe38afd517828962fde29
23584,2022-01-07 16:00:00+00:00,0.0,0.0,uppsala,5f9fe38afd517828962fde29
23585,2022-01-07 17:00:00+00:00,0.0,0.0,uppsala,5f9fe38afd517828962fde29
23586,2022-01-07 18:00:00+00:00,0.0,0.0,uppsala,5f9fe38afd517828962fde29
23587,2022-01-07 19:00:00+00:00,0.0,0.0,uppsala,5f9fe38afd517828962fde29
23588,2022-01-07 20:00:00+00:00,0.0,0.0,uppsala,5f9fe38afd517828962fde29
23589,2022-01-07 21:00:00+00:00,0.0,0.0,uppsala,5f9fe38afd517828962fde29
23590,2022-01-07 22:00:00+00:00,0.0,0.0,uppsala,5f9fe38afd517828962fde29
23591,2022-01-07 23:00:00+00:00,0.0,0.0,uppsala,5f9fe38afd517828962fde29
23592,2022-01-08 00:00:00+00:00,0.0,0.0,uppsala,5f9fe38afd517828962fde29
23593,2022-01-08 01:00:00+00:00,0.0,0.0,uppsala,5f9fe38afd517828962fde29
23594,2022-01-08 02:00:00+00:00,0.0,0.0,uppsala,5f9fe38afd517828962fde29
23595,2022-01-08 03:00:00+00:00,0.0,0.0,uppsala,5f9fe38afd517828962fde29
23596,2022-01-08 04:00:00+00:00,0.0,0.0,uppsala,5f9fe38afd517828962fde29
23597,2022-01-08 05:00:00+00:00,0.0,0.0,uppsala,5f9fe38afd517828962fde29
23598,2022-01-08 06:00:00+00:00,0.0,0.0,uppsala,5f9fe38afd517828962fde29
23599,2022-01-08 07:00:00+00:00,0.0,0.0,uppsala,5f9fe38afd517828962fde29
23600,2022-01-08 08:00:00+00:00,0.0,0.0,uppsala,5f9fe38afd517828962fde29
23601,2022-01-08 09:00:00+00:00,0.0,0.05,uppsala,5f9fe38afd517828962fde29
23602,2022-01-08 10:00:00+00:00,0.0,0.18,uppsala,5f9fe38afd517828962fde29
23603,2022-01-08 11:00:00+00:00,4.5,0.15,uppsala,5f9fe38afd517828962fde29
23604,2022-01-08 12:00:00+00:00,0.0,0.01,uppsala,5f9fe38afd517828962fde29
23605,2022-01-08 13:00:00+00:00,0.0,0.0,uppsala,5f9fe38afd517828962fde29
23606,2022-01-08 14:00:00+00:00,0.0,0.0,uppsala,5f9fe38afd517828962fde29
23607,2022-01-08 15:00:00+00:00,0.0,0.0,uppsala,5f9fe38afd517828962fde29
23608,2022-01-08 16:00:00+00:00,0.0,0.0,uppsala,5f9fe38afd517828962fde29
23609,2022-01-08 17:00:00+00:00,0.0,0.0,uppsala,5f9fe38afd517828962fde29
23610,2022-01-08 18:00:00+00:00,0.0,0.0,uppsala,5f9fe38afd517828962fde29
23611,2022-01-08 19:00:00+00:00,0.0,0.0,uppsala,5f9fe38afd517828962fde29
23612,2022-01-08 20:00:00+00:00,0.0,0.0,uppsala,5f9fe38afd517828962fde29
23613,2022-01-08 21:00:00+00:00,0.0,0.0,uppsala,5f9fe38afd517828962fde29
23614,2022-01-08 22:00:00+00:00,0.0,0.0,uppsala,5f9fe38afd517828962fde29
23615,2022-01-08 23:00:00+00:00,0.0,0.0,uppsala,5f9fe38afd517828962fde29
23616,2022-01-09 00:00:00+00:00,0.0,0.0,uppsala,5f9fe38afd517828962fde29
23617,2022-01-09 01:00:00+00:00,0.0,0.0,uppsala,5f9fe38afd517828962fde29
23618,2022-01-09 02:00:00+00:00,0.0,0.0,uppsala,5f9fe38afd517828962fde29
23619,2022-01-09 03:00:00+00:00,0.0,0.0,uppsala,5f9fe38afd517828962fde29
23620,2022-01-09 04:00:00+00:00,0.0,0.0,uppsala,5f9fe38afd517828962fde29
23621,2022-01-09 05:00:00+00:00,0.0,0.0,uppsala,5f9fe38afd517828962fde29
23622,2022-01-09 06:00:00+00:00,0.0,0.0,uppsala,5f9fe38afd517828962fde29
23623,2022-01-09 07:00:00+00:00,0.0,0.0,uppsala,5f9fe38afd517828962fde29
23624,2022-01-09 08:00:00+00:00,0.0,0.0,uppsala,5f9fe38afd517828962fde29
23625,2022-01-09 09:00:00+00:00,0.0,0.18,uppsala,5f9fe38afd517828962fde29
23626,2022-01-09 10:00:00+00:00,452.1,0.44,uppsala,5f9fe38afd517828962fde29
23627,2022-01-09 11:00:00+00:00,46.7,0.29,uppsala,5f9fe38afd517828962fde29
23628,2022-01-09 12:00:00+00:00,0.30000000000000004,0.01,uppsala,5f9fe38afd517828962fde29
23629,2022-01-09 13:00:00+00:00,5.8,0.0,uppsala,5f9fe38afd517828962fde29
23630,2022-01-09 14:00:00+00:00,0.0,0.0,uppsala,5f9fe38afd517828962fde29
23631,2022-01-09 15:00:00+00:00,0.0,0.0,uppsala,5f9fe38afd517828962fde29
23632,2022-01-09 16:00:00+00:00,0.0,0.0,uppsala,5f9fe38afd517828962fde29
23633,2022-01-09 17:00:00+00:00,0.0,0.0,uppsala,5f9fe38afd517828962fde29
23634,2022-01-09 18:00:00+00:00,0.0,0.0,uppsala,5f9fe38afd517828962fde29
23635,2022-01-09 19:00:00+00:00,0.0,0.0,uppsala,5f9fe38afd517828962fde29
23636,2022-01-09 20:00:00+00:00,0.0,0.0,uppsala,5f9fe38afd517828962fde29
23637,2022-01-09 21:00:00+00:00,0.0,0.0,uppsala,5f9fe38afd517828962fde29
23638,2022-01-09 22:00:00+00:00,0.0,0.0,uppsala,5f9fe38afd517828962fde29
23639,2022-01-09 23:00:00+00:00,0.0,0.0,uppsala,5f9fe38afd517828962fde29
23640,2022-01-10 00:00:00+00:00,0.0,0.0,uppsala,5f9fe38afd517828962fde29
23641,2022-01-10 01:00:00+00:00,0.0,0.0,uppsala,5f9fe38afd517828962fde29
23642,2022-01-10 02:00:00+00:00,0.0,0.0,uppsala,5f9fe38afd517828962fde29
23643,2022-01-10 03:00:00+00:00,0.0,0.0,uppsala,5f9fe38afd517828962fde29
23644,2022-01-10 04:00:00+00:00,0.0,0.0,uppsala,5f9fe38afd517828962fde29
23645,2022-01-10 05:00:00+00:00,0.0,0.0,uppsala,5f9fe38afd517828962fde29
23646,2022-01-10 06:00:00+00:00,0.0,0.0,uppsala,5f9fe38afd517828962fde29
23647,2022-01-10 07:00:00+00:00,0.0,0.0,uppsala,5f9fe38afd517828962fde29
23648,2022-01-10 08:00:00+00:00,0.0,0.0,uppsala,5f9fe38afd517828962fde29
23649,2022-01-10 09:00:00+00:00,7.5,0.0,uppsala,5f9fe38afd517828962fde29
23650,2022-01-10 10:00:00+00:00,2.8,0.07,uppsala,5f9fe38afd517828962fde29
23651,2022-01-10 11:00:00+00:00,4.9,0.04,uppsala,5f9fe38afd517828962fde29
23652,2022-01-10 12:00:00+00:00,2.9,0.0,uppsala,5f9fe38afd517828962fde29
23653,2022-01-10 13:00:00+00:00,5.7,0.0,uppsala,5f9fe38afd517828962fde29
23654,2022-01-10 14:00:00+00:00,0.0,0.0,uppsala,5f9fe38afd517828962fde29
23655,2022-01-10 15:00:00+00:00,0.0,0.0,uppsala,5f9fe38afd517828962fde29
23656,2022-01-10 16:00:00+00:00,0.0,0.0,uppsala,5f9fe38afd517828962fde29
23657,2022-01-10 17:00:00+00:00,0.0,0.0,uppsala,5f9fe38afd517828962fde29
23658,2022-01-10 18:00:00+00:00,0.0,0.0,uppsala,5f9fe38afd517828962fde29
23659,2022-01-10 19:00:00+00:00,0.0,0.0,uppsala,5f9fe38afd517828962fde29
23660,2022-01-10 20:00:00+00:00,0.0,0.0,uppsala,5f9fe38afd517828962fde29
23661,2022-01-10 21:00:00+00:00,0.0,0.0,uppsala,5f9fe38afd517828962fde29
23662,2022-01-10 22:00:00+00:00,0.0,0.0,uppsala,5f9fe38afd517828962fde29
23663,2022-01-10 23:00:00+00:00,0.0,0.0,uppsala,5f9fe38afd517828962fde29
23664,2022-01-11 00:00:00+00:00,0.0,0.0,uppsala,5f9fe38afd517828962fde29
23665,2022-01-11 01:00:00+00:00,0.0,0.0,uppsala,5f9fe38afd517828962fde29
23666,2022-01-11 02:00:00+00:00,0.0,0.0,uppsala,5f9fe38afd517828962fde29
23667,2022-01-11 03:00:00+00:00,0.0,0.0,uppsala,5f9fe38afd517828962fde29
23668,2022-01-11 04:00:00+00:00,0.0,0.0,uppsala,5f9fe38afd517828962fde29
23669,2022-01-11 05:00:00+00:00,0.0,0.0,uppsala,5f9fe38afd517828962fde29
23670,2022-01-11 06:00:00+00:00,0.0,0.0,uppsala,5f9fe38afd517828962fde29
23671,2022-01-11 07:00:00+00:00,0.0,0.0,uppsala,5f9fe38afd517828962fde29
23672,2022-01-11 08:00:00+00:00,0.0,3.04,uppsala,5f9fe38afd517828962fde29
23673,2022-01-11 09:00:00+00:00,74.5,5.78,uppsala,5f9fe38afd517828962fde29
23674,2022-01-11 10:00:00+00:00,4.2,7.02,uppsala,5f9fe38afd517828962fde29
23675,2022-01-11 11:00:00+00:00,24.9,7.32,uppsala,5f9fe38afd517828962fde29
23676,2022-01-11 12:00:00+00:00,38.8,5.34,uppsala,5f9fe38afd517828962fde29
23677,2022-01-11 13:00:00+00:00,6.0,2.66,uppsala,5f9fe38afd517828962fde29
23678,2022-01-11 14:00:00+00:00,0.0,0.0,uppsala,5f9fe38afd517828962fde29
23679,2022-01-11 15:00:00+00:00,0.0,0.0,uppsala,5f9fe38afd517828962fde29
23680,2022-01-11 16:00:00+00:00,0.0,0.0,uppsala,5f9fe38afd517828962fde29
23681,2022-01-11 17:00:00+00:00,0.0,0.0,uppsala,5f9fe38afd517828962fde29
23682,2022-01-11 18:00:00+00:00,0.0,0.0,uppsala,5f9fe38afd517828962fde29
23683,2022-01-11 19:00:00+00:00,0.0,0.0,uppsala,5f9fe38afd517828962fde29
23684,2022-01-11 20:00:00+00:00,0.0,0.0,uppsala,5f9fe38afd517828962fde29
23685,2022-01-11 21:00:00+00:00,0.0,0.0,uppsala,5f9fe38afd517828962fde29
23686,2022-01-11 22:00:00+00:00,0.0,0.0,uppsala,5f9fe38afd517828962fde29
23687,2022-01-11 23:00:00+00:00,0.0,0.0,uppsala,5f9fe38afd517828962fde29
23688,2022-01-12 00:00:00+00:00,0.0,0.0,uppsala,5f9fe38afd517828962fde29
23689,2022-01-12 01:00:00+00:00,0.0,0.0,uppsala,5f9fe38afd517828962fde29
23690,2022-01-12 02:00:00+00:00,0.0,0.0,uppsala,5f9fe38afd517828962fde29
23691,2022-01-12 03:00:00+00:00,0.0,0.0,uppsala,5f9fe38afd517828962fde29
23692,2022-01-12 04:00:00+00:00,0.0,0.0,uppsala,5f9fe38afd517828962fde29
23693,2022-01-12 05:00:00+00:00,0.0,0.0,uppsala,5f9fe38afd517828962fde29
23694,2022-01-12 06:00:00+00:00,0.0,0.0,uppsala,5f9fe38afd517828962fde29
23695,2022-01-12 07:00:00+00:00,0.0,0.0,uppsala,5f9fe38afd517828962fde29
23696,2022-01-12 08:00:00+00:00,0.0,0.03,uppsala,5f9fe38afd517828962fde29
23697,2022-01-12 09:00:00+00:00,0.0,0.36,uppsala,5f9fe38afd517828962fde29
23698,2022-01-12 10:00:00+00:00,7.0,0.16,uppsala,5f9fe38afd517828962fde29
23699,2022-01-12 11:00:00+00:00,1.6,0.06,uppsala,5f9fe38afd517828962fde29
23700,2022-01-12 12:00:00+00:00,0.0,0.03,uppsala,5f9fe38afd517828962fde29
23701,2022-01-12 13:00:00+00:00,0.0,0.01,uppsala,5f9fe38afd517828962fde29
23702,2022-01-12 14:00:00+00:00,0.0,0.0,uppsala,5f9fe38afd517828962fde29
23703,2022-01-12 15:00:00+00:00,0.0,0.0,uppsala,5f9fe38afd517828962fde29
23704,2022-01-12 16:00:00+00:00,0.0,0.0,uppsala,5f9fe38afd517828962fde29
23705,2022-01-12 17:00:00+00:00,0.0,0.0,uppsala,5f9fe38afd517828962fde29
23706,2022-01-12 18:00:00+00:00,0.0,0.0,uppsala,5f9fe38afd517828962fde29
23707,2022-01-12 19:00:00+00:00,0.0,0.0,uppsala,5f9fe38afd517828962fde29
23708,2022-01-12 20:00:00+00:00,0.0,0.0,uppsala,5f9fe38afd517828962fde29
23709,2022-01-12 21:00:00+00:00,0.0,0.0,uppsala,5f9fe38afd517828962fde29
23710,2022-01-12 22:00:00+00:00,0.0,0.0,uppsala,5f9fe38afd517828962fde29
23711,2022-01-12 23:00:00+00:00,0.0,0.0,uppsala,5f9fe38afd517828962fde29
23712,2022-01-13 00:00:00+00:00,0.0,0.0,uppsala,5f9fe38afd517828962fde29
23713,2022-01-13 01:00:00+00:00,0.0,0.0,uppsala,5f9fe38afd517828962fde29
23714,2022-01-13 02:00:00+00:00,0.0,0.0,uppsala,5f9fe38afd517828962fde29
23715,2022-01-13 03:00:00+00:00,0.0,0.0,uppsala,5f9fe38afd517828962fde29
23716,2022-01-13 04:00:00+00:00,0.0,0.0,uppsala,5f9fe38afd517828962fde29
23717,2022-01-13 05:00:00+00:00,0.0,0.0,uppsala,5f9fe38afd517828962fde29
23718,2022-01-13 06:00:00+00:00,0.0,0.0,uppsala,5f9fe38afd517828962fde29
23719,2022-01-13 07:00:00+00:00,0.0,0.0,uppsala,5f9fe38afd517828962fde29
23720,2022-01-13 08:00:00+00:00,153.1,1.86,uppsala,5f9fe38afd517828962fde29
23721,2022-01-13 09:00:00+00:00,17.6,5.48,uppsala,5f9fe38afd517828962fde29
23722,2022-01-13 10:00:00+00:00,5.6,7.23,uppsala,5f9fe38afd517828962fde29
23723,2022-01-13 11:00:00+00:00,559.0,6.47,uppsala,5f9fe38afd517828962fde29
23724,2022-01-13 12:00:00+00:00,593.2,4.87,uppsala,5f9fe38afd517828962fde29
23725,2022-01-13 13:00:00+00:00,468.4,1.44,uppsala,5f9fe38afd517828962fde29
23726,2022-01-13 14:00:00+00:00,134.2,0.0,uppsala,5f9fe38afd517828962fde29
23727,2022-01-13 15:00:00+00:00,0.0,0.0,uppsala,5f9fe38afd517828962fde29
23728,2022-01-13 16:00:00+00:00,0.0,0.0,uppsala,5f9fe38afd517828962fde29
23729,2022-01-13 17:00:00+00:00,0.0,0.0,uppsala,5f9fe38afd517828962fde29
23730,2022-01-13 18:00:00+00:00,0.0,0.0,uppsala,5f9fe38afd517828962fde29
23731,2022-01-13 19:00:00+00:00,0.0,0.0,uppsala,5f9fe38afd517828962fde29
23732,2022-01-13 20:00:00+00:00,0.0,0.0,uppsala,5f9fe38afd517828962fde29
23733,2022-01-13 21:00:00+00:00,0.0,0.0,uppsala,5f9fe38afd517828962fde29
23734,2022-01-13 22:00:00+00:00,0.0,0.0,uppsala,5f9fe38afd517828962fde29
23735,2022-01-13 23:00:00+00:00,0.0,0.0,uppsala,5f9fe38afd517828962fde29
23736,2022-01-14 00:00:00+00:00,0.0,0.0,uppsala,5f9fe38afd517828962fde29
23737,2022-01-14 01:00:00+00:00,0.0,0.0,uppsala,5f9fe38afd517828962fde29
23738,2022-01-14 02:00:00+00:00,0.0,0.0,uppsala,5f9fe38afd517828962fde29
23739,2022-01-14 03:00:00+00:00,0.0,0.0,uppsala,5f9fe38afd517828962fde29
23740,2022-01-14 04:00:00+00:00,0.0,0.0,uppsala,5f9fe38afd517828962fde29
23741,2022-01-14 05:00:00+00:00,0.0,0.0,uppsala,5f9fe38afd517828962fde29
23742,2022-01-14 06:00:00+00:00,0.0,0.0,uppsala,5f9fe38afd517828962fde29
23743,2022-01-14 07:00:00+00:00,0.0,0.33,uppsala,5f9fe38afd517828962fde29
23744,2022-01-14 08:00:00+00:00,173.8,5.7,uppsala,5f9fe38afd517828962fde29
23745,2022-01-14 09:00:00+00:00,477.1,10.78,uppsala,5f9fe38afd517828962fde29
23746,2022-01-14 10:00:00+00:00,597.1,14.54,uppsala,5f9fe38afd517828962fde29
23747,2022-01-14 11:00:00+00:00,634.9,15.9,uppsala,5f9fe38afd517828962fde29
23748,2022-01-14 12:00:00+00:00,627.5,12.94,uppsala,5f9fe38afd517828962fde29
23749,2022-01-14 13:00:00+00:00,509.8,5.88,uppsala,5f9fe38afd517828962fde29
23750,2022-01-14 14:00:00+00:00,182.5,0.04,uppsala,5f9fe38afd517828962fde29
23751,2022-01-14 15:00:00+00:00,0.0,0.0,uppsala,5f9fe38afd517828962fde29
23752,2022-01-14 16:00:00+00:00,0.0,0.0,uppsala,5f9fe38afd517828962fde29
23753,2022-01-14 17:00:00+00:00,0.0,0.0,uppsala,5f9fe38afd517828962fde29
23754,2022-01-14 18:00:00+00:00,0.0,0.0,uppsala,5f9fe38afd517828962fde29
23755,2022-01-14 19:00:00+00:00,0.0,0.0,uppsala,5f9fe38afd517828962fde29
23756,2022-01-14 20:00:00+00:00,0.0,0.0,uppsala,5f9fe38afd517828962fde29
23757,2022-01-14 21:00:00+00:00,0.0,0.0,uppsala,5f9fe38afd517828962fde29
23758,2022-01-14 22:00:00+00:00,0.0,0.0,uppsala,5f9fe38afd517828962fde29
23759,2022-01-14 23:00:00+00:00,0.0,0.0,uppsala,5f9fe38afd517828962fde29
23760,2022-01-15 00:00:00+00:00,0.0,0.0,uppsala,5f9fe38afd517828962fde29
23761,2022-01-15 01:00:00+00:00,0.0,0.0,uppsala,5f9fe38afd517828962fde29
23762,2022-01-15 02:00:00+00:00,0.0,0.0,uppsala,5f9fe38afd517828962fde29
23763,2022-01-15 03:00:00+00:00,0.0,0.0,uppsala,5f9fe38afd517828962fde29
23764,2022-01-15 04:00:00+00:00,0.0,0.0,uppsala,5f9fe38afd517828962fde29
23765,2022-01-15 05:00:00+00:00,0.0,0.0,uppsala,5f9fe38afd517828962fde29
23766,2022-01-15 06:00:00+00:00,0.0,0.0,uppsala,5f9fe38afd517828962fde29
23767,2022-01-15 07:00:00+00:00,0.0,0.35,uppsala,5f9fe38afd517828962fde29
23768,2022-01-15 08:00:00+00:00,242.5,6.11,uppsala,5f9fe38afd517828962fde29
23769,2022-01-15 09:00:00+00:00,533.4,11.59,uppsala,5f9fe38afd517828962fde29
23770,2022-01-15 10:00:00+00:00,644.0,14.96,uppsala,5f9fe38afd517828962fde29
23771,2022-01-15 11:00:00+00:00,668.6,14.32,uppsala,5f9fe38afd517828962fde29
23772,2022-01-15 12:00:00+00:00,640.8,6.33,uppsala,5f9fe38afd517828962fde29
23773,2022-01-15 13:00:00+00:00,0.0,2.43,uppsala,5f9fe38afd517828962fde29
23774,2022-01-15 14:00:00+00:00,205.9,0.03,uppsala,5f9fe38afd517828962fde29
23775,2022-01-15 15:00:00+00:00,0.0,0.0,uppsala,5f9fe38afd517828962fde29
23776,2022-01-15 16:00:00+00:00,0.0,0.0,uppsala,5f9fe38afd517828962fde29
23777,2022-01-15 17:00:00+00:00,0.0,0.0,uppsala,5f9fe38afd517828962fde29
23778,2022-01-15 18:00:00+00:00,0.0,0.0,uppsala,5f9fe38afd517828962fde29
23779,2022-01-15 19:00:00+00:00,0.0,0.0,uppsala,5f9fe38afd517828962fde29
23780,2022-01-15 20:00:00+00:00,0.0,0.0,uppsala,5f9fe38afd517828962fde29
23781,2022-01-15 21:00:00+00:00,0.0,0.0,uppsala,5f9fe38afd517828962fde29
23782,2022-01-15 22:00:00+00:00,0.0,0.0,uppsala,5f9fe38afd517828962fde29
23783,2022-01-15 23:00:00+00:00,0.0,0.0,uppsala,5f9fe38afd517828962fde29
23784,2022-01-16 00:00:00+00:00,0.0,0.0,uppsala,5f9fe38afd517828962fde29
23785,2022-01-16 01:00:00+00:00,0.0,0.0,uppsala,5f9fe38afd517828962fde29
23786,2022-01-16 02:00:00+00:00,0.0,0.0,uppsala,5f9fe38afd517828962fde29
23787,2022-01-16 03:00:00+00:00,0.0,0.0,uppsala,5f9fe38afd517828962fde29
23788,2022-01-16 04:00:00+00:00,0.0,0.0,uppsala,5f9fe38afd517828962fde29
23789,2022-01-16 05:00:00+00:00,0.0,0.0,uppsala,5f9fe38afd517828962fde29
23790,2022-01-16 06:00:00+00:00,0.0,0.0,uppsala,5f9fe38afd517828962fde29
23791,2022-01-16 07:00:00+00:00,0.0,0.0,uppsala,5f9fe38afd517828962fde29
23792,2022-01-16 08:00:00+00:00,0.0,0.75,uppsala,5f9fe38afd517828962fde29
23793,2022-01-16 09:00:00+00:00,0.0,1.55,uppsala,5f9fe38afd517828962fde29
23794,2022-01-16 10:00:00+00:00,2.3,1.08,uppsala,5f9fe38afd517828962fde29
23795,2022-01-16 11:00:00+00:00,3.3,3.78,uppsala,5f9fe38afd517828962fde29
23796,2022-01-16 12:00:00+00:00,125.0,4.4,uppsala,5f9fe38afd517828962fde29
23797,2022-01-16 13:00:00+00:00,0.0,0.7,uppsala,5f9fe38afd517828962fde29
23798,2022-01-16 14:00:00+00:00,0.0,0.0,uppsala,5f9fe38afd517828962fde29
23799,2022-01-16 15:00:00+00:00,0.0,0.0,uppsala,5f9fe38afd517828962fde29
23800,2022-01-16 16:00:00+00:00,0.0,0.0,uppsala,5f9fe38afd517828962fde29
23801,2022-01-16 17:00:00+00:00,0.0,0.0,uppsala,5f9fe38afd517828962fde29
23802,2022-01-16 18:00:00+00:00,0.0,0.0,uppsala,5f9fe38afd517828962fde29
23803,2022-01-16 19:00:00+00:00,0.0,0.0,uppsala,5f9fe38afd517828962fde29
23804,2022-01-16 20:00:00+00:00,0.0,0.0,uppsala,5f9fe38afd517828962fde29
23805,2022-01-16 21:00:00+00:00,0.0,0.0,uppsala,5f9fe38afd517828962fde29
23806,2022-01-16 22:00:00+00:00,0.0,0.0,uppsala,5f9fe38afd517828962fde29
23807,2022-01-16 23:00:00+00:00,0.0,0.0,uppsala,5f9fe38afd517828962fde29
23808,2022-01-17 00:00:00+00:00,0.0,0.0,uppsala,5f9fe38afd517828962fde29
23809,2022-01-17 01:00:00+00:00,0.0,0.0,uppsala,5f9fe38afd517828962fde29
23810,2022-01-17 02:00:00+00:00,0.0,0.0,uppsala,5f9fe38afd517828962fde29
23811,2022-01-17 03:00:00+00:00,0.0,0.0,uppsala,5f9fe38afd517828962fde29
23812,2022-01-17 04:00:00+00:00,0.0,0.0,uppsala,5f9fe38afd517828962fde29
23813,2022-01-17 05:00:00+00:00,0.0,0.0,uppsala,5f9fe38afd517828962fde29
23814,2022-01-17 06:00:00+00:00,0.0,0.0,uppsala,5f9fe38afd517828962fde29
23815,2022-01-17 07:00:00+00:00,0.0,0.05,uppsala,5f9fe38afd517828962fde29
23816,2022-01-17 08:00:00+00:00,166.7,3.61,uppsala,5f9fe38afd517828962fde29
23817,2022-01-17 09:00:00+00:00,528.0,8.53,uppsala,5f9fe38afd517828962fde29
23818,2022-01-17 10:00:00+00:00,671.0,15.99,uppsala,5f9fe38afd517828962fde29
23819,2022-01-17 11:00:00+00:00,704.7,18.41,uppsala,5f9fe38afd517828962fde29
23820,2022-01-17 12:00:00+00:00,670.9,15.23,uppsala,5f9fe38afd517828962fde29
23821,2022-01-17 13:00:00+00:00,562.0,7.78,uppsala,5f9fe38afd517828962fde29
23822,2022-01-17 14:00:00+00:00,240.9,0.25,uppsala,5f9fe38afd517828962fde29
23823,2022-01-17 15:00:00+00:00,0.0,0.0,uppsala,5f9fe38afd517828962fde29
23824,2022-01-17 16:00:00+00:00,0.0,0.0,uppsala,5f9fe38afd517828962fde29
23825,2022-01-17 17:00:00+00:00,0.0,0.0,uppsala,5f9fe38afd517828962fde29
23826,2022-01-17 18:00:00+00:00,0.0,0.0,uppsala,5f9fe38afd517828962fde29
23827,2022-01-17 19:00:00+00:00,0.0,0.0,uppsala,5f9fe38afd517828962fde29
23828,2022-01-17 20:00:00+00:00,0.0,0.0,uppsala,5f9fe38afd517828962fde29
23829,2022-01-17 21:00:00+00:00,0.0,0.0,uppsala,5f9fe38afd517828962fde29
23830,2022-01-17 22:00:00+00:00,0.0,0.0,uppsala,5f9fe38afd517828962fde29
23831,2022-01-17 23:00:00+00:00,0.0,0.0,uppsala,5f9fe38afd517828962fde29
23832,2022-01-18 00:00:00+00:00,0.0,0.0,uppsala,5f9fe38afd517828962fde29
23833,2022-01-18 01:00:00+00:00,0.0,0.0,uppsala,5f9fe38afd517828962fde29
23834,2022-01-18 02:00:00+00:00,0.0,0.0,uppsala,5f9fe38afd517828962fde29
23835,2022-01-18 03:00:00+00:00,0.0,0.0,uppsala,5f9fe38afd517828962fde29
23836,2022-01-18 04:00:00+00:00,0.0,0.0,uppsala,5f9fe38afd517828962fde29
23837,2022-01-18 05:00:00+00:00,0.0,0.0,uppsala,5f9fe38afd517828962fde29
23838,2022-01-18 06:00:00+00:00,0.0,0.0,uppsala,5f9fe38afd517828962fde29
23839,2022-01-18 07:00:00+00:00,0.0,0.08,uppsala,5f9fe38afd517828962fde29
23840,2022-01-18 08:00:00+00:00,0.0,7.16,uppsala,5f9fe38afd517828962fde29
23841,2022-01-18 09:00:00+00:00,0.5,5.02,uppsala,5f9fe38afd517828962fde29
23842,2022-01-18 10:00:00+00:00,13.8,14.64,uppsala,5f9fe38afd517828962fde29
23843,2022-01-18 11:00:00+00:00,676.9,10.81,uppsala,5f9fe38afd517828962fde29
23844,2022-01-18 12:00:00+00:00,652.6,7.36,uppsala,5f9fe38afd517828962fde29
23845,2022-01-18 13:00:00+00:00,537.5,1.25,uppsala,5f9fe38afd517828962fde29
23846,2022-01-18 14:00:00+00:00,0.0,0.01,uppsala,5f9fe38afd517828962fde29
23847,2022-01-18 15:00:00+00:00,0.0,0.0,uppsala,5f9fe38afd517828962fde29
23848,2022-01-18 16:00:00+00:00,0.0,0.0,uppsala,5f9fe38afd517828962fde29
23849,2022-01-18 17:00:00+00:00,0.0,0.0,uppsala,5f9fe38afd517828962fde29
23850,2022-01-18 18:00:00+00:00,0.0,0.0,uppsala,5f9fe38afd517828962fde29
23851,2022-01-18 19:00:00+00:00,0.0,0.0,uppsala,5f9fe38afd517828962fde29
23852,2022-01-18 20:00:00+00:00,0.0,0.0,uppsala,5f9fe38afd517828962fde29
23853,2022-01-18 21:00:00+00:00,0.0,0.0,uppsala,5f9fe38afd517828962fde29
23854,2022-01-18 22:00:00+00:00,0.0,0.0,uppsala,5f9fe38afd517828962fde29
23855,2022-01-18 23:00:00+00:00,0.0,0.0,uppsala,5f9fe38afd517828962fde29
23856,2022-01-19 00:00:00+00:00,0.0,0.0,uppsala,5f9fe38afd517828962fde29
23857,2022-01-19 01:00:00+00:00,0.0,0.0,uppsala,5f9fe38afd517828962fde29
23858,2022-01-19 02:00:00+00:00,0.0,0.0,uppsala,5f9fe38afd517828962fde29
23859,2022-01-19 03:00:00+00:00,0.0,0.0,uppsala,5f9fe38afd517828962fde29
23860,2022-01-19 04:00:00+00:00,0.0,0.0,uppsala,5f9fe38afd517828962fde29
23861,2022-01-19 05:00:00+00:00,0.0,0.0,uppsala,5f9fe38afd517828962fde29
23862,2022-01-19 06:00:00+00:00,0.0,0.0,uppsala,5f9fe38afd517828962fde29
23863,2022-01-19 07:00:00+00:00,0.0,0.02,uppsala,5f9fe38afd517828962fde29
23864,2022-01-19 08:00:00+00:00,0.0,0.18,uppsala,5f9fe38afd517828962fde29
23865,2022-01-19 09:00:00+00:00,17.1,0.51,uppsala,5f9fe38afd517828962fde29
23866,2022-01-19 10:00:00+00:00,25.7,2.02,uppsala,5f9fe38afd517828962fde29
23867,2022-01-19 11:00:00+00:00,13.6,2.77,uppsala,5f9fe38afd517828962fde29
23868,2022-01-19 12:00:00+00:00,4.2,1.45,uppsala,5f9fe38afd517828962fde29
23869,2022-01-19 13:00:00+00:00,0.0,0.39,uppsala,5f9fe38afd517828962fde29
23870,2022-01-19 14:00:00+00:00,0.0,0.0,uppsala,5f9fe38afd517828962fde29
23871,2022-01-19 15:00:00+00:00,0.0,0.0,uppsala,5f9fe38afd517828962fde29
23872,2022-01-19 16:00:00+00:00,0.0,0.0,uppsala,5f9fe38afd517828962fde29
23873,2022-01-19 17:00:00+00:00,0.0,0.0,uppsala,5f9fe38afd517828962fde29
23874,2022-01-19 18:00:00+00:00,0.0,0.0,uppsala,5f9fe38afd517828962fde29
23875,2022-01-19 19:00:00+00:00,0.0,0.0,uppsala,5f9fe38afd517828962fde29
23876,2022-01-19 20:00:00+00:00,0.0,0.0,uppsala,5f9fe38afd517828962fde29
23877,2022-01-19 21:00:00+00:00,0.0,0.0,uppsala,5f9fe38afd517828962fde29
23878,2022-01-19 22:00:00+00:00,0.0,0.0,uppsala,5f9fe38afd517828962fde29
23879,2022-01-19 23:00:00+00:00,0.0,0.0,uppsala,5f9fe38afd517828962fde29
23880,2022-01-20 00:00:00+00:00,0.0,0.0,uppsala,5f9fe38afd517828962fde29
23881,2022-01-20 01:00:00+00:00,0.0,0.0,uppsala,5f9fe38afd517828962fde29
23882,2022-01-20 02:00:00+00:00,0.0,0.0,uppsala,5f9fe38afd517828962fde29
23883,2022-01-20 03:00:00+00:00,0.0,0.0,uppsala,5f9fe38afd517828962fde29
23884,2022-01-20 04:00:00+00:00,0.0,0.0,uppsala,5f9fe38afd517828962fde29
23885,2022-01-20 05:00:00+00:00,0.0,0.0,uppsala,5f9fe38afd517828962fde29
23886,2022-01-20 06:00:00+00:00,0.0,0.0,uppsala,5f9fe38afd517828962fde29
23887,2022-01-20 07:00:00+00:00,0.0,0.0,uppsala,5f9fe38afd517828962fde29
23888,2022-01-20 08:00:00+00:00,23.7,0.75,uppsala,5f9fe38afd517828962fde29
23889,2022-01-20 09:00:00+00:00,223.8,3.23,uppsala,5f9fe38afd517828962fde29
23890,2022-01-20 10:00:00+00:00,27.1,2.94,uppsala,5f9fe38afd517828962fde29
23891,2022-01-20 11:00:00+00:00,266.5,2.88,uppsala,5f9fe38afd517828962fde29
23892,2022-01-20 12:00:00+00:00,21.0,2.2,uppsala,5f9fe38afd517828962fde29
23893,2022-01-20 13:00:00+00:00,0.7000000000000001,4.1,uppsala,5f9fe38afd517828962fde29
23894,2022-01-20 14:00:00+00:00,270.1,0.54,uppsala,5f9fe38afd517828962fde29
23895,2022-01-20 15:00:00+00:00,0.0,0.0,uppsala,5f9fe38afd517828962fde29
23896,2022-01-20 16:00:00+00:00,0.0,0.0,uppsala,5f9fe38afd517828962fde29
23897,2022-01-20 17:00:00+00:00,0.0,0.0,uppsala,5f9fe38afd517828962fde29
23898,2022-01-20 18:00:00+00:00,0.0,0.0,uppsala,5f9fe38afd517828962fde29
23899,2022-01-20 19:00:00+00:00,0.0,0.0,uppsala,5f9fe38afd517828962fde29
23900,2022-01-20 20:00:00+00:00,0.0,0.0,uppsala,5f9fe38afd517828962fde29
23901,2022-01-20 21:00:00+00:00,0.0,0.0,uppsala,5f9fe38afd517828962fde29
23902,2022-01-20 22:00:00+00:00,0.0,0.0,uppsala,5f9fe38afd517828962fde29
23903,2022-01-20 23:00:00+00:00,0.0,0.0,uppsala,5f9fe38afd517828962fde29
23904,2022-01-21 00:00:00+00:00,0.0,0.0,uppsala,5f9fe38afd517828962fde29
23905,2022-01-21 01:00:00+00:00,0.0,0.0,uppsala,5f9fe38afd517828962fde29
23906,2022-01-21 02:00:00+00:00,0.0,0.0,uppsala,5f9fe38afd517828962fde29
23907,2022-01-21 03:00:00+00:00,0.0,0.0,uppsala,5f9fe38afd517828962fde29
23908,2022-01-21 04:00:00+00:00,0.0,0.0,uppsala,5f9fe38afd517828962fde29
23909,2022-01-21 05:00:00+00:00,0.0,0.0,uppsala,5f9fe38afd517828962fde29
23910,2022-01-21 06:00:00+00:00,0.0,0.0,uppsala,5f9fe38afd517828962fde29
23911,2022-01-21 07:00:00+00:00,0.0,0.85,uppsala,5f9fe38afd517828962fde29
23912,2022-01-21 08:00:00+00:00,293.9,5.84,uppsala,5f9fe38afd517828962fde29
23913,2022-01-21 09:00:00+00:00,565.3,8.62,uppsala,5f9fe38afd517828962fde29
23914,2022-01-21 10:00:00+00:00,667.3,10.35,uppsala,5f9fe38afd517828962fde29
23915,2022-01-21 11:00:00+00:00,699.3,11.89,uppsala,5f9fe38afd517828962fde29
23916,2022-01-21 12:00:00+00:00,670.3,11.21,uppsala,5f9fe38afd517828962fde29
23917,2022-01-21 13:00:00+00:00,569.4,7.55,uppsala,5f9fe38afd517828962fde29
23918,2022-01-21 14:00:00+00:00,313.8,0.73,uppsala,5f9fe38afd517828962fde29
23919,2022-01-21 15:00:00+00:00,0.0,0.0,uppsala,5f9fe38afd517828962fde29
23920,2022-01-21 16:00:00+00:00,0.0,0.0,uppsala,5f9fe38afd517828962fde29
23921,2022-01-21 17:00:00+00:00,0.0,0.0,uppsala,5f9fe38afd517828962fde29
23922,2022-01-21 18:00:00+00:00,0.0,0.0,uppsala,5f9fe38afd517828962fde29
23923,2022-01-21 19:00:00+00:00,0.0,0.0,uppsala,5f9fe38afd517828962fde29
23924,2022-01-21 20:00:00+00:00,0.0,0.0,uppsala,5f9fe38afd517828962fde29
23925,2022-01-21 21:00:00+00:00,0.0,0.0,uppsala,5f9fe38afd517828962fde29
23926,2022-01-21 22:00:00+00:00,0.0,0.0,uppsala,5f9fe38afd517828962fde29
23927,2022-01-21 23:00:00+00:00,0.0,0.0,uppsala,5f9fe38afd517828962fde29
23928,2022-01-22 00:00:00+00:00,0.0,0.0,uppsala,5f9fe38afd517828962fde29
23929,2022-01-22 01:00:00+00:00,0.0,0.0,uppsala,5f9fe38afd517828962fde29
23930,2022-01-22 02:00:00+00:00,0.0,0.0,uppsala,5f9fe38afd517828962fde29
23931,2022-01-22 03:00:00+00:00,0.0,0.0,uppsala,5f9fe38afd517828962fde29
23932,2022-01-22 04:00:00+00:00,0.0,0.0,uppsala,5f9fe38afd517828962fde29
23933,2022-01-22 05:00:00+00:00,0.0,0.0,uppsala,5f9fe38afd517828962fde29
23934,2022-01-22 06:00:00+00:00,0.0,0.0,uppsala,5f9fe38afd517828962fde29
23935,2022-01-22 07:00:00+00:00,0.0,0.29,uppsala,5f9fe38afd517828962fde29
23936,2022-01-22 08:00:00+00:00,0.0,2.28,uppsala,5f9fe38afd517828962fde29
23937,2022-01-22 09:00:00+00:00,0.0,2.95,uppsala,5f9fe38afd517828962fde29
23938,2022-01-22 10:00:00+00:00,319.8,2.12,uppsala,5f9fe38afd517828962fde29
23939,2022-01-22 11:00:00+00:00,124.4,1.43,uppsala,5f9fe38afd517828962fde29
23940,2022-01-22 12:00:00+00:00,4.2,1.29,uppsala,5f9fe38afd517828962fde29
23941,2022-01-22 13:00:00+00:00,0.0,0.41,uppsala,5f9fe38afd517828962fde29
23942,2022-01-22 14:00:00+00:00,68.4,0.01,uppsala,5f9fe38afd517828962fde29
23943,2022-01-22 15:00:00+00:00,0.0,0.0,uppsala,5f9fe38afd517828962fde29
23944,2022-01-22 16:00:00+00:00,0.0,0.0,uppsala,5f9fe38afd517828962fde29
23945,2022-01-22 17:00:00+00:00,0.0,0.0,uppsala,5f9fe38afd517828962fde29
23946,2022-01-22 18:00:00+00:00,0.0,0.0,uppsala,5f9fe38afd517828962fde29
23947,2022-01-22 19:00:00+00:00,0.0,0.0,uppsala,5f9fe38afd517828962fde29
23948,2022-01-22 20:00:00+00:00,0.0,0.0,uppsala,5f9fe38afd517828962fde29
23949,2022-01-22 21:00:00+00:00,0.0,0.0,uppsala,5f9fe38afd517828962fde29
23950,2022-01-22 22:00:00+00:00,0.0,0.0,uppsala,5f9fe38afd517828962fde29
23951,2022-01-22 23:00:00+00:00,0.0,1.3548,uppsala,5f9fe38afd517828962fde29
23952,2022-01-23 00:00:00+00:00,0.0,1.3548,uppsala,5f9fe38afd517828962fde29
23953,2022-01-23 01:00:00+00:00,0.0,1.3548,uppsala,5f9fe38afd517828962fde29
23954,2022-01-23 02:00:00+00:00,0.0,1.3548,uppsala,5f9fe38afd517828962fde29
23955,2022-01-23 03:00:00+00:00,0.0,1.3548,uppsala,5f9fe38afd517828962fde29
23956,2022-01-23 04:00:00+00:00,0.0,1.3548,uppsala,5f9fe38afd517828962fde29
23957,2022-01-23 05:00:00+00:00,0.0,1.3548,uppsala,5f9fe38afd517828962fde29
23958,2022-01-23 06:00:00+00:00,0.0,1.3548,uppsala,5f9fe38afd517828962fde29
23959,2022-01-23 07:00:00+00:00,0.0,1.3548,uppsala,5f9fe38afd517828962fde29
23960,2022-01-23 08:00:00+00:00,49.0,1.3548,uppsala,5f9fe38afd517828962fde29
23961,2022-01-23 09:00:00+00:00,0.0,1.3548,uppsala,5f9fe38afd517828962fde29
23962,2022-01-23 10:00:00+00:00,178.4,1.3548,uppsala,5f9fe38afd517828962fde29
23963,2022-01-23 11:00:00+00:00,639.1,1.3548,uppsala,5f9fe38afd517828962fde29
23964,2022-01-23 12:00:00+00:00,33.9,1.3548,uppsala,5f9fe38afd517828962fde29
23965,2022-01-23 13:00:00+00:00,493.4,1.3548,uppsala,5f9fe38afd517828962fde29
23966,2022-01-23 14:00:00+00:00,248.2,1.3548,uppsala,5f9fe38afd517828962fde29
23967,2022-01-23 15:00:00+00:00,0.0,1.3548,uppsala,5f9fe38afd517828962fde29
23968,2022-01-23 16:00:00+00:00,0.0,1.3548,uppsala,5f9fe38afd517828962fde29
23969,2022-01-23 17:00:00+00:00,0.0,1.3548,uppsala,5f9fe38afd517828962fde29
23970,2022-01-23 18:00:00+00:00,0.0,1.3548,uppsala,5f9fe38afd517828962fde29
23971,2022-01-23 19:00:00+00:00,0.0,1.3548,uppsala,5f9fe38afd517828962fde29
23972,2022-01-23 20:00:00+00:00,0.0,1.3548,uppsala,5f9fe38afd517828962fde29
23973,2022-01-23 21:00:00+00:00,0.0,1.3548,uppsala,5f9fe38afd517828962fde29
23974,2022-01-23 22:00:00+00:00,0.0,1.3548,uppsala,5f9fe38afd517828962fde29
23975,2022-01-23 23:00:00+00:00,0.0,1.3548,uppsala,5f9fe38afd517828962fde29
23976,2022-01-24 00:00:00+00:00,0.0,0.0,uppsala,5f9fe38afd517828962fde29
23977,2022-01-24 01:00:00+00:00,0.0,0.0,uppsala,5f9fe38afd517828962fde29
23978,2022-01-24 02:00:00+00:00,0.0,0.0,uppsala,5f9fe38afd517828962fde29
23979,2022-01-24 03:00:00+00:00,0.0,0.0,uppsala,5f9fe38afd517828962fde29
23980,2022-01-24 04:00:00+00:00,0.0,0.0,uppsala,5f9fe38afd517828962fde29
23981,2022-01-24 05:00:00+00:00,0.0,0.0,uppsala,5f9fe38afd517828962fde29
23982,2022-01-24 06:00:00+00:00,0.0,0.0,uppsala,5f9fe38afd517828962fde29
23983,2022-01-24 07:00:00+00:00,0.0,0.13,uppsala,5f9fe38afd517828962fde29
23984,2022-01-24 08:00:00+00:00,0.0,2.76,uppsala,5f9fe38afd517828962fde29
23985,2022-01-24 09:00:00+00:00,0.0,6.45,uppsala,5f9fe38afd517828962fde29
23986,2022-01-24 10:00:00+00:00,235.6,8.17,uppsala,5f9fe38afd517828962fde29
23987,2022-01-24 11:00:00+00:00,461.3,6.86,uppsala,5f9fe38afd517828962fde29
23988,2022-01-24 12:00:00+00:00,684.3,8.07,uppsala,5f9fe38afd517828962fde29
23989,2022-01-24 13:00:00+00:00,0.2,4.18,uppsala,5f9fe38afd517828962fde29
23990,2022-01-24 14:00:00+00:00,110.6,0.53,uppsala,5f9fe38afd517828962fde29
23991,2022-01-24 15:00:00+00:00,0.0,0.0,uppsala,5f9fe38afd517828962fde29
23992,2022-01-24 16:00:00+00:00,0.0,0.0,uppsala,5f9fe38afd517828962fde29
23993,2022-01-24 17:00:00+00:00,0.0,0.0,uppsala,5f9fe38afd517828962fde29
23994,2022-01-24 18:00:00+00:00,0.0,0.0,uppsala,5f9fe38afd517828962fde29
23995,2022-01-24 19:00:00+00:00,0.0,0.0,uppsala,5f9fe38afd517828962fde29
23996,2022-01-24 20:00:00+00:00,0.0,0.0,uppsala,5f9fe38afd517828962fde29
23997,2022-01-24 21:00:00+00:00,0.0,0.0,uppsala,5f9fe38afd517828962fde29
23998,2022-01-24 22:00:00+00:00,0.0,0.0,uppsala,5f9fe38afd517828962fde29
23999,2022-01-24 23:00:00+00:00,0.0,0.0,uppsala,5f9fe38afd517828962fde29
24000,2022-01-25 00:00:00+00:00,0.0,0.0,uppsala,5f9fe38afd517828962fde29
24001,2022-01-25 01:00:00+00:00,0.0,0.0,uppsala,5f9fe38afd517828962fde29
24002,2022-01-25 02:00:00+00:00,0.0,0.0,uppsala,5f9fe38afd517828962fde29
24003,2022-01-25 03:00:00+00:00,0.0,0.0,uppsala,5f9fe38afd517828962fde29
24004,2022-01-25 04:00:00+00:00,0.0,0.0,uppsala,5f9fe38afd517828962fde29
24005,2022-01-25 05:00:00+00:00,0.0,0.0,uppsala,5f9fe38afd517828962fde29
24006,2022-01-25 06:00:00+00:00,0.0,0.0,uppsala,5f9fe38afd517828962fde29
24007,2022-01-25 07:00:00+00:00,0.0,1.85,uppsala,5f9fe38afd517828962fde29
24008,2022-01-25 08:00:00+00:00,377.8,9.66,uppsala,5f9fe38afd517828962fde29
24009,2022-01-25 09:00:00+00:00,607.6,16.74,uppsala,5f9fe38afd517828962fde29
24010,2022-01-25 10:00:00+00:00,704.8,21.32,uppsala,5f9fe38afd517828962fde29
24011,2022-01-25 11:00:00+00:00,729.4,22.65,uppsala,5f9fe38afd517828962fde29
24012,2022-01-25 12:00:00+00:00,695.7,19.96,uppsala,5f9fe38afd517828962fde29
24013,2022-01-25 13:00:00+00:00,603.6,11.7,uppsala,5f9fe38afd517828962fde29
24014,2022-01-25 14:00:00+00:00,385.2,1.84,uppsala,5f9fe38afd517828962fde29
24015,2022-01-25 15:00:00+00:00,0.0,0.0,uppsala,5f9fe38afd517828962fde29
24016,2022-01-25 16:00:00+00:00,0.0,0.0,uppsala,5f9fe38afd517828962fde29
24017,2022-01-25 17:00:00+00:00,0.0,0.0,uppsala,5f9fe38afd517828962fde29
24018,2022-01-25 18:00:00+00:00,0.0,0.0,uppsala,5f9fe38afd517828962fde29
24019,2022-01-25 19:00:00+00:00,0.0,0.0,uppsala,5f9fe38afd517828962fde29
24020,2022-01-25 20:00:00+00:00,0.0,0.0,uppsala,5f9fe38afd517828962fde29
24021,2022-01-25 21:00:00+00:00,0.0,0.0,uppsala,5f9fe38afd517828962fde29
24022,2022-01-25 22:00:00+00:00,0.0,0.0,uppsala,5f9fe38afd517828962fde29
24023,2022-01-25 23:00:00+00:00,0.0,0.0,uppsala,5f9fe38afd517828962fde29
24024,2022-01-26 00:00:00+00:00,0.0,0.0,uppsala,5f9fe38afd517828962fde29
24025,2022-01-26 01:00:00+00:00,0.0,0.0,uppsala,5f9fe38afd517828962fde29
24026,2022-01-26 02:00:00+00:00,0.0,0.0,uppsala,5f9fe38afd517828962fde29
24027,2022-01-26 03:00:00+00:00,0.0,0.0,uppsala,5f9fe38afd517828962fde29
24028,2022-01-26 04:00:00+00:00,0.0,0.0,uppsala,5f9fe38afd517828962fde29
24029,2022-01-26 05:00:00+00:00,0.0,0.0,uppsala,5f9fe38afd517828962fde29
24030,2022-01-26 06:00:00+00:00,0.0,0.0,uppsala,5f9fe38afd517828962fde29
24031,2022-01-26 07:00:00+00:00,0.0,0.0,uppsala,5f9fe38afd517828962fde29
24032,2022-01-26 08:00:00+00:00,0.0,0.65,uppsala,5f9fe38afd517828962fde29
24033,2022-01-26 09:00:00+00:00,9.8,0.88,uppsala,5f9fe38afd517828962fde29
24034,2022-01-26 10:00:00+00:00,3.7,2.39,uppsala,5f9fe38afd517828962fde29
24035,2022-01-26 11:00:00+00:00,9.8,6.08,uppsala,5f9fe38afd517828962fde29
24036,2022-01-26 12:00:00+00:00,15.9,7.85,uppsala,5f9fe38afd517828962fde29
24037,2022-01-26 13:00:00+00:00,8.6,2.84,uppsala,5f9fe38afd517828962fde29
24038,2022-01-26 14:00:00+00:00,0.0,0.21,uppsala,5f9fe38afd517828962fde29
24039,2022-01-26 15:00:00+00:00,0.0,0.0,uppsala,5f9fe38afd517828962fde29
24040,2022-01-26 16:00:00+00:00,0.0,0.0,uppsala,5f9fe38afd517828962fde29
24041,2022-01-26 17:00:00+00:00,0.0,0.0,uppsala,5f9fe38afd517828962fde29
24042,2022-01-26 18:00:00+00:00,0.0,0.0,uppsala,5f9fe38afd517828962fde29
24043,2022-01-26 19:00:00+00:00,0.0,0.0,uppsala,5f9fe38afd517828962fde29
24044,2022-01-26 20:00:00+00:00,0.0,0.0,uppsala,5f9fe38afd517828962fde29
24045,2022-01-26 21:00:00+00:00,0.0,0.0,uppsala,5f9fe38afd517828962fde29
24046,2022-01-26 22:00:00+00:00,0.0,0.0,uppsala,5f9fe38afd517828962fde29
24047,2022-01-26 23:00:00+00:00,0.0,0.0,uppsala,5f9fe38afd517828962fde29
24048,2022-01-27 00:00:00+00:00,0.0,0.0,uppsala,5f9fe38afd517828962fde29
24049,2022-01-27 01:00:00+00:00,0.0,0.0,uppsala,5f9fe38afd517828962fde29
24050,2022-01-27 02:00:00+00:00,0.0,0.0,uppsala,5f9fe38afd517828962fde29
24051,2022-01-27 03:00:00+00:00,0.0,0.0,uppsala,5f9fe38afd517828962fde29
24052,2022-01-27 04:00:00+00:00,0.0,0.0,uppsala,5f9fe38afd517828962fde29
24053,2022-01-27 05:00:00+00:00,0.0,0.0,uppsala,5f9fe38afd517828962fde29
24054,2022-01-27 06:00:00+00:00,0.0,0.0,uppsala,5f9fe38afd517828962fde29
24055,2022-01-27 07:00:00+00:00,0.0,0.0,uppsala,5f9fe38afd517828962fde29
24056,2022-01-27 08:00:00+00:00,0.0,0.69,uppsala,5f9fe38afd517828962fde29
24057,2022-01-27 09:00:00+00:00,8.9,1.6,uppsala,5f9fe38afd517828962fde29
24058,2022-01-27 10:00:00+00:00,4.4,2.46,uppsala,5f9fe38afd517828962fde29
24059,2022-01-27 11:00:00+00:00,11.1,2.7,uppsala,5f9fe38afd517828962fde29
24060,2022-01-27 12:00:00+00:00,4.4,3.18,uppsala,5f9fe38afd517828962fde29
24061,2022-01-27 13:00:00+00:00,0.30000000000000004,1.41,uppsala,5f9fe38afd517828962fde29
24062,2022-01-27 14:00:00+00:00,0.0,0.1,uppsala,5f9fe38afd517828962fde29
24063,2022-01-27 15:00:00+00:00,0.0,0.0,uppsala,5f9fe38afd517828962fde29
24064,2022-01-27 16:00:00+00:00,0.0,0.0,uppsala,5f9fe38afd517828962fde29
24065,2022-01-27 17:00:00+00:00,0.0,0.0,uppsala,5f9fe38afd517828962fde29
24066,2022-01-27 18:00:00+00:00,0.0,0.0,uppsala,5f9fe38afd517828962fde29
24067,2022-01-27 19:00:00+00:00,0.0,0.0,uppsala,5f9fe38afd517828962fde29
24068,2022-01-27 20:00:00+00:00,0.0,0.0,uppsala,5f9fe38afd517828962fde29
24069,2022-01-27 21:00:00+00:00,0.0,0.0,uppsala,5f9fe38afd517828962fde29
24070,2022-01-27 22:00:00+00:00,0.0,0.0,uppsala,5f9fe38afd517828962fde29
24071,2022-01-27 23:00:00+00:00,0.0,0.0,uppsala,5f9fe38afd517828962fde29
24072,2022-01-28 00:00:00+00:00,0.0,0.0,uppsala,5f9fe38afd517828962fde29
24073,2022-01-28 01:00:00+00:00,0.0,0.0,uppsala,5f9fe38afd517828962fde29
24074,2022-01-28 02:00:00+00:00,0.0,0.0,uppsala,5f9fe38afd517828962fde29
24075,2022-01-28 03:00:00+00:00,0.0,0.0,uppsala,5f9fe38afd517828962fde29
24076,2022-01-28 04:00:00+00:00,0.0,0.0,uppsala,5f9fe38afd517828962fde29
24077,2022-01-28 05:00:00+00:00,0.0,0.0,uppsala,5f9fe38afd517828962fde29
24078,2022-01-28 06:00:00+00:00,0.0,0.0,uppsala,5f9fe38afd517828962fde29
24079,2022-01-28 07:00:00+00:00,0.0,0.53,uppsala,5f9fe38afd517828962fde29
24080,2022-01-28 08:00:00+00:00,21.7,7.2,uppsala,5f9fe38afd517828962fde29
24081,2022-01-28 09:00:00+00:00,615.4,14.51,uppsala,5f9fe38afd517828962fde29
24082,2022-01-28 10:00:00+00:00,714.9,18.02,uppsala,5f9fe38afd517828962fde29
24083,2022-01-28 11:00:00+00:00,744.2,19.53,uppsala,5f9fe38afd517828962fde29
24084,2022-01-28 12:00:00+00:00,738.4,18.36,uppsala,5f9fe38afd517828962fde29
24085,2022-01-28 13:00:00+00:00,660.9,12.05,uppsala,5f9fe38afd517828962fde29
24086,2022-01-28 14:00:00+00:00,464.6,0.79,uppsala,5f9fe38afd517828962fde29
24087,2022-01-28 15:00:00+00:00,0.0,0.0,uppsala,5f9fe38afd517828962fde29
24088,2022-01-28 16:00:00+00:00,0.0,0.0,uppsala,5f9fe38afd517828962fde29
24089,2022-01-28 17:00:00+00:00,0.0,0.0,uppsala,5f9fe38afd517828962fde29
24090,2022-01-28 18:00:00+00:00,0.0,0.0,uppsala,5f9fe38afd517828962fde29
24091,2022-01-28 19:00:00+00:00,0.0,0.0,uppsala,5f9fe38afd517828962fde29
24092,2022-01-28 20:00:00+00:00,0.0,0.0,uppsala,5f9fe38afd517828962fde29
24093,2022-01-28 21:00:00+00:00,0.0,0.0,uppsala,5f9fe38afd517828962fde29
24094,2022-01-28 22:00:00+00:00,0.0,0.0,uppsala,5f9fe38afd517828962fde29
24095,2022-01-28 23:00:00+00:00,0.0,0.0,uppsala,5f9fe38afd517828962fde29
24096,2022-01-29 00:00:00+00:00,0.0,0.0,uppsala,5f9fe38afd517828962fde29
24097,2022-01-29 01:00:00+00:00,0.0,0.0,uppsala,5f9fe38afd517828962fde29
24098,2022-01-29 02:00:00+00:00,0.0,0.0,uppsala,5f9fe38afd517828962fde29
24099,2022-01-29 03:00:00+00:00,0.0,0.0,uppsala,5f9fe38afd517828962fde29
24100,2022-01-29 04:00:00+00:00,0.0,0.0,uppsala,5f9fe38afd517828962fde29
24101,2022-01-29 05:00:00+00:00,0.0,0.0,uppsala,5f9fe38afd517828962fde29
24102,2022-01-29 06:00:00+00:00,0.0,0.0,uppsala,5f9fe38afd517828962fde29
24103,2022-01-29 07:00:00+00:00,0.0,0.0,uppsala,5f9fe38afd517828962fde29
24104,2022-01-29 08:00:00+00:00,0.0,0.63,uppsala,5f9fe38afd517828962fde29
24105,2022-01-29 09:00:00+00:00,0.0,1.36,uppsala,5f9fe38afd517828962fde29
24106,2022-01-29 10:00:00+00:00,3.7,1.83,uppsala,5f9fe38afd517828962fde29
24107,2022-01-29 11:00:00+00:00,4.7,2.46,uppsala,5f9fe38afd517828962fde29
24108,2022-01-29 12:00:00+00:00,3.8,1.57,uppsala,5f9fe38afd517828962fde29
24109,2022-01-29 13:00:00+00:00,0.0,1.12,uppsala,5f9fe38afd517828962fde29
24110,2022-01-29 14:00:00+00:00,0.0,0.16,uppsala,5f9fe38afd517828962fde29
24111,2022-01-29 15:00:00+00:00,0.0,0.0,uppsala,5f9fe38afd517828962fde29
24112,2022-01-29 16:00:00+00:00,0.0,0.0,uppsala,5f9fe38afd517828962fde29
24113,2022-01-29 17:00:00+00:00,0.0,0.0,uppsala,5f9fe38afd517828962fde29
24114,2022-01-29 18:00:00+00:00,0.0,0.0,uppsala,5f9fe38afd517828962fde29
24115,2022-01-29 19:00:00+00:00,0.0,0.0,uppsala,5f9fe38afd517828962fde29
24116,2022-01-29 20:00:00+00:00,0.0,0.0,uppsala,5f9fe38afd517828962fde29
24117,2022-01-29 21:00:00+00:00,0.0,0.0,uppsala,5f9fe38afd517828962fde29
24118,2022-01-29 22:00:00+00:00,0.0,0.0,uppsala,5f9fe38afd517828962fde29
24119,2022-01-29 23:00:00+00:00,0.0,0.0,uppsala,5f9fe38afd517828962fde29
24120,2022-01-30 00:00:00+00:00,0.0,0.0,uppsala,5f9fe38afd517828962fde29
24121,2022-01-30 01:00:00+00:00,0.0,0.0,uppsala,5f9fe38afd517828962fde29
24122,2022-01-30 02:00:00+00:00,0.0,0.0,uppsala,5f9fe38afd517828962fde29
24123,2022-01-30 03:00:00+00:00,0.0,0.0,uppsala,5f9fe38afd517828962fde29
24124,2022-01-30 04:00:00+00:00,0.0,0.0,uppsala,5f9fe38afd517828962fde29
24125,2022-01-30 05:00:00+00:00,0.0,0.0,uppsala,5f9fe38afd517828962fde29
24126,2022-01-30 06:00:00+00:00,0.0,0.0,uppsala,5f9fe38afd517828962fde29
24127,2022-01-30 07:00:00+00:00,0.0,0.0,uppsala,5f9fe38afd517828962fde29
24128,2022-01-30 08:00:00+00:00,0.0,0.09,uppsala,5f9fe38afd517828962fde29
24129,2022-01-30 09:00:00+00:00,19.6,1.44,uppsala,5f9fe38afd517828962fde29
24130,2022-01-30 10:00:00+00:00,19.9,1.72,uppsala,5f9fe38afd517828962fde29
24131,2022-01-30 11:00:00+00:00,13.6,2.27,uppsala,5f9fe38afd517828962fde29
24132,2022-01-30 12:00:00+00:00,11.4,1.49,uppsala,5f9fe38afd517828962fde29
24133,2022-01-30 13:00:00+00:00,10.4,0.21,uppsala,5f9fe38afd517828962fde29
24134,2022-01-30 14:00:00+00:00,0.0,0.14,uppsala,5f9fe38afd517828962fde29
24135,2022-01-30 15:00:00+00:00,0.0,0.0,uppsala,5f9fe38afd517828962fde29
24136,2022-01-30 16:00:00+00:00,0.0,0.0,uppsala,5f9fe38afd517828962fde29
24137,2022-01-30 17:00:00+00:00,0.0,0.0,uppsala,5f9fe38afd517828962fde29
24138,2022-01-30 18:00:00+00:00,0.0,0.0,uppsala,5f9fe38afd517828962fde29
24139,2022-01-30 19:00:00+00:00,0.0,0.0,uppsala,5f9fe38afd517828962fde29
24140,2022-01-30 20:00:00+00:00,0.0,0.0,uppsala,5f9fe38afd517828962fde29
24141,2022-01-30 21:00:00+00:00,0.0,0.0,uppsala,5f9fe38afd517828962fde29
24142,2022-01-30 22:00:00+00:00,0.0,0.0,uppsala,5f9fe38afd517828962fde29
24143,2022-01-30 23:00:00+00:00,0.0,0.0,uppsala,5f9fe38afd517828962fde29
24144,2022-01-31 00:00:00+00:00,0.0,0.0,uppsala,5f9fe38afd517828962fde29
24145,2022-01-31 01:00:00+00:00,0.0,0.0,uppsala,5f9fe38afd517828962fde29
24146,2022-01-31 02:00:00+00:00,0.0,0.0,uppsala,5f9fe38afd517828962fde29
24147,2022-01-31 03:00:00+00:00,0.0,0.0,uppsala,5f9fe38afd517828962fde29
24148,2022-01-31 04:00:00+00:00,0.0,0.0,uppsala,5f9fe38afd517828962fde29
24149,2022-01-31 05:00:00+00:00,0.0,0.0,uppsala,5f9fe38afd517828962fde29
24150,2022-01-31 06:00:00+00:00,0.0,0.0,uppsala,5f9fe38afd517828962fde29
24151,2022-01-31 07:00:00+00:00,0.0,0.18,uppsala,5f9fe38afd517828962fde29
24152,2022-01-31 08:00:00+00:00,18.8,2.12,uppsala,5f9fe38afd517828962fde29
24153,2022-01-31 09:00:00+00:00,5.4,3.53,uppsala,5f9fe38afd517828962fde29
24154,2022-01-31 10:00:00+00:00,9.9,3.61,uppsala,5f9fe38afd517828962fde29
24155,2022-01-31 11:00:00+00:00,15.7,2.66,uppsala,5f9fe38afd517828962fde29
24156,2022-01-31 12:00:00+00:00,11.4,2.0,uppsala,5f9fe38afd517828962fde29
24157,2022-01-31 13:00:00+00:00,10.1,0.91,uppsala,5f9fe38afd517828962fde29
24158,2022-01-31 14:00:00+00:00,0.0,0.01,uppsala,5f9fe38afd517828962fde29
24159,2022-01-31 15:00:00+00:00,0.0,0.0,uppsala,5f9fe38afd517828962fde29
24160,2022-01-31 16:00:00+00:00,0.0,0.0,uppsala,5f9fe38afd517828962fde29
24161,2022-01-31 17:00:00+00:00,0.0,0.0,uppsala,5f9fe38afd517828962fde29
24162,2022-01-31 18:00:00+00:00,0.0,0.0,uppsala,5f9fe38afd517828962fde29
24163,2022-01-31 19:00:00+00:00,0.0,0.0,uppsala,5f9fe38afd517828962fde29
24164,2022-01-31 20:00:00+00:00,0.0,0.0,uppsala,5f9fe38afd517828962fde29
24165,2022-01-31 21:00:00+00:00,0.0,0.0,uppsala,5f9fe38afd517828962fde29
24166,2022-01-31 22:00:00+00:00,0.0,0.0,uppsala,5f9fe38afd517828962fde29
24167,2022-01-31 23:00:00+00:00,0.0,0.0,uppsala,5f9fe38afd517828962fde29
24168,2022-02-01 00:00:00+00:00,0.0,0.0,uppsala,5f9fe38afd517828962fde29
24169,2022-02-01 01:00:00+00:00,0.0,0.0,uppsala,5f9fe38afd517828962fde29
24170,2022-02-01 02:00:00+00:00,0.0,0.0,uppsala,5f9fe38afd517828962fde29
24171,2022-02-01 03:00:00+00:00,0.0,0.0,uppsala,5f9fe38afd517828962fde29
24172,2022-02-01 04:00:00+00:00,0.0,0.0,uppsala,5f9fe38afd517828962fde29
24173,2022-02-01 05:00:00+00:00,0.0,0.0,uppsala,5f9fe38afd517828962fde29
24174,2022-02-01 06:00:00+00:00,0.0,0.0,uppsala,5f9fe38afd517828962fde29
24175,2022-02-01 07:00:00+00:00,0.0,0.4,uppsala,5f9fe38afd517828962fde29
24176,2022-02-01 08:00:00+00:00,0.2,3.07,uppsala,5f9fe38afd517828962fde29
24177,2022-02-01 09:00:00+00:00,56.9,7.48,uppsala,5f9fe38afd517828962fde29
24178,2022-02-01 10:00:00+00:00,94.0,13.82,uppsala,5f9fe38afd517828962fde29
24179,2022-02-01 11:00:00+00:00,11.3,14.71,uppsala,5f9fe38afd517828962fde29
24180,2022-02-01 12:00:00+00:00,10.0,11.59,uppsala,5f9fe38afd517828962fde29
24181,2022-02-01 13:00:00+00:00,94.8,8.44,uppsala,5f9fe38afd517828962fde29
24182,2022-02-01 14:00:00+00:00,39.8,1.39,uppsala,5f9fe38afd517828962fde29
24183,2022-02-01 15:00:00+00:00,0.0,0.0,uppsala,5f9fe38afd517828962fde29
24184,2022-02-01 16:00:00+00:00,0.0,0.0,uppsala,5f9fe38afd517828962fde29
24185,2022-02-01 17:00:00+00:00,0.0,0.0,uppsala,5f9fe38afd517828962fde29
24186,2022-02-01 18:00:00+00:00,0.0,0.0,uppsala,5f9fe38afd517828962fde29
24187,2022-02-01 19:00:00+00:00,0.0,0.0,uppsala,5f9fe38afd517828962fde29
24188,2022-02-01 20:00:00+00:00,0.0,0.0,uppsala,5f9fe38afd517828962fde29
24189,2022-02-01 21:00:00+00:00,0.0,0.0,uppsala,5f9fe38afd517828962fde29
24190,2022-02-01 22:00:00+00:00,0.0,0.0,uppsala,5f9fe38afd517828962fde29
24191,2022-02-01 23:00:00+00:00,0.0,0.0,uppsala,5f9fe38afd517828962fde29
24192,2022-02-02 00:00:00+00:00,0.0,0.0,uppsala,5f9fe38afd517828962fde29
24193,2022-02-02 01:00:00+00:00,0.0,0.0,uppsala,5f9fe38afd517828962fde29
24194,2022-02-02 02:00:00+00:00,0.0,0.0,uppsala,5f9fe38afd517828962fde29
24195,2022-02-02 03:00:00+00:00,0.0,0.0,uppsala,5f9fe38afd517828962fde29
24196,2022-02-02 04:00:00+00:00,0.0,0.0,uppsala,5f9fe38afd517828962fde29
24197,2022-02-02 05:00:00+00:00,0.0,0.0,uppsala,5f9fe38afd517828962fde29
24198,2022-02-02 06:00:00+00:00,0.0,0.0,uppsala,5f9fe38afd517828962fde29
24199,2022-02-02 07:00:00+00:00,0.0,0.88,uppsala,5f9fe38afd517828962fde29
24200,2022-02-02 08:00:00+00:00,456.9,7.81,uppsala,5f9fe38afd517828962fde29
24201,2022-02-02 09:00:00+00:00,656.3,11.33,uppsala,5f9fe38afd517828962fde29
24202,2022-02-02 10:00:00+00:00,739.6,8.53,uppsala,5f9fe38afd517828962fde29
24203,2022-02-02 11:00:00+00:00,198.2,6.64,uppsala,5f9fe38afd517828962fde29
24204,2022-02-02 12:00:00+00:00,209.3,5.66,uppsala,5f9fe38afd517828962fde29
24205,2022-02-02 13:00:00+00:00,227.3,3.51,uppsala,5f9fe38afd517828962fde29
24206,2022-02-02 14:00:00+00:00,0.0,1.88,uppsala,5f9fe38afd517828962fde29
24207,2022-02-02 15:00:00+00:00,0.0,0.0,uppsala,5f9fe38afd517828962fde29
24208,2022-02-02 16:00:00+00:00,0.0,0.0,uppsala,5f9fe38afd517828962fde29
24209,2022-02-02 17:00:00+00:00,0.0,0.0,uppsala,5f9fe38afd517828962fde29
24210,2022-02-02 18:00:00+00:00,0.0,0.0,uppsala,5f9fe38afd517828962fde29
24211,2022-02-02 19:00:00+00:00,0.0,0.0,uppsala,5f9fe38afd517828962fde29
24212,2022-02-02 20:00:00+00:00,0.0,0.0,uppsala,5f9fe38afd517828962fde29
24213,2022-02-02 21:00:00+00:00,0.0,0.0,uppsala,5f9fe38afd517828962fde29
24214,2022-02-02 22:00:00+00:00,0.0,0.0,uppsala,5f9fe38afd517828962fde29
24215,2022-02-02 23:00:00+00:00,0.0,0.0,uppsala,5f9fe38afd517828962fde29
24216,2022-02-03 00:00:00+00:00,0.0,0.0,uppsala,5f9fe38afd517828962fde29
24217,2022-02-03 01:00:00+00:00,0.0,0.0,uppsala,5f9fe38afd517828962fde29
24218,2022-02-03 02:00:00+00:00,0.0,0.0,uppsala,5f9fe38afd517828962fde29
24219,2022-02-03 03:00:00+00:00,0.0,0.0,uppsala,5f9fe38afd517828962fde29
24220,2022-02-03 04:00:00+00:00,0.0,0.0,uppsala,5f9fe38afd517828962fde29
24221,2022-02-03 05:00:00+00:00,0.0,0.0,uppsala,5f9fe38afd517828962fde29
24222,2022-02-03 06:00:00+00:00,0.0,0.0,uppsala,5f9fe38afd517828962fde29
24223,2022-02-03 07:00:00+00:00,0.0,2.72,uppsala,5f9fe38afd517828962fde29
24224,2022-02-03 08:00:00+00:00,511.8,7.19,uppsala,5f9fe38afd517828962fde29
24225,2022-02-03 09:00:00+00:00,692.3,7.45,uppsala,5f9fe38afd517828962fde29
24226,2022-02-03 10:00:00+00:00,766.5,7.65,uppsala,5f9fe38afd517828962fde29
24227,2022-02-03 11:00:00+00:00,792.7,9.48,uppsala,5f9fe38afd517828962fde29
24228,2022-02-03 12:00:00+00:00,766.2,5.54,uppsala,5f9fe38afd517828962fde29
24229,2022-02-03 13:00:00+00:00,680.2,3.63,uppsala,5f9fe38afd517828962fde29
24230,2022-02-03 14:00:00+00:00,61.9,1.06,uppsala,5f9fe38afd517828962fde29
24231,2022-02-03 15:00:00+00:00,4.4,0.0,uppsala,5f9fe38afd517828962fde29
24232,2022-02-03 16:00:00+00:00,0.0,0.0,uppsala,5f9fe38afd517828962fde29
24233,2022-02-03 17:00:00+00:00,0.0,0.0,uppsala,5f9fe38afd517828962fde29
24234,2022-02-03 18:00:00+00:00,0.0,0.0,uppsala,5f9fe38afd517828962fde29
24235,2022-02-03 19:00:00+00:00,0.0,0.0,uppsala,5f9fe38afd517828962fde29
24236,2022-02-03 20:00:00+00:00,0.0,0.0,uppsala,5f9fe38afd517828962fde29
24237,2022-02-03 21:00:00+00:00,0.0,0.0,uppsala,5f9fe38afd517828962fde29
24238,2022-02-03 22:00:00+00:00,0.0,0.0,uppsala,5f9fe38afd517828962fde29
24239,2022-02-03 23:00:00+00:00,0.0,0.0,uppsala,5f9fe38afd517828962fde29
24240,2022-02-04 00:00:00+00:00,0.0,0.0,uppsala,5f9fe38afd517828962fde29
24241,2022-02-04 01:00:00+00:00,0.0,0.0,uppsala,5f9fe38afd517828962fde29
24242,2022-02-04 02:00:00+00:00,0.0,0.0,uppsala,5f9fe38afd517828962fde29
24243,2022-02-04 03:00:00+00:00,0.0,0.0,uppsala,5f9fe38afd517828962fde29
24244,2022-02-04 04:00:00+00:00,0.0,0.0,uppsala,5f9fe38afd517828962fde29
24245,2022-02-04 05:00:00+00:00,0.0,0.0,uppsala,5f9fe38afd517828962fde29
24246,2022-02-04 06:00:00+00:00,0.0,0.0,uppsala,5f9fe38afd517828962fde29
24247,2022-02-04 07:00:00+00:00,0.0,0.0,uppsala,5f9fe38afd517828962fde29
24248,2022-02-04 08:00:00+00:00,0.0,0.79,uppsala,5f9fe38afd517828962fde29
24249,2022-02-04 09:00:00+00:00,1.2,1.64,uppsala,5f9fe38afd517828962fde29
24250,2022-02-04 10:00:00+00:00,3.7,5.24,uppsala,5f9fe38afd517828962fde29
24251,2022-02-04 11:00:00+00:00,38.0,6.38,uppsala,5f9fe38afd517828962fde29
24252,2022-02-04 12:00:00+00:00,3.4,2.15,uppsala,5f9fe38afd517828962fde29
24253,2022-02-04 13:00:00+00:00,0.5,1.03,uppsala,5f9fe38afd517828962fde29
24254,2022-02-04 14:00:00+00:00,0.0,0.1,uppsala,5f9fe38afd517828962fde29
24255,2022-02-04 15:00:00+00:00,0.0,0.0,uppsala,5f9fe38afd517828962fde29
24256,2022-02-04 16:00:00+00:00,0.0,0.0,uppsala,5f9fe38afd517828962fde29
24257,2022-02-04 17:00:00+00:00,0.0,0.0,uppsala,5f9fe38afd517828962fde29
24258,2022-02-04 18:00:00+00:00,0.0,0.0,uppsala,5f9fe38afd517828962fde29
24259,2022-02-04 19:00:00+00:00,0.0,0.0,uppsala,5f9fe38afd517828962fde29
24260,2022-02-04 20:00:00+00:00,0.0,0.0,uppsala,5f9fe38afd517828962fde29
24261,2022-02-04 21:00:00+00:00,0.0,0.0,uppsala,5f9fe38afd517828962fde29
24262,2022-02-04 22:00:00+00:00,0.0,0.0,uppsala,5f9fe38afd517828962fde29
24263,2022-02-04 23:00:00+00:00,0.0,0.0,uppsala,5f9fe38afd517828962fde29
24264,2022-02-05 00:00:00+00:00,0.0,0.0,uppsala,5f9fe38afd517828962fde29
24265,2022-02-05 01:00:00+00:00,0.0,0.0,uppsala,5f9fe38afd517828962fde29
24266,2022-02-05 02:00:00+00:00,0.0,0.0,uppsala,5f9fe38afd517828962fde29
24267,2022-02-05 03:00:00+00:00,0.0,0.0,uppsala,5f9fe38afd517828962fde29
24268,2022-02-05 04:00:00+00:00,0.0,0.0,uppsala,5f9fe38afd517828962fde29
24269,2022-02-05 05:00:00+00:00,0.0,0.0,uppsala,5f9fe38afd517828962fde29
24270,2022-02-05 06:00:00+00:00,0.0,0.0,uppsala,5f9fe38afd517828962fde29
24271,2022-02-05 07:00:00+00:00,0.0,1.5,uppsala,5f9fe38afd517828962fde29
24272,2022-02-05 08:00:00+00:00,389.2,10.64,uppsala,5f9fe38afd517828962fde29
24273,2022-02-05 09:00:00+00:00,668.5,20.42,uppsala,5f9fe38afd517828962fde29
24274,2022-02-05 10:00:00+00:00,749.2,23.4,uppsala,5f9fe38afd517828962fde29
24275,2022-02-05 11:00:00+00:00,759.0,24.95,uppsala,5f9fe38afd517828962fde29
24276,2022-02-05 12:00:00+00:00,764.8,22.68,uppsala,5f9fe38afd517828962fde29
24277,2022-02-05 13:00:00+00:00,703.0,14.53,uppsala,5f9fe38afd517828962fde29
24278,2022-02-05 14:00:00+00:00,546.7,5.21,uppsala,5f9fe38afd517828962fde29
24279,2022-02-05 15:00:00+00:00,143.9,0.02,uppsala,5f9fe38afd517828962fde29
24280,2022-02-05 16:00:00+00:00,0.0,0.0,uppsala,5f9fe38afd517828962fde29
24281,2022-02-05 17:00:00+00:00,0.0,0.0,uppsala,5f9fe38afd517828962fde29
24282,2022-02-05 18:00:00+00:00,0.0,0.0,uppsala,5f9fe38afd517828962fde29
24283,2022-02-05 19:00:00+00:00,0.0,0.0,uppsala,5f9fe38afd517828962fde29
24284,2022-02-05 20:00:00+00:00,0.0,0.0,uppsala,5f9fe38afd517828962fde29
24285,2022-02-05 21:00:00+00:00,0.0,0.0,uppsala,5f9fe38afd517828962fde29
24286,2022-02-05 22:00:00+00:00,0.0,0.0,uppsala,5f9fe38afd517828962fde29
24287,2022-02-05 23:00:00+00:00,0.0,0.0,uppsala,5f9fe38afd517828962fde29
24288,2022-02-06 00:00:00+00:00,0.0,0.0,uppsala,5f9fe38afd517828962fde29
24289,2022-02-06 01:00:00+00:00,0.0,0.0,uppsala,5f9fe38afd517828962fde29
24290,2022-02-06 02:00:00+00:00,0.0,0.0,uppsala,5f9fe38afd517828962fde29
24291,2022-02-06 03:00:00+00:00,0.0,0.0,uppsala,5f9fe38afd517828962fde29
24292,2022-02-06 04:00:00+00:00,0.0,0.0,uppsala,5f9fe38afd517828962fde29
24293,2022-02-06 05:00:00+00:00,0.0,0.0,uppsala,5f9fe38afd517828962fde29
24294,2022-02-06 06:00:00+00:00,0.0,0.0,uppsala,5f9fe38afd517828962fde29
24295,2022-02-06 07:00:00+00:00,0.0,0.67,uppsala,5f9fe38afd517828962fde29
24296,2022-02-06 08:00:00+00:00,262.2,3.4,uppsala,5f9fe38afd517828962fde29
24297,2022-02-06 09:00:00+00:00,548.4,8.74,uppsala,5f9fe38afd517828962fde29
24298,2022-02-06 10:00:00+00:00,8.8,17.59,uppsala,5f9fe38afd517828962fde29
24299,2022-02-06 11:00:00+00:00,718.1,19.8,uppsala,5f9fe38afd517828962fde29
24300,2022-02-06 12:00:00+00:00,699.9,19.79,uppsala,5f9fe38afd517828962fde29
24301,2022-02-06 13:00:00+00:00,628.2,14.54,uppsala,5f9fe38afd517828962fde29
24302,2022-02-06 14:00:00+00:00,473.3,4.72,uppsala,5f9fe38afd517828962fde29
24303,2022-02-06 15:00:00+00:00,0.0,0.01,uppsala,5f9fe38afd517828962fde29
24304,2022-02-06 16:00:00+00:00,0.0,0.0,uppsala,5f9fe38afd517828962fde29
24305,2022-02-06 17:00:00+00:00,0.0,0.0,uppsala,5f9fe38afd517828962fde29
24306,2022-02-06 18:00:00+00:00,0.0,0.0,uppsala,5f9fe38afd517828962fde29
24307,2022-02-06 19:00:00+00:00,0.0,0.0,uppsala,5f9fe38afd517828962fde29
24308,2022-02-06 20:00:00+00:00,0.0,0.0,uppsala,5f9fe38afd517828962fde29
24309,2022-02-06 21:00:00+00:00,0.0,0.0,uppsala,5f9fe38afd517828962fde29
24310,2022-02-06 22:00:00+00:00,0.0,0.0,uppsala,5f9fe38afd517828962fde29
24311,2022-02-06 23:00:00+00:00,0.0,0.0,uppsala,5f9fe38afd517828962fde29
24312,2022-02-07 00:00:00+00:00,0.0,0.0,uppsala,5f9fe38afd517828962fde29
24313,2022-02-07 01:00:00+00:00,0.0,0.0,uppsala,5f9fe38afd517828962fde29
24314,2022-02-07 02:00:00+00:00,0.0,0.0,uppsala,5f9fe38afd517828962fde29
24315,2022-02-07 03:00:00+00:00,0.0,0.0,uppsala,5f9fe38afd517828962fde29
24316,2022-02-07 04:00:00+00:00,0.0,0.0,uppsala,5f9fe38afd517828962fde29
24317,2022-02-07 05:00:00+00:00,0.0,0.0,uppsala,5f9fe38afd517828962fde29
24318,2022-02-07 06:00:00+00:00,0.0,0.05,uppsala,5f9fe38afd517828962fde29
24319,2022-02-07 07:00:00+00:00,109.2,6.13,uppsala,5f9fe38afd517828962fde29
24320,2022-02-07 08:00:00+00:00,537.6,14.33,uppsala,5f9fe38afd517828962fde29
24321,2022-02-07 09:00:00+00:00,694.3,19.7,uppsala,5f9fe38afd517828962fde29
24322,2022-02-07 10:00:00+00:00,759.1,23.32,uppsala,5f9fe38afd517828962fde29
24323,2022-02-07 11:00:00+00:00,770.6,25.18,uppsala,5f9fe38afd517828962fde29
24324,2022-02-07 12:00:00+00:00,692.6,12.63,uppsala,5f9fe38afd517828962fde29
24325,2022-02-07 13:00:00+00:00,308.7,18.39,uppsala,5f9fe38afd517828962fde29
24326,2022-02-07 14:00:00+00:00,586.9,4.27,uppsala,5f9fe38afd517828962fde29
24327,2022-02-07 15:00:00+00:00,238.9,0.14,uppsala,5f9fe38afd517828962fde29
24328,2022-02-07 16:00:00+00:00,0.0,0.0,uppsala,5f9fe38afd517828962fde29
24329,2022-02-07 17:00:00+00:00,0.0,0.0,uppsala,5f9fe38afd517828962fde29
24330,2022-02-07 18:00:00+00:00,0.0,0.0,uppsala,5f9fe38afd517828962fde29
24331,2022-02-07 19:00:00+00:00,0.0,0.0,uppsala,5f9fe38afd517828962fde29
24332,2022-02-07 20:00:00+00:00,0.0,0.0,uppsala,5f9fe38afd517828962fde29
24333,2022-02-07 21:00:00+00:00,0.0,0.0,uppsala,5f9fe38afd517828962fde29
24334,2022-02-07 22:00:00+00:00,0.0,0.0,uppsala,5f9fe38afd517828962fde29
24335,2022-02-07 23:00:00+00:00,0.0,0.0,uppsala,5f9fe38afd517828962fde29
24336,2022-02-08 00:00:00+00:00,0.0,0.0,uppsala,5f9fe38afd517828962fde29
24337,2022-02-08 01:00:00+00:00,0.0,0.0,uppsala,5f9fe38afd517828962fde29
24338,2022-02-08 02:00:00+00:00,0.0,0.0,uppsala,5f9fe38afd517828962fde29
24339,2022-02-08 03:00:00+00:00,0.0,0.0,uppsala,5f9fe38afd517828962fde29
24340,2022-02-08 04:00:00+00:00,0.0,0.0,uppsala,5f9fe38afd517828962fde29
24341,2022-02-08 05:00:00+00:00,0.0,0.0,uppsala,5f9fe38afd517828962fde29
24342,2022-02-08 06:00:00+00:00,0.0,0.0,uppsala,5f9fe38afd517828962fde29
24343,2022-02-08 07:00:00+00:00,0.0,0.0,uppsala,5f9fe38afd517828962fde29
24344,2022-02-08 08:00:00+00:00,4.6,0.28,uppsala,5f9fe38afd517828962fde29
24345,2022-02-08 09:00:00+00:00,7.2,2.29,uppsala,5f9fe38afd517828962fde29
24346,2022-02-08 10:00:00+00:00,8.9,9.55,uppsala,5f9fe38afd517828962fde29
24347,2022-02-08 11:00:00+00:00,31.5,24.96,uppsala,5f9fe38afd517828962fde29
24348,2022-02-08 12:00:00+00:00,73.0,20.93,uppsala,5f9fe38afd517828962fde29
24349,2022-02-08 13:00:00+00:00,678.1,18.23,uppsala,5f9fe38afd517828962fde29
24350,2022-02-08 14:00:00+00:00,544.4,9.24,uppsala,5f9fe38afd517828962fde29
24351,2022-02-08 15:00:00+00:00,227.9,0.28,uppsala,5f9fe38afd517828962fde29
24352,2022-02-08 16:00:00+00:00,0.0,0.0,uppsala,5f9fe38afd517828962fde29
24353,2022-02-08 17:00:00+00:00,0.0,0.0,uppsala,5f9fe38afd517828962fde29
24354,2022-02-08 18:00:00+00:00,0.0,0.0,uppsala,5f9fe38afd517828962fde29
24355,2022-02-08 19:00:00+00:00,0.0,0.0,uppsala,5f9fe38afd517828962fde29
24356,2022-02-08 20:00:00+00:00,0.0,0.0,uppsala,5f9fe38afd517828962fde29
24357,2022-02-08 21:00:00+00:00,0.0,0.0,uppsala,5f9fe38afd517828962fde29
24358,2022-02-08 22:00:00+00:00,0.0,0.0,uppsala,5f9fe38afd517828962fde29
24359,2022-02-08 23:00:00+00:00,0.0,0.0,uppsala,5f9fe38afd517828962fde29
24360,2022-02-09 00:00:00+00:00,0.0,0.0,uppsala,5f9fe38afd517828962fde29
24361,2022-02-09 01:00:00+00:00,0.0,0.0,uppsala,5f9fe38afd517828962fde29
24362,2022-02-09 02:00:00+00:00,0.0,0.0,uppsala,5f9fe38afd517828962fde29
24363,2022-02-09 03:00:00+00:00,0.0,0.0,uppsala,5f9fe38afd517828962fde29
24364,2022-02-09 04:00:00+00:00,0.0,0.0,uppsala,5f9fe38afd517828962fde29
24365,2022-02-09 05:00:00+00:00,0.0,0.0,uppsala,5f9fe38afd517828962fde29
24366,2022-02-09 06:00:00+00:00,0.0,0.09,uppsala,5f9fe38afd517828962fde29
24367,2022-02-09 07:00:00+00:00,5.6,2.65,uppsala,5f9fe38afd517828962fde29
24368,2022-02-09 08:00:00+00:00,485.2,9.45,uppsala,5f9fe38afd517828962fde29
24369,2022-02-09 09:00:00+00:00,428.8,14.64,uppsala,5f9fe38afd517828962fde29
24370,2022-02-09 10:00:00+00:00,599.0,21.52,uppsala,5f9fe38afd517828962fde29
24371,2022-02-09 11:00:00+00:00,40.9,21.77,uppsala,5f9fe38afd517828962fde29
24372,2022-02-09 12:00:00+00:00,548.7,19.33,uppsala,5f9fe38afd517828962fde29
24373,2022-02-09 13:00:00+00:00,167.5,11.92,uppsala,5f9fe38afd517828962fde29
24374,2022-02-09 14:00:00+00:00,559.5,6.34,uppsala,5f9fe38afd517828962fde29
24375,2022-02-09 15:00:00+00:00,227.6,0.21,uppsala,5f9fe38afd517828962fde29
24376,2022-02-09 16:00:00+00:00,0.0,0.0,uppsala,5f9fe38afd517828962fde29
24377,2022-02-09 17:00:00+00:00,0.0,0.0,uppsala,5f9fe38afd517828962fde29
24378,2022-02-09 18:00:00+00:00,0.0,0.0,uppsala,5f9fe38afd517828962fde29
24379,2022-02-09 19:00:00+00:00,0.0,0.0,uppsala,5f9fe38afd517828962fde29
24380,2022-02-09 20:00:00+00:00,0.0,0.0,uppsala,5f9fe38afd517828962fde29
24381,2022-02-09 21:00:00+00:00,0.0,0.0,uppsala,5f9fe38afd517828962fde29
24382,2022-02-09 22:00:00+00:00,0.0,0.0,uppsala,5f9fe38afd517828962fde29
24383,2022-02-09 23:00:00+00:00,0.0,0.0,uppsala,5f9fe38afd517828962fde29
24384,2022-02-10 00:00:00+00:00,0.0,0.0,uppsala,5f9fe38afd517828962fde29
24385,2022-02-10 01:00:00+00:00,0.0,0.0,uppsala,5f9fe38afd517828962fde29
24386,2022-02-10 02:00:00+00:00,0.0,0.0,uppsala,5f9fe38afd517828962fde29
24387,2022-02-10 03:00:00+00:00,0.0,0.0,uppsala,5f9fe38afd517828962fde29
24388,2022-02-10 04:00:00+00:00,0.0,0.0,uppsala,5f9fe38afd517828962fde29
24389,2022-02-10 05:00:00+00:00,0.0,0.0,uppsala,5f9fe38afd517828962fde29
24390,2022-02-10 06:00:00+00:00,0.0,0.16,uppsala,5f9fe38afd517828962fde29
24391,2022-02-10 07:00:00+00:00,175.7,7.56,uppsala,5f9fe38afd517828962fde29
24392,2022-02-10 08:00:00+00:00,542.7,17.49,uppsala,5f9fe38afd517828962fde29
24393,2022-02-10 09:00:00+00:00,710.3,26.24,uppsala,5f9fe38afd517828962fde29
24394,2022-02-10 10:00:00+00:00,784.0,29.74,uppsala,5f9fe38afd517828962fde29
24395,2022-02-10 11:00:00+00:00,702.6,29.23,uppsala,5f9fe38afd517828962fde29
24396,2022-02-10 12:00:00+00:00,770.1,25.54,uppsala,5f9fe38afd517828962fde29
24397,2022-02-10 13:00:00+00:00,706.1,19.44,uppsala,5f9fe38afd517828962fde29
24398,2022-02-10 14:00:00+00:00,570.3,9.76,uppsala,5f9fe38afd517828962fde29
24399,2022-02-10 15:00:00+00:00,272.9,0.54,uppsala,5f9fe38afd517828962fde29
24400,2022-02-10 16:00:00+00:00,0.0,0.0,uppsala,5f9fe38afd517828962fde29
24401,2022-02-10 17:00:00+00:00,0.0,0.0,uppsala,5f9fe38afd517828962fde29
24402,2022-02-10 18:00:00+00:00,0.0,0.0,uppsala,5f9fe38afd517828962fde29
24403,2022-02-10 19:00:00+00:00,0.0,0.0,uppsala,5f9fe38afd517828962fde29
24404,2022-02-10 20:00:00+00:00,0.0,0.0,uppsala,5f9fe38afd517828962fde29
24405,2022-02-10 21:00:00+00:00,0.0,0.0,uppsala,5f9fe38afd517828962fde29
24406,2022-02-10 22:00:00+00:00,0.0,0.0,uppsala,5f9fe38afd517828962fde29
24407,2022-02-10 23:00:00+00:00,0.0,0.0,uppsala,5f9fe38afd517828962fde29
24408,2022-02-11 00:00:00+00:00,0.0,0.0,uppsala,5f9fe38afd517828962fde29
24409,2022-02-11 01:00:00+00:00,0.0,0.0,uppsala,5f9fe38afd517828962fde29
24410,2022-02-11 02:00:00+00:00,0.0,0.0,uppsala,5f9fe38afd517828962fde29
24411,2022-02-11 03:00:00+00:00,0.0,0.0,uppsala,5f9fe38afd517828962fde29
24412,2022-02-11 04:00:00+00:00,0.0,0.0,uppsala,5f9fe38afd517828962fde29
24413,2022-02-11 05:00:00+00:00,0.0,0.0,uppsala,5f9fe38afd517828962fde29
24414,2022-02-11 06:00:00+00:00,0.0,0.45,uppsala,5f9fe38afd517828962fde29
24415,2022-02-11 07:00:00+00:00,254.7,8.31,uppsala,5f9fe38afd517828962fde29
24416,2022-02-11 08:00:00+00:00,599.7,17.98,uppsala,5f9fe38afd517828962fde29
24417,2022-02-11 09:00:00+00:00,736.9,24.86,uppsala,5f9fe38afd517828962fde29
24418,2022-02-11 10:00:00+00:00,806.2,28.91,uppsala,5f9fe38afd517828962fde29
24419,2022-02-11 11:00:00+00:00,832.4,29.78,uppsala,5f9fe38afd517828962fde29
24420,2022-02-11 12:00:00+00:00,816.0,27.14,uppsala,5f9fe38afd517828962fde29
24421,2022-02-11 13:00:00+00:00,758.1,20.87,uppsala,5f9fe38afd517828962fde29
24422,2022-02-11 14:00:00+00:00,638.9,11.09,uppsala,5f9fe38afd517828962fde29
24423,2022-02-11 15:00:00+00:00,329.9,0.9,uppsala,5f9fe38afd517828962fde29
24424,2022-02-11 16:00:00+00:00,0.0,0.0,uppsala,5f9fe38afd517828962fde29
24425,2022-02-11 17:00:00+00:00,0.0,0.0,uppsala,5f9fe38afd517828962fde29
24426,2022-02-11 18:00:00+00:00,0.0,0.0,uppsala,5f9fe38afd517828962fde29
24427,2022-02-11 19:00:00+00:00,0.0,0.0,uppsala,5f9fe38afd517828962fde29
24428,2022-02-11 20:00:00+00:00,0.0,0.0,uppsala,5f9fe38afd517828962fde29
24429,2022-02-11 21:00:00+00:00,0.0,0.0,uppsala,5f9fe38afd517828962fde29
24430,2022-02-11 22:00:00+00:00,0.0,0.0,uppsala,5f9fe38afd517828962fde29
24431,2022-02-11 23:00:00+00:00,0.0,0.0,uppsala,5f9fe38afd517828962fde29
24432,2022-02-12 00:00:00+00:00,0.0,0.0,uppsala,5f9fe38afd517828962fde29
24433,2022-02-12 01:00:00+00:00,0.0,0.0,uppsala,5f9fe38afd517828962fde29
24434,2022-02-12 02:00:00+00:00,0.0,0.0,uppsala,5f9fe38afd517828962fde29
24435,2022-02-12 03:00:00+00:00,0.0,0.0,uppsala,5f9fe38afd517828962fde29
24436,2022-02-12 04:00:00+00:00,0.0,0.0,uppsala,5f9fe38afd517828962fde29
24437,2022-02-12 05:00:00+00:00,0.0,0.0,uppsala,5f9fe38afd517828962fde29
24438,2022-02-12 06:00:00+00:00,0.0,0.17,uppsala,5f9fe38afd517828962fde29
24439,2022-02-12 07:00:00+00:00,35.7,5.02,uppsala,5f9fe38afd517828962fde29
24440,2022-02-12 08:00:00+00:00,556.4,13.02,uppsala,5f9fe38afd517828962fde29
24441,2022-02-12 09:00:00+00:00,275.5,20.47,uppsala,5f9fe38afd517828962fde29
24442,2022-02-12 10:00:00+00:00,639.8,18.21,uppsala,5f9fe38afd517828962fde29
24443,2022-02-12 11:00:00+00:00,9.9,17.79,uppsala,5f9fe38afd517828962fde29
24444,2022-02-12 12:00:00+00:00,7.1,12.63,uppsala,5f9fe38afd517828962fde29
24445,2022-02-12 13:00:00+00:00,28.8,7.01,uppsala,5f9fe38afd517828962fde29
24446,2022-02-12 14:00:00+00:00,0.0,2.44,uppsala,5f9fe38afd517828962fde29
24447,2022-02-12 15:00:00+00:00,0.0,0.06,uppsala,5f9fe38afd517828962fde29
24448,2022-02-12 16:00:00+00:00,0.0,0.0,uppsala,5f9fe38afd517828962fde29
24449,2022-02-12 17:00:00+00:00,0.0,0.0,uppsala,5f9fe38afd517828962fde29
24450,2022-02-12 18:00:00+00:00,0.0,0.0,uppsala,5f9fe38afd517828962fde29
24451,2022-02-12 19:00:00+00:00,0.0,0.0,uppsala,5f9fe38afd517828962fde29
24452,2022-02-12 20:00:00+00:00,0.0,0.0,uppsala,5f9fe38afd517828962fde29
24453,2022-02-12 21:00:00+00:00,0.0,0.0,uppsala,5f9fe38afd517828962fde29
24454,2022-02-12 22:00:00+00:00,0.0,0.0,uppsala,5f9fe38afd517828962fde29
24455,2022-02-12 23:00:00+00:00,0.0,0.0,uppsala,5f9fe38afd517828962fde29
24456,2022-02-13 00:00:00+00:00,0.0,0.0,uppsala,5f9fe38afd517828962fde29
24457,2022-02-13 01:00:00+00:00,0.0,0.0,uppsala,5f9fe38afd517828962fde29
24458,2022-02-13 02:00:00+00:00,0.0,0.0,uppsala,5f9fe38afd517828962fde29
24459,2022-02-13 03:00:00+00:00,0.0,0.0,uppsala,5f9fe38afd517828962fde29
24460,2022-02-13 04:00:00+00:00,0.0,0.0,uppsala,5f9fe38afd517828962fde29
24461,2022-02-13 05:00:00+00:00,0.0,0.0,uppsala,5f9fe38afd517828962fde29
24462,2022-02-13 06:00:00+00:00,0.0,0.02,uppsala,5f9fe38afd517828962fde29
24463,2022-02-13 07:00:00+00:00,0.0,1.99,uppsala,5f9fe38afd517828962fde29
24464,2022-02-13 08:00:00+00:00,0.0,2.98,uppsala,5f9fe38afd517828962fde29
24465,2022-02-13 09:00:00+00:00,6.2,6.65,uppsala,5f9fe38afd517828962fde29
24466,2022-02-13 10:00:00+00:00,10.0,8.34,uppsala,5f9fe38afd517828962fde29
24467,2022-02-13 11:00:00+00:00,7.1,4.87,uppsala,5f9fe38afd517828962fde29
24468,2022-02-13 12:00:00+00:00,8.8,3.12,uppsala,5f9fe38afd517828962fde29
24469,2022-02-13 13:00:00+00:00,4.3,1.85,uppsala,5f9fe38afd517828962fde29
24470,2022-02-13 14:00:00+00:00,0.0,0.11,uppsala,5f9fe38afd517828962fde29
24471,2022-02-13 15:00:00+00:00,0.0,0.0,uppsala,5f9fe38afd517828962fde29
24472,2022-02-13 16:00:00+00:00,0.0,0.0,uppsala,5f9fe38afd517828962fde29
24473,2022-02-13 17:00:00+00:00,0.0,0.0,uppsala,5f9fe38afd517828962fde29
24474,2022-02-13 18:00:00+00:00,0.0,0.0,uppsala,5f9fe38afd517828962fde29
24475,2022-02-13 19:00:00+00:00,0.0,0.0,uppsala,5f9fe38afd517828962fde29
24476,2022-02-13 20:00:00+00:00,0.0,0.0,uppsala,5f9fe38afd517828962fde29
24477,2022-02-13 21:00:00+00:00,0.0,0.0,uppsala,5f9fe38afd517828962fde29
24478,2022-02-13 22:00:00+00:00,0.0,0.0,uppsala,5f9fe38afd517828962fde29
24479,2022-02-13 23:00:00+00:00,0.0,0.0,uppsala,5f9fe38afd517828962fde29
24480,2022-02-14 00:00:00+00:00,0.0,0.0,uppsala,5f9fe38afd517828962fde29
24481,2022-02-14 01:00:00+00:00,0.0,0.0,uppsala,5f9fe38afd517828962fde29
24482,2022-02-14 02:00:00+00:00,0.0,0.0,uppsala,5f9fe38afd517828962fde29
24483,2022-02-14 03:00:00+00:00,0.0,0.0,uppsala,5f9fe38afd517828962fde29
24484,2022-02-14 04:00:00+00:00,0.0,0.0,uppsala,5f9fe38afd517828962fde29
24485,2022-02-14 05:00:00+00:00,0.0,0.0,uppsala,5f9fe38afd517828962fde29
24486,2022-02-14 06:00:00+00:00,0.0,0.0,uppsala,5f9fe38afd517828962fde29
24487,2022-02-14 07:00:00+00:00,0.0,0.0,uppsala,5f9fe38afd517828962fde29
24488,2022-02-14 08:00:00+00:00,0.0,0.01,uppsala,5f9fe38afd517828962fde29
24489,2022-02-14 09:00:00+00:00,4.2,0.58,uppsala,5f9fe38afd517828962fde29
24490,2022-02-14 10:00:00+00:00,6.7,0.87,uppsala,5f9fe38afd517828962fde29
24491,2022-02-14 11:00:00+00:00,7.4,1.01,uppsala,5f9fe38afd517828962fde29
24492,2022-02-14 12:00:00+00:00,6.7,0.67,uppsala,5f9fe38afd517828962fde29
24493,2022-02-14 13:00:00+00:00,5.0,0.6,uppsala,5f9fe38afd517828962fde29
24494,2022-02-14 14:00:00+00:00,0.30000000000000004,0.01,uppsala,5f9fe38afd517828962fde29
24495,2022-02-14 15:00:00+00:00,0.0,0.0,uppsala,5f9fe38afd517828962fde29
24496,2022-02-14 16:00:00+00:00,0.0,0.0,uppsala,5f9fe38afd517828962fde29
24497,2022-02-14 17:00:00+00:00,0.0,0.0,uppsala,5f9fe38afd517828962fde29
24498,2022-02-14 18:00:00+00:00,0.0,0.0,uppsala,5f9fe38afd517828962fde29
24499,2022-02-14 19:00:00+00:00,0.0,0.0,uppsala,5f9fe38afd517828962fde29
24500,2022-02-14 20:00:00+00:00,0.0,0.0,uppsala,5f9fe38afd517828962fde29
24501,2022-02-14 21:00:00+00:00,0.0,0.0,uppsala,5f9fe38afd517828962fde29
24502,2022-02-14 22:00:00+00:00,0.0,0.0,uppsala,5f9fe38afd517828962fde29
24503,2022-02-14 23:00:00+00:00,0.0,0.0,uppsala,5f9fe38afd517828962fde29
24504,2022-02-15 00:00:00+00:00,0.0,0.0,uppsala,5f9fe38afd517828962fde29
24505,2022-02-15 01:00:00+00:00,0.0,0.0,uppsala,5f9fe38afd517828962fde29
24506,2022-02-15 02:00:00+00:00,0.0,0.0,uppsala,5f9fe38afd517828962fde29
24507,2022-02-15 03:00:00+00:00,0.0,0.0,uppsala,5f9fe38afd517828962fde29
24508,2022-02-15 04:00:00+00:00,0.0,0.0,uppsala,5f9fe38afd517828962fde29
24509,2022-02-15 05:00:00+00:00,0.0,0.0,uppsala,5f9fe38afd517828962fde29
24510,2022-02-15 06:00:00+00:00,0.0,0.19,uppsala,5f9fe38afd517828962fde29
24511,2022-02-15 07:00:00+00:00,0.0,2.63,uppsala,5f9fe38afd517828962fde29
24512,2022-02-15 08:00:00+00:00,386.1,10.21,uppsala,5f9fe38afd517828962fde29
24513,2022-02-15 09:00:00+00:00,4.8,14.95,uppsala,5f9fe38afd517828962fde29
24514,2022-02-15 10:00:00+00:00,6.5,10.46,uppsala,5f9fe38afd517828962fde29
24515,2022-02-15 11:00:00+00:00,7.2,13.06,uppsala,5f9fe38afd517828962fde29
24516,2022-02-15 12:00:00+00:00,6.9,8.29,uppsala,5f9fe38afd517828962fde29
24517,2022-02-15 13:00:00+00:00,6.0,5.5,uppsala,5f9fe38afd517828962fde29
24518,2022-02-15 14:00:00+00:00,0.5,2.1,uppsala,5f9fe38afd517828962fde29
24519,2022-02-15 15:00:00+00:00,0.0,0.4,uppsala,5f9fe38afd517828962fde29
24520,2022-02-15 16:00:00+00:00,0.0,0.0,uppsala,5f9fe38afd517828962fde29
24521,2022-02-15 17:00:00+00:00,0.0,0.0,uppsala,5f9fe38afd517828962fde29
24522,2022-02-15 18:00:00+00:00,0.0,0.0,uppsala,5f9fe38afd517828962fde29
24523,2022-02-15 19:00:00+00:00,0.0,0.0,uppsala,5f9fe38afd517828962fde29
24524,2022-02-15 20:00:00+00:00,0.0,0.0,uppsala,5f9fe38afd517828962fde29
24525,2022-02-15 21:00:00+00:00,0.0,0.0,uppsala,5f9fe38afd517828962fde29
24526,2022-02-15 22:00:00+00:00,0.0,0.0,uppsala,5f9fe38afd517828962fde29
24527,2022-02-15 23:00:00+00:00,0.0,0.0,uppsala,5f9fe38afd517828962fde29
24528,2022-02-16 00:00:00+00:00,0.0,0.0,uppsala,5f9fe38afd517828962fde29
24529,2022-02-16 01:00:00+00:00,0.0,0.0,uppsala,5f9fe38afd517828962fde29
24530,2022-02-16 02:00:00+00:00,0.0,0.0,uppsala,5f9fe38afd517828962fde29
24531,2022-02-16 03:00:00+00:00,0.0,0.0,uppsala,5f9fe38afd517828962fde29
24532,2022-02-16 04:00:00+00:00,0.0,0.0,uppsala,5f9fe38afd517828962fde29
24533,2022-02-16 05:00:00+00:00,0.0,0.0,uppsala,5f9fe38afd517828962fde29
24534,2022-02-16 06:00:00+00:00,0.0,0.0,uppsala,5f9fe38afd517828962fde29
24535,2022-02-16 07:00:00+00:00,0.0,0.64,uppsala,5f9fe38afd517828962fde29
24536,2022-02-16 08:00:00+00:00,1.1,3.43,uppsala,5f9fe38afd517828962fde29
24537,2022-02-16 09:00:00+00:00,6.5,5.19,uppsala,5f9fe38afd517828962fde29
24538,2022-02-16 10:00:00+00:00,8.8,13.53,uppsala,5f9fe38afd517828962fde29
24539,2022-02-16 11:00:00+00:00,20.1,19.9,uppsala,5f9fe38afd517828962fde29
24540,2022-02-16 12:00:00+00:00,73.0,17.9,uppsala,5f9fe38afd517828962fde29
24541,2022-02-16 13:00:00+00:00,159.0,7.58,uppsala,5f9fe38afd517828962fde29
24542,2022-02-16 14:00:00+00:00,26.4,5.02,uppsala,5f9fe38afd517828962fde29
24543,2022-02-16 15:00:00+00:00,9.3,0.47,uppsala,5f9fe38afd517828962fde29
24544,2022-02-16 16:00:00+00:00,0.0,0.0,uppsala,5f9fe38afd517828962fde29
24545,2022-02-16 17:00:00+00:00,0.0,0.0,uppsala,5f9fe38afd517828962fde29
24546,2022-02-16 18:00:00+00:00,0.0,0.0,uppsala,5f9fe38afd517828962fde29
24547,2022-02-16 19:00:00+00:00,0.0,0.0,uppsala,5f9fe38afd517828962fde29
24548,2022-02-16 20:00:00+00:00,0.0,0.0,uppsala,5f9fe38afd517828962fde29
24549,2022-02-16 21:00:00+00:00,0.0,0.0,uppsala,5f9fe38afd517828962fde29
24550,2022-02-16 22:00:00+00:00,0.0,0.0,uppsala,5f9fe38afd517828962fde29
24551,2022-02-16 23:00:00+00:00,0.0,0.0,uppsala,5f9fe38afd517828962fde29
24552,2022-02-17 00:00:00+00:00,0.0,0.0,uppsala,5f9fe38afd517828962fde29
24553,2022-02-17 01:00:00+00:00,0.0,0.0,uppsala,5f9fe38afd517828962fde29
24554,2022-02-17 02:00:00+00:00,0.0,0.0,uppsala,5f9fe38afd517828962fde29
24555,2022-02-17 03:00:00+00:00,0.0,0.0,uppsala,5f9fe38afd517828962fde29
24556,2022-02-17 04:00:00+00:00,0.0,0.0,uppsala,5f9fe38afd517828962fde29
24557,2022-02-17 05:00:00+00:00,0.0,0.0,uppsala,5f9fe38afd517828962fde29
24558,2022-02-17 06:00:00+00:00,0.0,0.0,uppsala,5f9fe38afd517828962fde29
24559,2022-02-17 07:00:00+00:00,0.0,0.68,uppsala,5f9fe38afd517828962fde29
24560,2022-02-17 08:00:00+00:00,13.5,4.23,uppsala,5f9fe38afd517828962fde29
24561,2022-02-17 09:00:00+00:00,13.3,7.87,uppsala,5f9fe38afd517828962fde29
24562,2022-02-17 10:00:00+00:00,10.5,10.14,uppsala,5f9fe38afd517828962fde29
24563,2022-02-17 11:00:00+00:00,11.4,12.56,uppsala,5f9fe38afd517828962fde29
24564,2022-02-17 12:00:00+00:00,10.8,6.06,uppsala,5f9fe38afd517828962fde29
24565,2022-02-17 13:00:00+00:00,21.8,3.81,uppsala,5f9fe38afd517828962fde29
24566,2022-02-17 14:00:00+00:00,4.0,2.36,uppsala,5f9fe38afd517828962fde29
24567,2022-02-17 15:00:00+00:00,1.0,0.0,uppsala,5f9fe38afd517828962fde29
24568,2022-02-17 16:00:00+00:00,0.0,0.0,uppsala,5f9fe38afd517828962fde29
24569,2022-02-17 17:00:00+00:00,0.0,0.0,uppsala,5f9fe38afd517828962fde29
24570,2022-02-17 18:00:00+00:00,0.0,0.0,uppsala,5f9fe38afd517828962fde29
24571,2022-02-17 19:00:00+00:00,0.0,0.0,uppsala,5f9fe38afd517828962fde29
24572,2022-02-17 20:00:00+00:00,0.0,0.0,uppsala,5f9fe38afd517828962fde29
24573,2022-02-17 21:00:00+00:00,0.0,0.0,uppsala,5f9fe38afd517828962fde29
24574,2022-02-17 22:00:00+00:00,0.0,0.0,uppsala,5f9fe38afd517828962fde29
24575,2022-02-17 23:00:00+00:00,0.0,0.0,uppsala,5f9fe38afd517828962fde29
24576,2022-02-18 00:00:00+00:00,0.0,0.0,uppsala,5f9fe38afd517828962fde29
24577,2022-02-18 01:00:00+00:00,0.0,0.0,uppsala,5f9fe38afd517828962fde29
24578,2022-02-18 02:00:00+00:00,0.0,0.0,uppsala,5f9fe38afd517828962fde29
24579,2022-02-18 03:00:00+00:00,0.0,0.0,uppsala,5f9fe38afd517828962fde29
24580,2022-02-18 04:00:00+00:00,0.0,0.0,uppsala,5f9fe38afd517828962fde29
24581,2022-02-18 05:00:00+00:00,0.0,0.0,uppsala,5f9fe38afd517828962fde29
24582,2022-02-18 06:00:00+00:00,0.0,2.2,uppsala,5f9fe38afd517828962fde29
24583,2022-02-18 07:00:00+00:00,392.8,13.14,uppsala,5f9fe38afd517828962fde29
24584,2022-02-18 08:00:00+00:00,661.4,22.66,uppsala,5f9fe38afd517828962fde29
24585,2022-02-18 09:00:00+00:00,781.1,30.03,uppsala,5f9fe38afd517828962fde29
24586,2022-02-18 10:00:00+00:00,837.3,33.3,uppsala,5f9fe38afd517828962fde29
24587,2022-02-18 11:00:00+00:00,852.8,34.58,uppsala,5f9fe38afd517828962fde29
24588,2022-02-18 12:00:00+00:00,845.2,31.38,uppsala,5f9fe38afd517828962fde29
24589,2022-02-18 13:00:00+00:00,788.4,24.82,uppsala,5f9fe38afd517828962fde29
24590,2022-02-18 14:00:00+00:00,687.7,14.77,uppsala,5f9fe38afd517828962fde29
24591,2022-02-18 15:00:00+00:00,454.4,2.31,uppsala,5f9fe38afd517828962fde29
24592,2022-02-18 16:00:00+00:00,0.0,0.0,uppsala,5f9fe38afd517828962fde29
24593,2022-02-18 17:00:00+00:00,0.0,0.0,uppsala,5f9fe38afd517828962fde29
24594,2022-02-18 18:00:00+00:00,0.0,0.0,uppsala,5f9fe38afd517828962fde29
24595,2022-02-18 19:00:00+00:00,0.0,0.0,uppsala,5f9fe38afd517828962fde29
24596,2022-02-18 20:00:00+00:00,0.0,0.0,uppsala,5f9fe38afd517828962fde29
24597,2022-02-18 21:00:00+00:00,0.0,0.0,uppsala,5f9fe38afd517828962fde29
24598,2022-02-18 22:00:00+00:00,0.0,0.0,uppsala,5f9fe38afd517828962fde29
24599,2022-02-18 23:00:00+00:00,0.0,0.0,uppsala,5f9fe38afd517828962fde29
24600,2022-02-19 00:00:00+00:00,0.0,0.0,uppsala,5f9fe38afd517828962fde29
24601,2022-02-19 01:00:00+00:00,0.0,0.0,uppsala,5f9fe38afd517828962fde29
24602,2022-02-19 02:00:00+00:00,0.0,0.0,uppsala,5f9fe38afd517828962fde29
24603,2022-02-19 03:00:00+00:00,0.0,0.0,uppsala,5f9fe38afd517828962fde29
24604,2022-02-19 04:00:00+00:00,0.0,0.0,uppsala,5f9fe38afd517828962fde29
24605,2022-02-19 05:00:00+00:00,0.0,0.0,uppsala,5f9fe38afd517828962fde29
24606,2022-02-19 06:00:00+00:00,0.0,0.26,uppsala,5f9fe38afd517828962fde29
24607,2022-02-19 07:00:00+00:00,0.0,4.7,uppsala,5f9fe38afd517828962fde29
24608,2022-02-19 08:00:00+00:00,4.4,7.15,uppsala,5f9fe38afd517828962fde29
24609,2022-02-19 09:00:00+00:00,7.7,8.41,uppsala,5f9fe38afd517828962fde29
24610,2022-02-19 10:00:00+00:00,10.2,10.79,uppsala,5f9fe38afd517828962fde29
24611,2022-02-19 11:00:00+00:00,74.9,28.47,uppsala,5f9fe38afd517828962fde29
24612,2022-02-19 12:00:00+00:00,10.8,25.88,uppsala,5f9fe38afd517828962fde29
24613,2022-02-19 13:00:00+00:00,96.9,26.1,uppsala,5f9fe38afd517828962fde29
24614,2022-02-19 14:00:00+00:00,709.6,15.9,uppsala,5f9fe38afd517828962fde29
24615,2022-02-19 15:00:00+00:00,473.7,3.6,uppsala,5f9fe38afd517828962fde29
24616,2022-02-19 16:00:00+00:00,0.0,0.0,uppsala,5f9fe38afd517828962fde29
24617,2022-02-19 17:00:00+00:00,0.0,0.0,uppsala,5f9fe38afd517828962fde29
24618,2022-02-19 18:00:00+00:00,0.0,0.0,uppsala,5f9fe38afd517828962fde29
24619,2022-02-19 19:00:00+00:00,0.0,0.0,uppsala,5f9fe38afd517828962fde29
24620,2022-02-19 20:00:00+00:00,0.0,0.0,uppsala,5f9fe38afd517828962fde29
24621,2022-02-19 21:00:00+00:00,0.0,0.0,uppsala,5f9fe38afd517828962fde29
24622,2022-02-19 22:00:00+00:00,0.0,0.0,uppsala,5f9fe38afd517828962fde29
24623,2022-02-19 23:00:00+00:00,0.0,0.0,uppsala,5f9fe38afd517828962fde29
24624,2022-02-20 00:00:00+00:00,0.0,0.0,uppsala,5f9fe38afd517828962fde29
24625,2022-02-20 01:00:00+00:00,0.0,0.0,uppsala,5f9fe38afd517828962fde29
24626,2022-02-20 02:00:00+00:00,0.0,0.0,uppsala,5f9fe38afd517828962fde29
24627,2022-02-20 03:00:00+00:00,0.0,0.0,uppsala,5f9fe38afd517828962fde29
24628,2022-02-20 04:00:00+00:00,0.0,0.0,uppsala,5f9fe38afd517828962fde29
24629,2022-02-20 05:00:00+00:00,0.0,0.0,uppsala,5f9fe38afd517828962fde29
24630,2022-02-20 06:00:00+00:00,0.0,0.84,uppsala,5f9fe38afd517828962fde29
24631,2022-02-20 07:00:00+00:00,461.6,7.92,uppsala,5f9fe38afd517828962fde29
24632,2022-02-20 08:00:00+00:00,710.6,14.76,uppsala,5f9fe38afd517828962fde29
24633,2022-02-20 09:00:00+00:00,823.0,15.53,uppsala,5f9fe38afd517828962fde29
24634,2022-02-20 10:00:00+00:00,530.2,27.84,uppsala,5f9fe38afd517828962fde29
24635,2022-02-20 11:00:00+00:00,881.1,31.61,uppsala,5f9fe38afd517828962fde29
24636,2022-02-20 12:00:00+00:00,867.1,31.96,uppsala,5f9fe38afd517828962fde29
24637,2022-02-20 13:00:00+00:00,821.2,26.23,uppsala,5f9fe38afd517828962fde29
24638,2022-02-20 14:00:00+00:00,723.5,15.42,uppsala,5f9fe38afd517828962fde29
24639,2022-02-20 15:00:00+00:00,524.4,2.54,uppsala,5f9fe38afd517828962fde29
24640,2022-02-20 16:00:00+00:00,0.0,0.0,uppsala,5f9fe38afd517828962fde29
24641,2022-02-20 17:00:00+00:00,0.0,0.0,uppsala,5f9fe38afd517828962fde29
24642,2022-02-20 18:00:00+00:00,0.0,0.0,uppsala,5f9fe38afd517828962fde29
24643,2022-02-20 19:00:00+00:00,0.0,0.0,uppsala,5f9fe38afd517828962fde29
24644,2022-02-20 20:00:00+00:00,0.0,0.0,uppsala,5f9fe38afd517828962fde29
24645,2022-02-20 21:00:00+00:00,0.0,0.0,uppsala,5f9fe38afd517828962fde29
24646,2022-02-20 22:00:00+00:00,0.0,0.0,uppsala,5f9fe38afd517828962fde29
24647,2022-02-20 23:00:00+00:00,0.0,0.0,uppsala,5f9fe38afd517828962fde29
24648,2022-02-21 00:00:00+00:00,0.0,0.0,uppsala,5f9fe38afd517828962fde29
24649,2022-02-21 01:00:00+00:00,0.0,0.0,uppsala,5f9fe38afd517828962fde29
24650,2022-02-21 02:00:00+00:00,0.0,0.0,uppsala,5f9fe38afd517828962fde29
24651,2022-02-21 03:00:00+00:00,0.0,0.0,uppsala,5f9fe38afd517828962fde29
24652,2022-02-21 04:00:00+00:00,0.0,0.0,uppsala,5f9fe38afd517828962fde29
24653,2022-02-21 05:00:00+00:00,0.0,0.0,uppsala,5f9fe38afd517828962fde29
24654,2022-02-21 06:00:00+00:00,0.0,0.0,uppsala,5f9fe38afd517828962fde29
24655,2022-02-21 07:00:00+00:00,0.0,0.0,uppsala,5f9fe38afd517828962fde29
24656,2022-02-21 08:00:00+00:00,2.3,0.1,uppsala,5f9fe38afd517828962fde29
24657,2022-02-21 09:00:00+00:00,6.0,0.57,uppsala,5f9fe38afd517828962fde29
24658,2022-02-21 10:00:00+00:00,8.2,0.6,uppsala,5f9fe38afd517828962fde29
24659,2022-02-21 11:00:00+00:00,8.6,0.27,uppsala,5f9fe38afd517828962fde29
24660,2022-02-21 12:00:00+00:00,8.5,0.27,uppsala,5f9fe38afd517828962fde29
24661,2022-02-21 13:00:00+00:00,6.5,0.22,uppsala,5f9fe38afd517828962fde29
24662,2022-02-21 14:00:00+00:00,2.6,0.01,uppsala,5f9fe38afd517828962fde29
24663,2022-02-21 15:00:00+00:00,0.0,0.0,uppsala,5f9fe38afd517828962fde29
24664,2022-02-21 16:00:00+00:00,0.0,0.0,uppsala,5f9fe38afd517828962fde29
24665,2022-02-21 17:00:00+00:00,0.0,0.0,uppsala,5f9fe38afd517828962fde29
24666,2022-02-21 18:00:00+00:00,0.0,0.0,uppsala,5f9fe38afd517828962fde29
24667,2022-02-21 19:00:00+00:00,0.0,0.0,uppsala,5f9fe38afd517828962fde29
24668,2022-02-21 20:00:00+00:00,0.0,0.0,uppsala,5f9fe38afd517828962fde29
24669,2022-02-21 21:00:00+00:00,0.0,0.0,uppsala,5f9fe38afd517828962fde29
24670,2022-02-21 22:00:00+00:00,0.0,0.0,uppsala,5f9fe38afd517828962fde29
24671,2022-02-21 23:00:00+00:00,0.0,0.0,uppsala,5f9fe38afd517828962fde29
24672,2022-02-22 00:00:00+00:00,0.0,0.0,uppsala,5f9fe38afd517828962fde29
24673,2022-02-22 01:00:00+00:00,0.0,0.0,uppsala,5f9fe38afd517828962fde29
24674,2022-02-22 02:00:00+00:00,0.0,0.0,uppsala,5f9fe38afd517828962fde29
24675,2022-02-22 03:00:00+00:00,0.0,0.0,uppsala,5f9fe38afd517828962fde29
24676,2022-02-22 04:00:00+00:00,0.0,0.0,uppsala,5f9fe38afd517828962fde29
24677,2022-02-22 05:00:00+00:00,0.0,0.0,uppsala,5f9fe38afd517828962fde29
24678,2022-02-22 06:00:00+00:00,0.0,0.0,uppsala,5f9fe38afd517828962fde29
24679,2022-02-22 07:00:00+00:00,39.8,0.21,uppsala,5f9fe38afd517828962fde29
24680,2022-02-22 08:00:00+00:00,8.4,0.65,uppsala,5f9fe38afd517828962fde29
24681,2022-02-22 09:00:00+00:00,12.6,1.68,uppsala,5f9fe38afd517828962fde29
24682,2022-02-22 10:00:00+00:00,19.2,2.49,uppsala,5f9fe38afd517828962fde29
24683,2022-02-22 11:00:00+00:00,64.5,5.1,uppsala,5f9fe38afd517828962fde29
24684,2022-02-22 12:00:00+00:00,885.1,10.64,uppsala,5f9fe38afd517828962fde29
24685,2022-02-22 13:00:00+00:00,841.0,7.64,uppsala,5f9fe38afd517828962fde29
24686,2022-02-22 14:00:00+00:00,757.2,2.34,uppsala,5f9fe38afd517828962fde29
24687,2022-02-22 15:00:00+00:00,71.5,0.31,uppsala,5f9fe38afd517828962fde29
24688,2022-02-22 16:00:00+00:00,0.0,0.0,uppsala,5f9fe38afd517828962fde29
24689,2022-02-22 17:00:00+00:00,0.0,0.0,uppsala,5f9fe38afd517828962fde29
24690,2022-02-22 18:00:00+00:00,0.0,0.0,uppsala,5f9fe38afd517828962fde29
24691,2022-02-22 19:00:00+00:00,0.0,0.0,uppsala,5f9fe38afd517828962fde29
24692,2022-02-22 20:00:00+00:00,0.0,0.0,uppsala,5f9fe38afd517828962fde29
24693,2022-02-22 21:00:00+00:00,0.0,0.0,uppsala,5f9fe38afd517828962fde29
24694,2022-02-22 22:00:00+00:00,0.0,0.0,uppsala,5f9fe38afd517828962fde29
24695,2022-02-22 23:00:00+00:00,0.0,0.0,uppsala,5f9fe38afd517828962fde29
24696,2022-02-23 00:00:00+00:00,0.0,0.0,uppsala,5f9fe38afd517828962fde29
24697,2022-02-23 01:00:00+00:00,0.0,0.0,uppsala,5f9fe38afd517828962fde29
24698,2022-02-23 02:00:00+00:00,0.0,0.0,uppsala,5f9fe38afd517828962fde29
24699,2022-02-23 03:00:00+00:00,0.0,0.0,uppsala,5f9fe38afd517828962fde29
24700,2022-02-23 04:00:00+00:00,0.0,0.0,uppsala,5f9fe38afd517828962fde29
24701,2022-02-23 05:00:00+00:00,0.0,0.0,uppsala,5f9fe38afd517828962fde29
24702,2022-02-23 06:00:00+00:00,0.0,0.01,uppsala,5f9fe38afd517828962fde29
24703,2022-02-23 07:00:00+00:00,12.7,0.37,uppsala,5f9fe38afd517828962fde29
24704,2022-02-23 08:00:00+00:00,7.5,3.25,uppsala,5f9fe38afd517828962fde29
24705,2022-02-23 09:00:00+00:00,20.5,5.29,uppsala,5f9fe38afd517828962fde29
24706,2022-02-23 10:00:00+00:00,19.7,2.35,uppsala,5f9fe38afd517828962fde29
24707,2022-02-23 11:00:00+00:00,11.8,2.75,uppsala,5f9fe38afd517828962fde29
24708,2022-02-23 12:00:00+00:00,10.5,4.82,uppsala,5f9fe38afd517828962fde29
24709,2022-02-23 13:00:00+00:00,196.5,0.97,uppsala,5f9fe38afd517828962fde29
24710,2022-02-23 14:00:00+00:00,6.5,0.26,uppsala,5f9fe38afd517828962fde29
24711,2022-02-23 15:00:00+00:00,0.0,0.04,uppsala,5f9fe38afd517828962fde29
24712,2022-02-23 16:00:00+00:00,0.0,0.0,uppsala,5f9fe38afd517828962fde29
24713,2022-02-23 17:00:00+00:00,0.0,0.0,uppsala,5f9fe38afd517828962fde29
24714,2022-02-23 18:00:00+00:00,0.0,0.0,uppsala,5f9fe38afd517828962fde29
24715,2022-02-23 19:00:00+00:00,0.0,0.0,uppsala,5f9fe38afd517828962fde29
24716,2022-02-23 20:00:00+00:00,0.0,0.0,uppsala,5f9fe38afd517828962fde29
24717,2022-02-23 21:00:00+00:00,0.0,0.0,uppsala,5f9fe38afd517828962fde29
24718,2022-02-23 22:00:00+00:00,0.0,0.0,uppsala,5f9fe38afd517828962fde29
24719,2022-02-23 23:00:00+00:00,0.0,0.0,uppsala,5f9fe38afd517828962fde29
24720,2022-02-24 00:00:00+00:00,0.0,0.0,uppsala,5f9fe38afd517828962fde29
24721,2022-02-24 01:00:00+00:00,0.0,0.0,uppsala,5f9fe38afd517828962fde29
24722,2022-02-24 02:00:00+00:00,0.0,0.0,uppsala,5f9fe38afd517828962fde29
24723,2022-02-24 03:00:00+00:00,0.0,0.0,uppsala,5f9fe38afd517828962fde29
24724,2022-02-24 04:00:00+00:00,0.0,0.0,uppsala,5f9fe38afd517828962fde29
24725,2022-02-24 05:00:00+00:00,0.0,0.0,uppsala,5f9fe38afd517828962fde29
24726,2022-02-24 06:00:00+00:00,0.0,0.24,uppsala,5f9fe38afd517828962fde29
24727,2022-02-24 07:00:00+00:00,0.0,3.07,uppsala,5f9fe38afd517828962fde29
24728,2022-02-24 08:00:00+00:00,2.8,9.4,uppsala,5f9fe38afd517828962fde29
24729,2022-02-24 09:00:00+00:00,5.5,14.94,uppsala,5f9fe38afd517828962fde29
24730,2022-02-24 10:00:00+00:00,8.4,11.55,uppsala,5f9fe38afd517828962fde29
24731,2022-02-24 11:00:00+00:00,15.3,10.25,uppsala,5f9fe38afd517828962fde29
24732,2022-02-24 12:00:00+00:00,66.1,8.92,uppsala,5f9fe38afd517828962fde29
24733,2022-02-24 13:00:00+00:00,4.5,11.91,uppsala,5f9fe38afd517828962fde29
24734,2022-02-24 14:00:00+00:00,1.5,7.92,uppsala,5f9fe38afd517828962fde29
24735,2022-02-24 15:00:00+00:00,17.5,1.46,uppsala,5f9fe38afd517828962fde29
24736,2022-02-24 16:00:00+00:00,0.0,0.0,uppsala,5f9fe38afd517828962fde29
24737,2022-02-24 17:00:00+00:00,0.0,0.0,uppsala,5f9fe38afd517828962fde29
24738,2022-02-24 18:00:00+00:00,0.0,0.0,uppsala,5f9fe38afd517828962fde29
24739,2022-02-24 19:00:00+00:00,0.0,0.0,uppsala,5f9fe38afd517828962fde29
24740,2022-02-24 20:00:00+00:00,0.0,0.0,uppsala,5f9fe38afd517828962fde29
24741,2022-02-24 21:00:00+00:00,0.0,0.0,uppsala,5f9fe38afd517828962fde29
24742,2022-02-24 22:00:00+00:00,0.0,0.0,uppsala,5f9fe38afd517828962fde29
24743,2022-02-24 23:00:00+00:00,0.0,0.0,uppsala,5f9fe38afd517828962fde29
24744,2022-02-25 00:00:00+00:00,0.0,0.0,uppsala,5f9fe38afd517828962fde29
24745,2022-02-25 01:00:00+00:00,0.0,0.0,uppsala,5f9fe38afd517828962fde29
24746,2022-02-25 02:00:00+00:00,0.0,0.0,uppsala,5f9fe38afd517828962fde29
24747,2022-02-25 03:00:00+00:00,0.0,0.0,uppsala,5f9fe38afd517828962fde29
24748,2022-02-25 04:00:00+00:00,0.0,0.0,uppsala,5f9fe38afd517828962fde29
24749,2022-02-25 05:00:00+00:00,0.0,0.0,uppsala,5f9fe38afd517828962fde29
24750,2022-02-25 06:00:00+00:00,0.0,0.57,uppsala,5f9fe38afd517828962fde29
24751,2022-02-25 07:00:00+00:00,0.0,5.29,uppsala,5f9fe38afd517828962fde29
24752,2022-02-25 08:00:00+00:00,8.8,12.46,uppsala,5f9fe38afd517828962fde29
24753,2022-02-25 09:00:00+00:00,11.4,28.76,uppsala,5f9fe38afd517828962fde29
24754,2022-02-25 10:00:00+00:00,12.6,37.3,uppsala,5f9fe38afd517828962fde29
24755,2022-02-25 11:00:00+00:00,748.8,35.49,uppsala,5f9fe38afd517828962fde29
24756,2022-02-25 12:00:00+00:00,842.7,34.29,uppsala,5f9fe38afd517828962fde29
24757,2022-02-25 13:00:00+00:00,799.7,29.36,uppsala,5f9fe38afd517828962fde29
24758,2022-02-25 14:00:00+00:00,701.8,17.51,uppsala,5f9fe38afd517828962fde29
24759,2022-02-25 15:00:00+00:00,521.2,5.62,uppsala,5f9fe38afd517828962fde29
24760,2022-02-25 16:00:00+00:00,18.9,0.0,uppsala,5f9fe38afd517828962fde29
24761,2022-02-25 17:00:00+00:00,0.0,0.0,uppsala,5f9fe38afd517828962fde29
24762,2022-02-25 18:00:00+00:00,0.0,0.0,uppsala,5f9fe38afd517828962fde29
24763,2022-02-25 19:00:00+00:00,0.0,0.0,uppsala,5f9fe38afd517828962fde29
24764,2022-02-25 20:00:00+00:00,0.0,0.0,uppsala,5f9fe38afd517828962fde29
24765,2022-02-25 21:00:00+00:00,0.0,0.0,uppsala,5f9fe38afd517828962fde29
24766,2022-02-25 22:00:00+00:00,0.0,0.0,uppsala,5f9fe38afd517828962fde29
24767,2022-02-25 23:00:00+00:00,0.0,0.0,uppsala,5f9fe38afd517828962fde29
24768,2022-02-26 00:00:00+00:00,0.0,0.0,uppsala,5f9fe38afd517828962fde29
24769,2022-02-26 01:00:00+00:00,0.0,0.0,uppsala,5f9fe38afd517828962fde29
24770,2022-02-26 02:00:00+00:00,0.0,0.0,uppsala,5f9fe38afd517828962fde29
24771,2022-02-26 03:00:00+00:00,0.0,0.0,uppsala,5f9fe38afd517828962fde29
24772,2022-02-26 04:00:00+00:00,0.0,0.0,uppsala,5f9fe38afd517828962fde29
24773,2022-02-26 05:00:00+00:00,0.0,0.0,uppsala,5f9fe38afd517828962fde29
24774,2022-02-26 06:00:00+00:00,0.8,3.82,uppsala,5f9fe38afd517828962fde29
24775,2022-02-26 07:00:00+00:00,562.9,15.09,uppsala,5f9fe38afd517828962fde29
24776,2022-02-26 08:00:00+00:00,760.3,25.57,uppsala,5f9fe38afd517828962fde29
24777,2022-02-26 09:00:00+00:00,850.0,36.03,uppsala,5f9fe38afd517828962fde29
24778,2022-02-26 10:00:00+00:00,890.3,41.37,uppsala,5f9fe38afd517828962fde29
24779,2022-02-26 11:00:00+00:00,900.5,41.37,uppsala,5f9fe38afd517828962fde29
24780,2022-02-26 12:00:00+00:00,881.1,37.12,uppsala,5f9fe38afd517828962fde29
24781,2022-02-26 13:00:00+00:00,781.2,30.85,uppsala,5f9fe38afd517828962fde29
24782,2022-02-26 14:00:00+00:00,753.0,17.39,uppsala,5f9fe38afd517828962fde29
24783,2022-02-26 15:00:00+00:00,32.6,4.61,uppsala,5f9fe38afd517828962fde29
24784,2022-02-26 16:00:00+00:00,69.4,0.0,uppsala,5f9fe38afd517828962fde29
24785,2022-02-26 17:00:00+00:00,0.0,0.0,uppsala,5f9fe38afd517828962fde29
24786,2022-02-26 18:00:00+00:00,0.0,0.0,uppsala,5f9fe38afd517828962fde29
24787,2022-02-26 19:00:00+00:00,0.0,0.0,uppsala,5f9fe38afd517828962fde29
24788,2022-02-26 20:00:00+00:00,0.0,0.0,uppsala,5f9fe38afd517828962fde29
24789,2022-02-26 21:00:00+00:00,0.0,0.0,uppsala,5f9fe38afd517828962fde29
24790,2022-02-26 22:00:00+00:00,0.0,0.0,uppsala,5f9fe38afd517828962fde29
24791,2022-02-26 23:00:00+00:00,0.0,0.0,uppsala,5f9fe38afd517828962fde29
24792,2022-02-27 00:00:00+00:00,0.0,0.0,uppsala,5f9fe38afd517828962fde29
24793,2022-02-27 01:00:00+00:00,0.0,0.0,uppsala,5f9fe38afd517828962fde29
24794,2022-02-27 02:00:00+00:00,0.0,0.0,uppsala,5f9fe38afd517828962fde29
24795,2022-02-27 03:00:00+00:00,0.0,0.0,uppsala,5f9fe38afd517828962fde29
24796,2022-02-27 04:00:00+00:00,0.0,0.0,uppsala,5f9fe38afd517828962fde29
24797,2022-02-27 05:00:00+00:00,0.0,0.02,uppsala,5f9fe38afd517828962fde29
24798,2022-02-27 06:00:00+00:00,4.4,4.12,uppsala,5f9fe38afd517828962fde29
24799,2022-02-27 07:00:00+00:00,141.1,16.49,uppsala,5f9fe38afd517828962fde29
24800,2022-02-27 08:00:00+00:00,672.8,24.56,uppsala,5f9fe38afd517828962fde29
24801,2022-02-27 09:00:00+00:00,762.1,35.9,uppsala,5f9fe38afd517828962fde29
24802,2022-02-27 10:00:00+00:00,802.7,42.17,uppsala,5f9fe38afd517828962fde29
24803,2022-02-27 11:00:00+00:00,807.2,41.72,uppsala,5f9fe38afd517828962fde29
24804,2022-02-27 12:00:00+00:00,785.9,38.28,uppsala,5f9fe38afd517828962fde29
24805,2022-02-27 13:00:00+00:00,732.4,30.94,uppsala,5f9fe38afd517828962fde29
24806,2022-02-27 14:00:00+00:00,639.1,20.05,uppsala,5f9fe38afd517828962fde29
24807,2022-02-27 15:00:00+00:00,537.7,7.3,uppsala,5f9fe38afd517828962fde29
24808,2022-02-27 16:00:00+00:00,107.4,0.02,uppsala,5f9fe38afd517828962fde29
24809,2022-02-27 17:00:00+00:00,0.0,0.0,uppsala,5f9fe38afd517828962fde29
24810,2022-02-27 18:00:00+00:00,0.0,0.0,uppsala,5f9fe38afd517828962fde29
24811,2022-02-27 19:00:00+00:00,0.0,0.0,uppsala,5f9fe38afd517828962fde29
24812,2022-02-27 20:00:00+00:00,0.0,0.0,uppsala,5f9fe38afd517828962fde29
24813,2022-02-27 21:00:00+00:00,0.0,0.0,uppsala,5f9fe38afd517828962fde29
24814,2022-02-27 22:00:00+00:00,0.0,0.0,uppsala,5f9fe38afd517828962fde29
24815,2022-02-27 23:00:00+00:00,0.0,0.0,uppsala,5f9fe38afd517828962fde29
24816,2022-02-28 00:00:00+00:00,0.0,0.0,uppsala,5f9fe38afd517828962fde29
24817,2022-02-28 01:00:00+00:00,0.0,0.0,uppsala,5f9fe38afd517828962fde29
24818,2022-02-28 02:00:00+00:00,0.0,0.0,uppsala,5f9fe38afd517828962fde29
24819,2022-02-28 03:00:00+00:00,0.0,0.0,uppsala,5f9fe38afd517828962fde29
24820,2022-02-28 04:00:00+00:00,0.0,0.0,uppsala,5f9fe38afd517828962fde29
24821,2022-02-28 05:00:00+00:00,0.0,0.01,uppsala,5f9fe38afd517828962fde29
24822,2022-02-28 06:00:00+00:00,96.1,4.72,uppsala,5f9fe38afd517828962fde29
24823,2022-02-28 07:00:00+00:00,616.1,16.44,uppsala,5f9fe38afd517828962fde29
24824,2022-02-28 08:00:00+00:00,791.4,27.06,uppsala,5f9fe38afd517828962fde29
24825,2022-02-28 09:00:00+00:00,870.0,37.19,uppsala,5f9fe38afd517828962fde29
24826,2022-02-28 10:00:00+00:00,905.6,42.76,uppsala,5f9fe38afd517828962fde29
24827,2022-02-28 11:00:00+00:00,909.3,42.93,uppsala,5f9fe38afd517828962fde29
24828,2022-02-28 12:00:00+00:00,896.4,38.05,uppsala,5f9fe38afd517828962fde29
24829,2022-02-28 13:00:00+00:00,852.6,31.93,uppsala,5f9fe38afd517828962fde29
24830,2022-02-28 14:00:00+00:00,773.0,20.47,uppsala,5f9fe38afd517828962fde29
24831,2022-02-28 15:00:00+00:00,606.0,7.5,uppsala,5f9fe38afd517828962fde29
24832,2022-02-28 16:00:00+00:00,167.4,0.04,uppsala,5f9fe38afd517828962fde29
24833,2022-02-28 17:00:00+00:00,0.0,0.0,uppsala,5f9fe38afd517828962fde29
24834,2022-02-28 18:00:00+00:00,0.0,0.0,uppsala,5f9fe38afd517828962fde29
24835,2022-02-28 19:00:00+00:00,0.0,0.0,uppsala,5f9fe38afd517828962fde29
24836,2022-02-28 20:00:00+00:00,0.0,0.0,uppsala,5f9fe38afd517828962fde29
24837,2022-02-28 21:00:00+00:00,0.0,0.0,uppsala,5f9fe38afd517828962fde29
24838,2022-02-28 22:00:00+00:00,0.0,0.0,uppsala,5f9fe38afd517828962fde29
24839,2022-02-28 23:00:00+00:00,0.0,0.0,uppsala,5f9fe38afd517828962fde29
24840,2022-03-01 00:00:00+00:00,0.0,0.0,uppsala,5f9fe38afd517828962fde29
24841,2022-03-01 01:00:00+00:00,0.0,0.0,uppsala,5f9fe38afd517828962fde29
24842,2022-03-01 02:00:00+00:00,0.0,0.0,uppsala,5f9fe38afd517828962fde29
24843,2022-03-01 03:00:00+00:00,0.0,0.0,uppsala,5f9fe38afd517828962fde29
24844,2022-03-01 04:00:00+00:00,0.0,0.0,uppsala,5f9fe38afd517828962fde29
24845,2022-03-01 05:00:00+00:00,0.0,0.06,uppsala,5f9fe38afd517828962fde29
24846,2022-03-01 06:00:00+00:00,137.4,7.39,uppsala,5f9fe38afd517828962fde29
24847,2022-03-01 07:00:00+00:00,603.7,20.52,uppsala,5f9fe38afd517828962fde29
24848,2022-03-01 08:00:00+00:00,761.1,30.27,uppsala,5f9fe38afd517828962fde29
24849,2022-03-01 09:00:00+00:00,819.1,38.98,uppsala,5f9fe38afd517828962fde29
24850,2022-03-01 10:00:00+00:00,839.5,45.35,uppsala,5f9fe38afd517828962fde29
24851,2022-03-01 11:00:00+00:00,698.9,23.8,uppsala,5f9fe38afd517828962fde29
24852,2022-03-01 12:00:00+00:00,9.2,18.43,uppsala,5f9fe38afd517828962fde29
24853,2022-03-01 13:00:00+00:00,20.9,11.47,uppsala,5f9fe38afd517828962fde29
24854,2022-03-01 14:00:00+00:00,490.9,4.81,uppsala,5f9fe38afd517828962fde29
24855,2022-03-01 15:00:00+00:00,2.3,0.73,uppsala,5f9fe38afd517828962fde29
24856,2022-03-01 16:00:00+00:00,0.0,0.0,uppsala,5f9fe38afd517828962fde29
24857,2022-03-01 17:00:00+00:00,0.0,0.0,uppsala,5f9fe38afd517828962fde29
24858,2022-03-01 18:00:00+00:00,0.0,0.0,uppsala,5f9fe38afd517828962fde29
24859,2022-03-01 19:00:00+00:00,0.0,0.0,uppsala,5f9fe38afd517828962fde29
24860,2022-03-01 20:00:00+00:00,0.0,0.0,uppsala,5f9fe38afd517828962fde29
24861,2022-03-01 21:00:00+00:00,0.0,0.0,uppsala,5f9fe38afd517828962fde29
24862,2022-03-01 22:00:00+00:00,0.0,0.0,uppsala,5f9fe38afd517828962fde29
24863,2022-03-01 23:00:00+00:00,0.0,0.0,uppsala,5f9fe38afd517828962fde29
24864,2022-03-02 00:00:00+00:00,0.0,0.0,uppsala,5f9fe38afd517828962fde29
24865,2022-03-02 01:00:00+00:00,0.0,0.0,uppsala,5f9fe38afd517828962fde29
24866,2022-03-02 02:00:00+00:00,0.0,0.0,uppsala,5f9fe38afd517828962fde29
24867,2022-03-02 03:00:00+00:00,0.0,0.0,uppsala,5f9fe38afd517828962fde29
24868,2022-03-02 04:00:00+00:00,0.0,0.0,uppsala,5f9fe38afd517828962fde29
24869,2022-03-02 05:00:00+00:00,0.0,0.01,uppsala,5f9fe38afd517828962fde29
24870,2022-03-02 06:00:00+00:00,89.7,4.63,uppsala,5f9fe38afd517828962fde29
24871,2022-03-02 07:00:00+00:00,598.5,17.06,uppsala,5f9fe38afd517828962fde29
24872,2022-03-02 08:00:00+00:00,762.6,28.05,uppsala,5f9fe38afd517828962fde29
24873,2022-03-02 09:00:00+00:00,833.7,38.23,uppsala,5f9fe38afd517828962fde29
24874,2022-03-02 10:00:00+00:00,864.9,43.86,uppsala,5f9fe38afd517828962fde29
24875,2022-03-02 11:00:00+00:00,876.0,43.53,uppsala,5f9fe38afd517828962fde29
24876,2022-03-02 12:00:00+00:00,862.0,39.5,uppsala,5f9fe38afd517828962fde29
24877,2022-03-02 13:00:00+00:00,825.6,31.98,uppsala,5f9fe38afd517828962fde29
24878,2022-03-02 14:00:00+00:00,747.3,21.07,uppsala,5f9fe38afd517828962fde29
24879,2022-03-02 15:00:00+00:00,614.4,7.71,uppsala,5f9fe38afd517828962fde29
24880,2022-03-02 16:00:00+00:00,228.0,0.2,uppsala,5f9fe38afd517828962fde29
24881,2022-03-02 17:00:00+00:00,0.0,0.0,uppsala,5f9fe38afd517828962fde29
24882,2022-03-02 18:00:00+00:00,0.0,0.0,uppsala,5f9fe38afd517828962fde29
24883,2022-03-02 19:00:00+00:00,0.0,0.0,uppsala,5f9fe38afd517828962fde29
24884,2022-03-02 20:00:00+00:00,0.0,0.0,uppsala,5f9fe38afd517828962fde29
24885,2022-03-02 21:00:00+00:00,0.0,0.0,uppsala,5f9fe38afd517828962fde29
24886,2022-03-02 22:00:00+00:00,0.0,0.0,uppsala,5f9fe38afd517828962fde29
24887,2022-03-02 23:00:00+00:00,0.0,0.0,uppsala,5f9fe38afd517828962fde29
24888,2022-03-03 00:00:00+00:00,0.0,0.0,uppsala,5f9fe38afd517828962fde29
24889,2022-03-03 01:00:00+00:00,0.0,0.0,uppsala,5f9fe38afd517828962fde29
24890,2022-03-03 02:00:00+00:00,0.0,0.0,uppsala,5f9fe38afd517828962fde29
24891,2022-03-03 03:00:00+00:00,0.0,0.0,uppsala,5f9fe38afd517828962fde29
24892,2022-03-03 04:00:00+00:00,0.0,0.0,uppsala,5f9fe38afd517828962fde29
24893,2022-03-03 05:00:00+00:00,0.0,0.11,uppsala,5f9fe38afd517828962fde29
24894,2022-03-03 06:00:00+00:00,189.0,5.85,uppsala,5f9fe38afd517828962fde29
24895,2022-03-03 07:00:00+00:00,604.6,12.98,uppsala,5f9fe38afd517828962fde29
24896,2022-03-03 08:00:00+00:00,764.6,3.43,uppsala,5f9fe38afd517828962fde29
24897,2022-03-03 09:00:00+00:00,838.3,3.89,uppsala,5f9fe38afd517828962fde29
24898,2022-03-03 10:00:00+00:00,869.5,22.08,uppsala,5f9fe38afd517828962fde29
24899,2022-03-03 11:00:00+00:00,874.9,43.48,uppsala,5f9fe38afd517828962fde29
24900,2022-03-03 12:00:00+00:00,855.3,41.28,uppsala,5f9fe38afd517828962fde29
24901,2022-03-03 13:00:00+00:00,820.0,33.68,uppsala,5f9fe38afd517828962fde29
24902,2022-03-03 14:00:00+00:00,747.5,22.42,uppsala,5f9fe38afd517828962fde29
24903,2022-03-03 15:00:00+00:00,637.5,9.01,uppsala,5f9fe38afd517828962fde29
24904,2022-03-03 16:00:00+00:00,271.2,0.13,uppsala,5f9fe38afd517828962fde29
24905,2022-03-03 17:00:00+00:00,0.0,0.0,uppsala,5f9fe38afd517828962fde29
24906,2022-03-03 18:00:00+00:00,0.0,0.0,uppsala,5f9fe38afd517828962fde29
24907,2022-03-03 19:00:00+00:00,0.0,0.0,uppsala,5f9fe38afd517828962fde29
24908,2022-03-03 20:00:00+00:00,0.0,0.0,uppsala,5f9fe38afd517828962fde29
24909,2022-03-03 21:00:00+00:00,0.0,0.0,uppsala,5f9fe38afd517828962fde29
24910,2022-03-03 22:00:00+00:00,0.0,0.0,uppsala,5f9fe38afd517828962fde29
24911,2022-03-03 23:00:00+00:00,0.0,0.0,uppsala,5f9fe38afd517828962fde29
24912,2022-03-04 00:00:00+00:00,0.0,0.0,uppsala,5f9fe38afd517828962fde29
24913,2022-03-04 01:00:00+00:00,0.0,0.0,uppsala,5f9fe38afd517828962fde29
24914,2022-03-04 02:00:00+00:00,0.0,0.0,uppsala,5f9fe38afd517828962fde29
24915,2022-03-04 03:00:00+00:00,0.0,0.0,uppsala,5f9fe38afd517828962fde29
24916,2022-03-04 04:00:00+00:00,0.0,0.0,uppsala,5f9fe38afd517828962fde29
24917,2022-03-04 05:00:00+00:00,0.0,0.38,uppsala,5f9fe38afd517828962fde29
24918,2022-03-04 06:00:00+00:00,229.2,9.41,uppsala,5f9fe38afd517828962fde29
24919,2022-03-04 07:00:00+00:00,619.9,21.63,uppsala,5f9fe38afd517828962fde29
24920,2022-03-04 08:00:00+00:00,778.2,32.19,uppsala,5f9fe38afd517828962fde29
24921,2022-03-04 09:00:00+00:00,855.6,27.7,uppsala,5f9fe38afd517828962fde29
24922,2022-03-04 10:00:00+00:00,893.6,46.34,uppsala,5f9fe38afd517828962fde29
24923,2022-03-04 11:00:00+00:00,906.9,45.59,uppsala,5f9fe38afd517828962fde29
24924,2022-03-04 12:00:00+00:00,897.0,41.82,uppsala,5f9fe38afd517828962fde29
24925,2022-03-04 13:00:00+00:00,862.4,34.27,uppsala,5f9fe38afd517828962fde29
24926,2022-03-04 14:00:00+00:00,790.5,23.2,uppsala,5f9fe38afd517828962fde29
24927,2022-03-04 15:00:00+00:00,642.6,10.25,uppsala,5f9fe38afd517828962fde29
24928,2022-03-04 16:00:00+00:00,279.6,0.64,uppsala,5f9fe38afd517828962fde29
24929,2022-03-04 17:00:00+00:00,0.0,0.0,uppsala,5f9fe38afd517828962fde29
24930,2022-03-04 18:00:00+00:00,0.0,0.0,uppsala,5f9fe38afd517828962fde29
24931,2022-03-04 19:00:00+00:00,0.0,0.0,uppsala,5f9fe38afd517828962fde29
24932,2022-03-04 20:00:00+00:00,0.0,0.0,uppsala,5f9fe38afd517828962fde29
24933,2022-03-04 21:00:00+00:00,0.0,0.0,uppsala,5f9fe38afd517828962fde29
24934,2022-03-04 22:00:00+00:00,0.0,0.0,uppsala,5f9fe38afd517828962fde29
24935,2022-03-04 23:00:00+00:00,0.0,0.0,uppsala,5f9fe38afd517828962fde29
24936,2022-03-05 00:00:00+00:00,0.0,0.0,uppsala,5f9fe38afd517828962fde29
24937,2022-03-05 01:00:00+00:00,0.0,0.0,uppsala,5f9fe38afd517828962fde29
24938,2022-03-05 02:00:00+00:00,0.0,0.0,uppsala,5f9fe38afd517828962fde29
24939,2022-03-05 03:00:00+00:00,0.0,0.0,uppsala,5f9fe38afd517828962fde29
24940,2022-03-05 04:00:00+00:00,0.0,0.0,uppsala,5f9fe38afd517828962fde29
24941,2022-03-05 05:00:00+00:00,0.0,0.47,uppsala,5f9fe38afd517828962fde29
24942,2022-03-05 06:00:00+00:00,309.2,10.78,uppsala,5f9fe38afd517828962fde29
24943,2022-03-05 07:00:00+00:00,680.9,23.99,uppsala,5f9fe38afd517828962fde29
24944,2022-03-05 08:00:00+00:00,823.0,34.57,uppsala,5f9fe38afd517828962fde29
24945,2022-03-05 09:00:00+00:00,893.0,43.69,uppsala,5f9fe38afd517828962fde29
24946,2022-03-05 10:00:00+00:00,922.5,47.62,uppsala,5f9fe38afd517828962fde29
24947,2022-03-05 11:00:00+00:00,938.5,46.87,uppsala,5f9fe38afd517828962fde29
24948,2022-03-05 12:00:00+00:00,923.7,42.13,uppsala,5f9fe38afd517828962fde29
24949,2022-03-05 13:00:00+00:00,887.7,34.35,uppsala,5f9fe38afd517828962fde29
24950,2022-03-05 14:00:00+00:00,815.3,24.03,uppsala,5f9fe38afd517828962fde29
24951,2022-03-05 15:00:00+00:00,613.9,10.62,uppsala,5f9fe38afd517828962fde29
24952,2022-03-05 16:00:00+00:00,261.3,0.73,uppsala,5f9fe38afd517828962fde29
24953,2022-03-05 17:00:00+00:00,0.0,0.0,uppsala,5f9fe38afd517828962fde29
24954,2022-03-05 18:00:00+00:00,0.0,0.0,uppsala,5f9fe38afd517828962fde29
24955,2022-03-05 19:00:00+00:00,0.0,0.0,uppsala,5f9fe38afd517828962fde29
24956,2022-03-05 20:00:00+00:00,0.0,0.0,uppsala,5f9fe38afd517828962fde29
24957,2022-03-05 21:00:00+00:00,0.0,0.0,uppsala,5f9fe38afd517828962fde29
24958,2022-03-05 22:00:00+00:00,0.0,0.0,uppsala,5f9fe38afd517828962fde29
24959,2022-03-05 23:00:00+00:00,0.0,0.0,uppsala,5f9fe38afd517828962fde29
24960,2022-03-06 00:00:00+00:00,0.0,0.0,uppsala,5f9fe38afd517828962fde29
24961,2022-03-06 01:00:00+00:00,0.0,0.0,uppsala,5f9fe38afd517828962fde29
24962,2022-03-06 02:00:00+00:00,0.0,0.0,uppsala,5f9fe38afd517828962fde29
24963,2022-03-06 03:00:00+00:00,0.0,0.0,uppsala,5f9fe38afd517828962fde29
24964,2022-03-06 04:00:00+00:00,0.0,0.0,uppsala,5f9fe38afd517828962fde29
24965,2022-03-06 05:00:00+00:00,0.0,0.42,uppsala,5f9fe38afd517828962fde29
24966,2022-03-06 06:00:00+00:00,304.6,10.92,uppsala,5f9fe38afd517828962fde29
24967,2022-03-06 07:00:00+00:00,654.1,23.93,uppsala,5f9fe38afd517828962fde29
24968,2022-03-06 08:00:00+00:00,796.6,34.54,uppsala,5f9fe38afd517828962fde29
24969,2022-03-06 09:00:00+00:00,862.5,42.09,uppsala,5f9fe38afd517828962fde29
24970,2022-03-06 10:00:00+00:00,771.5,49.84,uppsala,5f9fe38afd517828962fde29
24971,2022-03-06 11:00:00+00:00,904.4,46.78,uppsala,5f9fe38afd517828962fde29
24972,2022-03-06 12:00:00+00:00,896.2,42.87,uppsala,5f9fe38afd517828962fde29
24973,2022-03-06 13:00:00+00:00,863.1,34.31,uppsala,5f9fe38afd517828962fde29
24974,2022-03-06 14:00:00+00:00,794.8,24.42,uppsala,5f9fe38afd517828962fde29
24975,2022-03-06 15:00:00+00:00,664.1,10.67,uppsala,5f9fe38afd517828962fde29
24976,2022-03-06 16:00:00+00:00,332.1,0.9,uppsala,5f9fe38afd517828962fde29
24977,2022-03-06 17:00:00+00:00,0.0,0.0,uppsala,5f9fe38afd517828962fde29
24978,2022-03-06 18:00:00+00:00,0.0,0.0,uppsala,5f9fe38afd517828962fde29
24979,2022-03-06 19:00:00+00:00,0.0,0.0,uppsala,5f9fe38afd517828962fde29
24980,2022-03-06 20:00:00+00:00,0.0,0.0,uppsala,5f9fe38afd517828962fde29
24981,2022-03-06 21:00:00+00:00,0.0,0.0,uppsala,5f9fe38afd517828962fde29
24982,2022-03-06 22:00:00+00:00,0.0,0.0,uppsala,5f9fe38afd517828962fde29
24983,2022-03-06 23:00:00+00:00,0.0,0.0,uppsala,5f9fe38afd517828962fde29
24984,2022-03-07 00:00:00+00:00,0.0,0.0,uppsala,5f9fe38afd517828962fde29
24985,2022-03-07 01:00:00+00:00,0.0,0.0,uppsala,5f9fe38afd517828962fde29
24986,2022-03-07 02:00:00+00:00,0.0,0.0,uppsala,5f9fe38afd517828962fde29
24987,2022-03-07 03:00:00+00:00,0.0,0.0,uppsala,5f9fe38afd517828962fde29
24988,2022-03-07 04:00:00+00:00,0.0,0.0,uppsala,5f9fe38afd517828962fde29
24989,2022-03-07 05:00:00+00:00,0.0,0.88,uppsala,5f9fe38afd517828962fde29
24990,2022-03-07 06:00:00+00:00,318.1,12.91,uppsala,5f9fe38afd517828962fde29
24991,2022-03-07 07:00:00+00:00,642.2,25.04,uppsala,5f9fe38afd517828962fde29
24992,2022-03-07 08:00:00+00:00,779.4,35.6,uppsala,5f9fe38afd517828962fde29
24993,2022-03-07 09:00:00+00:00,159.9,43.33,uppsala,5f9fe38afd517828962fde29
24994,2022-03-07 10:00:00+00:00,877.3,46.83,uppsala,5f9fe38afd517828962fde29
24995,2022-03-07 11:00:00+00:00,864.6,45.82,uppsala,5f9fe38afd517828962fde29
24996,2022-03-07 12:00:00+00:00,881.7,41.84,uppsala,5f9fe38afd517828962fde29
24997,2022-03-07 13:00:00+00:00,9.5,33.4,uppsala,5f9fe38afd517828962fde29
24998,2022-03-07 14:00:00+00:00,39.9,13.24,uppsala,5f9fe38afd517828962fde29
24999,2022-03-07 15:00:00+00:00,31.7,6.31,uppsala,5f9fe38afd517828962fde29
25000,2022-03-07 16:00:00+00:00,0.0,0.11,uppsala,5f9fe38afd517828962fde29
25001,2022-03-07 17:00:00+00:00,0.0,0.0,uppsala,5f9fe38afd517828962fde29
25002,2022-03-07 18:00:00+00:00,0.0,0.0,uppsala,5f9fe38afd517828962fde29
25003,2022-03-07 19:00:00+00:00,0.0,0.0,uppsala,5f9fe38afd517828962fde29
25004,2022-03-07 20:00:00+00:00,0.0,0.0,uppsala,5f9fe38afd517828962fde29
25005,2022-03-07 21:00:00+00:00,0.0,0.0,uppsala,5f9fe38afd517828962fde29
25006,2022-03-07 22:00:00+00:00,0.0,0.0,uppsala,5f9fe38afd517828962fde29
25007,2022-03-07 23:00:00+00:00,0.0,0.0,uppsala,5f9fe38afd517828962fde29
25008,2022-03-08 00:00:00+00:00,0.0,0.0,uppsala,5f9fe38afd517828962fde29
25009,2022-03-08 01:00:00+00:00,0.0,0.0,uppsala,5f9fe38afd517828962fde29
25010,2022-03-08 02:00:00+00:00,0.0,0.0,uppsala,5f9fe38afd517828962fde29
25011,2022-03-08 03:00:00+00:00,0.0,0.0,uppsala,5f9fe38afd517828962fde29
25012,2022-03-08 04:00:00+00:00,0.0,0.0,uppsala,5f9fe38afd517828962fde29
25013,2022-03-08 05:00:00+00:00,0.0,0.5,uppsala,5f9fe38afd517828962fde29
25014,2022-03-08 06:00:00+00:00,64.4,9.36,uppsala,5f9fe38afd517828962fde29
25015,2022-03-08 07:00:00+00:00,72.3,21.08,uppsala,5f9fe38afd517828962fde29
25016,2022-03-08 08:00:00+00:00,719.3,27.67,uppsala,5f9fe38afd517828962fde29
25017,2022-03-08 09:00:00+00:00,704.7,31.25,uppsala,5f9fe38afd517828962fde29
25018,2022-03-08 10:00:00+00:00,761.2,44.25,uppsala,5f9fe38afd517828962fde29
25019,2022-03-08 11:00:00+00:00,823.5,39.34,uppsala,5f9fe38afd517828962fde29
25020,2022-03-08 12:00:00+00:00,831.8,38.77,uppsala,5f9fe38afd517828962fde29
25021,2022-03-08 13:00:00+00:00,797.0,32.3,uppsala,5f9fe38afd517828962fde29
25022,2022-03-08 14:00:00+00:00,717.4,23.97,uppsala,5f9fe38afd517828962fde29
25023,2022-03-08 15:00:00+00:00,546.1,11.72,uppsala,5f9fe38afd517828962fde29
25024,2022-03-08 16:00:00+00:00,231.6,0.38,uppsala,5f9fe38afd517828962fde29
25025,2022-03-08 17:00:00+00:00,0.0,0.0,uppsala,5f9fe38afd517828962fde29
25026,2022-03-08 18:00:00+00:00,0.0,0.0,uppsala,5f9fe38afd517828962fde29
25027,2022-03-08 19:00:00+00:00,0.0,0.0,uppsala,5f9fe38afd517828962fde29
25028,2022-03-08 20:00:00+00:00,0.0,0.0,uppsala,5f9fe38afd517828962fde29
25029,2022-03-08 21:00:00+00:00,0.0,0.0,uppsala,5f9fe38afd517828962fde29
25030,2022-03-08 22:00:00+00:00,0.0,0.0,uppsala,5f9fe38afd517828962fde29
25031,2022-03-08 23:00:00+00:00,0.0,0.0,uppsala,5f9fe38afd517828962fde29
25032,2022-03-09 00:00:00+00:00,0.0,0.0,uppsala,5f9fe38afd517828962fde29
25033,2022-03-09 01:00:00+00:00,0.0,0.0,uppsala,5f9fe38afd517828962fde29
25034,2022-03-09 02:00:00+00:00,0.0,0.0,uppsala,5f9fe38afd517828962fde29
25035,2022-03-09 03:00:00+00:00,0.0,0.0,uppsala,5f9fe38afd517828962fde29
25036,2022-03-09 04:00:00+00:00,0.0,0.0,uppsala,5f9fe38afd517828962fde29
25037,2022-03-09 05:00:00+00:00,0.0,1.49,uppsala,5f9fe38afd517828962fde29
25038,2022-03-09 06:00:00+00:00,251.5,11.29,uppsala,5f9fe38afd517828962fde29
25039,2022-03-09 07:00:00+00:00,554.7,26.04,uppsala,5f9fe38afd517828962fde29
25040,2022-03-09 08:00:00+00:00,696.9,36.17,uppsala,5f9fe38afd517828962fde29
25041,2022-03-09 09:00:00+00:00,772.4,44.65,uppsala,5f9fe38afd517828962fde29
25042,2022-03-09 10:00:00+00:00,808.5,48.24,uppsala,5f9fe38afd517828962fde29
25043,2022-03-09 11:00:00+00:00,817.5,47.42,uppsala,5f9fe38afd517828962fde29
25044,2022-03-09 12:00:00+00:00,796.5,43.4,uppsala,5f9fe38afd517828962fde29
25045,2022-03-09 13:00:00+00:00,492.9,32.65,uppsala,5f9fe38afd517828962fde29
25046,2022-03-09 14:00:00+00:00,352.9,25.15,uppsala,5f9fe38afd517828962fde29
25047,2022-03-09 15:00:00+00:00,9.7,8.98,uppsala,5f9fe38afd517828962fde29
25048,2022-03-09 16:00:00+00:00,72.9,0.19,uppsala,5f9fe38afd517828962fde29
25049,2022-03-09 17:00:00+00:00,0.0,0.0,uppsala,5f9fe38afd517828962fde29
25050,2022-03-09 18:00:00+00:00,0.0,0.0,uppsala,5f9fe38afd517828962fde29
25051,2022-03-09 19:00:00+00:00,0.0,0.0,uppsala,5f9fe38afd517828962fde29
25052,2022-03-09 20:00:00+00:00,0.0,0.0,uppsala,5f9fe38afd517828962fde29
25053,2022-03-09 21:00:00+00:00,0.0,0.0,uppsala,5f9fe38afd517828962fde29
25054,2022-03-09 22:00:00+00:00,0.0,0.0,uppsala,5f9fe38afd517828962fde29
25055,2022-03-09 23:00:00+00:00,0.0,0.0,uppsala,5f9fe38afd517828962fde29
25056,2022-03-10 00:00:00+00:00,0.0,0.0,uppsala,5f9fe38afd517828962fde29
25057,2022-03-10 01:00:00+00:00,0.0,0.0,uppsala,5f9fe38afd517828962fde29
25058,2022-03-10 02:00:00+00:00,0.0,0.0,uppsala,5f9fe38afd517828962fde29
25059,2022-03-10 03:00:00+00:00,0.0,0.0,uppsala,5f9fe38afd517828962fde29
25060,2022-03-10 04:00:00+00:00,0.0,0.0,uppsala,5f9fe38afd517828962fde29
25061,2022-03-10 05:00:00+00:00,0.0,0.11,uppsala,5f9fe38afd517828962fde29
25062,2022-03-10 06:00:00+00:00,0.0,3.16,uppsala,5f9fe38afd517828962fde29
25063,2022-03-10 07:00:00+00:00,1.8,5.57,uppsala,5f9fe38afd517828962fde29
25064,2022-03-10 08:00:00+00:00,6.7,13.72,uppsala,5f9fe38afd517828962fde29
25065,2022-03-10 09:00:00+00:00,9.4,17.75,uppsala,5f9fe38afd517828962fde29
25066,2022-03-10 10:00:00+00:00,10.4,22.18,uppsala,5f9fe38afd517828962fde29
25067,2022-03-10 11:00:00+00:00,10.8,21.38,uppsala,5f9fe38afd517828962fde29
25068,2022-03-10 12:00:00+00:00,11.3,16.3,uppsala,5f9fe38afd517828962fde29
25069,2022-03-10 13:00:00+00:00,10.2,16.11,uppsala,5f9fe38afd517828962fde29
25070,2022-03-10 14:00:00+00:00,7.7,10.1,uppsala,5f9fe38afd517828962fde29
25071,2022-03-10 15:00:00+00:00,1.0,3.05,uppsala,5f9fe38afd517828962fde29
25072,2022-03-10 16:00:00+00:00,0.0,0.22,uppsala,5f9fe38afd517828962fde29
25073,2022-03-10 17:00:00+00:00,0.0,0.0,uppsala,5f9fe38afd517828962fde29
25074,2022-03-10 18:00:00+00:00,0.0,0.0,uppsala,5f9fe38afd517828962fde29
25075,2022-03-10 19:00:00+00:00,0.0,0.0,uppsala,5f9fe38afd517828962fde29
25076,2022-03-10 20:00:00+00:00,0.0,0.0,uppsala,5f9fe38afd517828962fde29
25077,2022-03-10 21:00:00+00:00,0.0,0.0,uppsala,5f9fe38afd517828962fde29
25078,2022-03-10 22:00:00+00:00,0.0,0.0,uppsala,5f9fe38afd517828962fde29
25079,2022-03-10 23:00:00+00:00,0.0,0.0,uppsala,5f9fe38afd517828962fde29
25080,2022-03-11 00:00:00+00:00,0.0,0.0,uppsala,5f9fe38afd517828962fde29
25081,2022-03-11 01:00:00+00:00,0.0,0.0,uppsala,5f9fe38afd517828962fde29
25082,2022-03-11 02:00:00+00:00,0.0,0.0,uppsala,5f9fe38afd517828962fde29
25083,2022-03-11 03:00:00+00:00,0.0,0.0,uppsala,5f9fe38afd517828962fde29
25084,2022-03-11 04:00:00+00:00,0.0,0.0,uppsala,5f9fe38afd517828962fde29
25085,2022-03-11 05:00:00+00:00,0.0,0.64,uppsala,5f9fe38afd517828962fde29
25086,2022-03-11 06:00:00+00:00,63.1,7.79,uppsala,5f9fe38afd517828962fde29
25087,2022-03-11 07:00:00+00:00,555.1,21.42,uppsala,5f9fe38afd517828962fde29
25088,2022-03-11 08:00:00+00:00,172.3,33.53,uppsala,5f9fe38afd517828962fde29
25089,2022-03-11 09:00:00+00:00,245.0,44.77,uppsala,5f9fe38afd517828962fde29
25090,2022-03-11 10:00:00+00:00,32.7,52.26,uppsala,5f9fe38afd517828962fde29
25091,2022-03-11 11:00:00+00:00,349.5,49.41,uppsala,5f9fe38afd517828962fde29
25092,2022-03-11 12:00:00+00:00,384.7,43.95,uppsala,5f9fe38afd517828962fde29
25093,2022-03-11 13:00:00+00:00,813.6,38.16,uppsala,5f9fe38afd517828962fde29
25094,2022-03-11 14:00:00+00:00,751.6,26.96,uppsala,5f9fe38afd517828962fde29
25095,2022-03-11 15:00:00+00:00,53.2,14.98,uppsala,5f9fe38afd517828962fde29
25096,2022-03-11 16:00:00+00:00,0.0,2.37,uppsala,5f9fe38afd517828962fde29
25097,2022-03-11 17:00:00+00:00,0.0,0.0,uppsala,5f9fe38afd517828962fde29
25098,2022-03-11 18:00:00+00:00,0.0,0.0,uppsala,5f9fe38afd517828962fde29
25099,2022-03-11 19:00:00+00:00,0.0,0.0,uppsala,5f9fe38afd517828962fde29
25100,2022-03-11 20:00:00+00:00,0.0,0.0,uppsala,5f9fe38afd517828962fde29
25101,2022-03-11 21:00:00+00:00,0.0,0.0,uppsala,5f9fe38afd517828962fde29
25102,2022-03-11 22:00:00+00:00,0.0,0.0,uppsala,5f9fe38afd517828962fde29
25103,2022-03-11 23:00:00+00:00,0.0,0.0,uppsala,5f9fe38afd517828962fde29
25104,2022-03-12 00:00:00+00:00,0.0,0.0,uppsala,5f9fe38afd517828962fde29
25105,2022-03-12 01:00:00+00:00,0.0,0.0,uppsala,5f9fe38afd517828962fde29
25106,2022-03-12 02:00:00+00:00,0.0,0.0,uppsala,5f9fe38afd517828962fde29
25107,2022-03-12 03:00:00+00:00,0.0,0.0,uppsala,5f9fe38afd517828962fde29
25108,2022-03-12 04:00:00+00:00,0.0,0.0,uppsala,5f9fe38afd517828962fde29
25109,2022-03-12 05:00:00+00:00,0.0,2.04,uppsala,5f9fe38afd517828962fde29
25110,2022-03-12 06:00:00+00:00,18.0,13.76,uppsala,5f9fe38afd517828962fde29
25111,2022-03-12 07:00:00+00:00,5.3,26.46,uppsala,5f9fe38afd517828962fde29
25112,2022-03-12 08:00:00+00:00,9.6,37.41,uppsala,5f9fe38afd517828962fde29
25113,2022-03-12 09:00:00+00:00,94.9,49.12,uppsala,5f9fe38afd517828962fde29
25114,2022-03-12 10:00:00+00:00,865.6,54.7,uppsala,5f9fe38afd517828962fde29
25115,2022-03-12 11:00:00+00:00,896.3,51.51,uppsala,5f9fe38afd517828962fde29
25116,2022-03-12 12:00:00+00:00,863.0,43.87,uppsala,5f9fe38afd517828962fde29
25117,2022-03-12 13:00:00+00:00,846.7,31.43,uppsala,5f9fe38afd517828962fde29
25118,2022-03-12 14:00:00+00:00,792.8,29.72,uppsala,5f9fe38afd517828962fde29
25119,2022-03-12 15:00:00+00:00,623.0,13.69,uppsala,5f9fe38afd517828962fde29
25120,2022-03-12 16:00:00+00:00,118.1,2.8,uppsala,5f9fe38afd517828962fde29
25121,2022-03-12 17:00:00+00:00,0.0,0.0,uppsala,5f9fe38afd517828962fde29
25122,2022-03-12 18:00:00+00:00,0.0,0.0,uppsala,5f9fe38afd517828962fde29
25123,2022-03-12 19:00:00+00:00,0.0,0.0,uppsala,5f9fe38afd517828962fde29
25124,2022-03-12 20:00:00+00:00,0.0,0.0,uppsala,5f9fe38afd517828962fde29
25125,2022-03-12 21:00:00+00:00,0.0,0.0,uppsala,5f9fe38afd517828962fde29
25126,2022-03-12 22:00:00+00:00,0.0,0.0,uppsala,5f9fe38afd517828962fde29
25127,2022-03-12 23:00:00+00:00,0.0,0.0,uppsala,5f9fe38afd517828962fde29
25128,2022-03-13 00:00:00+00:00,0.0,0.0,uppsala,5f9fe38afd517828962fde29
25129,2022-03-13 01:00:00+00:00,0.0,0.0,uppsala,5f9fe38afd517828962fde29
25130,2022-03-13 02:00:00+00:00,0.0,0.0,uppsala,5f9fe38afd517828962fde29
25131,2022-03-13 03:00:00+00:00,0.0,0.0,uppsala,5f9fe38afd517828962fde29
25132,2022-03-13 04:00:00+00:00,0.0,0.0,uppsala,5f9fe38afd517828962fde29
25133,2022-03-13 05:00:00+00:00,0.0,3.35,uppsala,5f9fe38afd517828962fde29
25134,2022-03-13 06:00:00+00:00,41.3,13.38,uppsala,5f9fe38afd517828962fde29
25135,2022-03-13 07:00:00+00:00,9.3,27.8,uppsala,5f9fe38afd517828962fde29
25136,2022-03-13 08:00:00+00:00,9.0,36.77,uppsala,5f9fe38afd517828962fde29
25137,2022-03-13 09:00:00+00:00,44.5,44.82,uppsala,5f9fe38afd517828962fde29
25138,2022-03-13 10:00:00+00:00,180.2,50.1,uppsala,5f9fe38afd517828962fde29
25139,2022-03-13 11:00:00+00:00,889.4,51.6,uppsala,5f9fe38afd517828962fde29
25140,2022-03-13 12:00:00+00:00,884.2,47.43,uppsala,5f9fe38afd517828962fde29
25141,2022-03-13 13:00:00+00:00,851.7,39.15,uppsala,5f9fe38afd517828962fde29
25142,2022-03-13 14:00:00+00:00,788.1,27.88,uppsala,5f9fe38afd517828962fde29
25143,2022-03-13 15:00:00+00:00,672.1,13.65,uppsala,5f9fe38afd517828962fde29
25144,2022-03-13 16:00:00+00:00,417.3,2.71,uppsala,5f9fe38afd517828962fde29
25145,2022-03-13 17:00:00+00:00,0.0,0.0,uppsala,5f9fe38afd517828962fde29
25146,2022-03-13 18:00:00+00:00,0.0,0.0,uppsala,5f9fe38afd517828962fde29
25147,2022-03-13 19:00:00+00:00,0.0,0.0,uppsala,5f9fe38afd517828962fde29
25148,2022-03-13 20:00:00+00:00,0.0,0.0,uppsala,5f9fe38afd517828962fde29
25149,2022-03-13 21:00:00+00:00,0.0,0.0,uppsala,5f9fe38afd517828962fde29
25150,2022-03-13 22:00:00+00:00,0.0,0.0,uppsala,5f9fe38afd517828962fde29
25151,2022-03-13 23:00:00+00:00,0.0,0.0,uppsala,5f9fe38afd517828962fde29
25152,2022-03-14 00:00:00+00:00,0.0,0.0,uppsala,5f9fe38afd517828962fde29
25153,2022-03-14 01:00:00+00:00,0.0,0.0,uppsala,5f9fe38afd517828962fde29
25154,2022-03-14 02:00:00+00:00,0.0,0.0,uppsala,5f9fe38afd517828962fde29
25155,2022-03-14 03:00:00+00:00,0.0,0.0,uppsala,5f9fe38afd517828962fde29
25156,2022-03-14 04:00:00+00:00,0.0,0.0,uppsala,5f9fe38afd517828962fde29
25157,2022-03-14 05:00:00+00:00,0.0,3.27,uppsala,5f9fe38afd517828962fde29
25158,2022-03-14 06:00:00+00:00,401.2,16.45,uppsala,5f9fe38afd517828962fde29
25159,2022-03-14 07:00:00+00:00,674.7,29.28,uppsala,5f9fe38afd517828962fde29
25160,2022-03-14 08:00:00+00:00,806.1,39.99,uppsala,5f9fe38afd517828962fde29
25161,2022-03-14 09:00:00+00:00,871.4,47.77,uppsala,5f9fe38afd517828962fde29
25162,2022-03-14 10:00:00+00:00,898.4,51.42,uppsala,5f9fe38afd517828962fde29
25163,2022-03-14 11:00:00+00:00,905.7,50.01,uppsala,5f9fe38afd517828962fde29
25164,2022-03-14 12:00:00+00:00,895.2,45.77,uppsala,5f9fe38afd517828962fde29
25165,2022-03-14 13:00:00+00:00,861.4,37.64,uppsala,5f9fe38afd517828962fde29
25166,2022-03-14 14:00:00+00:00,795.8,26.2,uppsala,5f9fe38afd517828962fde29
25167,2022-03-14 15:00:00+00:00,610.9,12.8,uppsala,5f9fe38afd517828962fde29
25168,2022-03-14 16:00:00+00:00,349.0,2.2,uppsala,5f9fe38afd517828962fde29
25169,2022-03-14 17:00:00+00:00,0.0,0.0,uppsala,5f9fe38afd517828962fde29
25170,2022-03-14 18:00:00+00:00,0.0,0.0,uppsala,5f9fe38afd517828962fde29
25171,2022-03-14 19:00:00+00:00,0.0,0.0,uppsala,5f9fe38afd517828962fde29
25172,2022-03-14 20:00:00+00:00,0.0,0.0,uppsala,5f9fe38afd517828962fde29
25173,2022-03-14 21:00:00+00:00,0.0,0.0,uppsala,5f9fe38afd517828962fde29
25174,2022-03-14 22:00:00+00:00,0.0,0.0,uppsala,5f9fe38afd517828962fde29
25175,2022-03-14 23:00:00+00:00,0.0,0.0,uppsala,5f9fe38afd517828962fde29
25176,2022-03-15 00:00:00+00:00,0.0,0.0,uppsala,5f9fe38afd517828962fde29
25177,2022-03-15 01:00:00+00:00,0.0,0.0,uppsala,5f9fe38afd517828962fde29
25178,2022-03-15 02:00:00+00:00,0.0,0.0,uppsala,5f9fe38afd517828962fde29
25179,2022-03-15 03:00:00+00:00,0.0,0.0,uppsala,5f9fe38afd517828962fde29
25180,2022-03-15 04:00:00+00:00,0.0,0.0,uppsala,5f9fe38afd517828962fde29
25181,2022-03-15 05:00:00+00:00,0.0,2.53,uppsala,5f9fe38afd517828962fde29
25182,2022-03-15 06:00:00+00:00,376.0,19.395,uppsala,5f9fe38afd517828962fde29
25183,2022-03-15 07:00:00+00:00,613.2,19.395,uppsala,5f9fe38afd517828962fde29
25184,2022-03-15 08:00:00+00:00,729.3,39.5,uppsala,5f9fe38afd517828962fde29
25185,2022-03-15 09:00:00+00:00,787.9,47.54,uppsala,5f9fe38afd517828962fde29
25186,2022-03-15 10:00:00+00:00,824.2,51.09,uppsala,5f9fe38afd517828962fde29
25187,2022-03-15 11:00:00+00:00,829.9,49.89,uppsala,5f9fe38afd517828962fde29
25188,2022-03-15 12:00:00+00:00,813.1,45.42,uppsala,5f9fe38afd517828962fde29
25189,2022-03-15 13:00:00+00:00,772.8,37.06,uppsala,5f9fe38afd517828962fde29
25190,2022-03-15 14:00:00+00:00,697.5,25.71,uppsala,5f9fe38afd517828962fde29
25191,2022-03-15 15:00:00+00:00,547.3,12.17,uppsala,5f9fe38afd517828962fde29
25192,2022-03-15 16:00:00+00:00,294.5,1.83,uppsala,5f9fe38afd517828962fde29
25193,2022-03-15 17:00:00+00:00,0.0,0.0,uppsala,5f9fe38afd517828962fde29
25194,2022-03-15 18:00:00+00:00,0.0,0.0,uppsala,5f9fe38afd517828962fde29
25195,2022-03-15 19:00:00+00:00,0.0,0.0,uppsala,5f9fe38afd517828962fde29
25196,2022-03-15 20:00:00+00:00,0.0,0.0,uppsala,5f9fe38afd517828962fde29
25197,2022-03-15 21:00:00+00:00,0.0,0.0,uppsala,5f9fe38afd517828962fde29
25198,2022-03-15 22:00:00+00:00,0.0,0.0,uppsala,5f9fe38afd517828962fde29
25199,2022-03-15 23:00:00+00:00,0.0,0.0,uppsala,5f9fe38afd517828962fde29
25200,2022-03-16 00:00:00+00:00,0.0,0.0,uppsala,5f9fe38afd517828962fde29
25201,2022-03-16 01:00:00+00:00,0.0,0.0,uppsala,5f9fe38afd517828962fde29
25202,2022-03-16 02:00:00+00:00,0.0,0.0,uppsala,5f9fe38afd517828962fde29
25203,2022-03-16 03:00:00+00:00,0.0,0.0,uppsala,5f9fe38afd517828962fde29
25204,2022-03-16 04:00:00+00:00,0.0,0.0,uppsala,5f9fe38afd517828962fde29
25205,2022-03-16 05:00:00+00:00,0.0,2.16,uppsala,5f9fe38afd517828962fde29
25206,2022-03-16 06:00:00+00:00,293.7,12.79,uppsala,5f9fe38afd517828962fde29
25207,2022-03-16 07:00:00+00:00,531.9,26.56,uppsala,5f9fe38afd517828962fde29
25208,2022-03-16 08:00:00+00:00,648.1,37.61,uppsala,5f9fe38afd517828962fde29
25209,2022-03-16 09:00:00+00:00,726.1,46.51,uppsala,5f9fe38afd517828962fde29
25210,2022-03-16 10:00:00+00:00,754.6,50.12,uppsala,5f9fe38afd517828962fde29
25211,2022-03-16 11:00:00+00:00,713.1,49.32,uppsala,5f9fe38afd517828962fde29
25212,2022-03-16 12:00:00+00:00,743.3,45.45,uppsala,5f9fe38afd517828962fde29
25213,2022-03-16 13:00:00+00:00,719.1,35.53,uppsala,5f9fe38afd517828962fde29
25214,2022-03-16 14:00:00+00:00,641.0,27.37,uppsala,5f9fe38afd517828962fde29
25215,2022-03-16 15:00:00+00:00,476.8,12.43,uppsala,5f9fe38afd517828962fde29
25216,2022-03-16 16:00:00+00:00,237.1,1.93,uppsala,5f9fe38afd517828962fde29
25217,2022-03-16 17:00:00+00:00,0.0,0.0,uppsala,5f9fe38afd517828962fde29
25218,2022-03-16 18:00:00+00:00,0.0,0.0,uppsala,5f9fe38afd517828962fde29
25219,2022-03-16 19:00:00+00:00,0.0,0.0,uppsala,5f9fe38afd517828962fde29
25220,2022-03-16 20:00:00+00:00,0.0,0.0,uppsala,5f9fe38afd517828962fde29
25221,2022-03-16 21:00:00+00:00,0.0,0.0,uppsala,5f9fe38afd517828962fde29
25222,2022-03-16 22:00:00+00:00,0.0,0.0,uppsala,5f9fe38afd517828962fde29
25223,2022-03-16 23:00:00+00:00,0.0,10.1328,uppsala,5f9fe38afd517828962fde29
25224,2022-03-17 00:00:00+00:00,0.0,10.1328,uppsala,5f9fe38afd517828962fde29
25225,2022-03-17 01:00:00+00:00,0.0,10.1328,uppsala,5f9fe38afd517828962fde29
25226,2022-03-17 02:00:00+00:00,0.0,10.1328,uppsala,5f9fe38afd517828962fde29
25227,2022-03-17 03:00:00+00:00,0.0,10.1328,uppsala,5f9fe38afd517828962fde29
25228,2022-03-17 04:00:00+00:00,0.0,10.1328,uppsala,5f9fe38afd517828962fde29
25229,2022-03-17 05:00:00+00:00,0.0,10.1328,uppsala,5f9fe38afd517828962fde29
25230,2022-03-17 06:00:00+00:00,229.9,10.1328,uppsala,5f9fe38afd517828962fde29
25231,2022-03-17 07:00:00+00:00,381.0,10.1328,uppsala,5f9fe38afd517828962fde29
25232,2022-03-17 08:00:00+00:00,362.6,10.1328,uppsala,5f9fe38afd517828962fde29
25233,2022-03-17 09:00:00+00:00,691.0,10.1328,uppsala,5f9fe38afd517828962fde29
25234,2022-03-17 10:00:00+00:00,558.1,10.1328,uppsala,5f9fe38afd517828962fde29
25235,2022-03-17 11:00:00+00:00,20.3,10.1328,uppsala,5f9fe38afd517828962fde29
25236,2022-03-17 12:00:00+00:00,555.3,10.1328,uppsala,5f9fe38afd517828962fde29
25237,2022-03-17 13:00:00+00:00,584.8,10.1328,uppsala,5f9fe38afd517828962fde29
25238,2022-03-17 14:00:00+00:00,575.2,10.1328,uppsala,5f9fe38afd517828962fde29
25239,2022-03-17 15:00:00+00:00,348.9,10.1328,uppsala,5f9fe38afd517828962fde29
25240,2022-03-17 16:00:00+00:00,11.5,10.1328,uppsala,5f9fe38afd517828962fde29
25241,2022-03-17 17:00:00+00:00,0.0,10.1328,uppsala,5f9fe38afd517828962fde29
25242,2022-03-17 18:00:00+00:00,0.0,10.1328,uppsala,5f9fe38afd517828962fde29
25243,2022-03-17 19:00:00+00:00,0.0,10.1328,uppsala,5f9fe38afd517828962fde29
25244,2022-03-17 20:00:00+00:00,0.0,10.1328,uppsala,5f9fe38afd517828962fde29
25245,2022-03-17 21:00:00+00:00,0.0,10.1328,uppsala,5f9fe38afd517828962fde29
25246,2022-03-17 22:00:00+00:00,0.0,10.1328,uppsala,5f9fe38afd517828962fde29
25247,2022-03-17 23:00:00+00:00,0.0,10.1328,uppsala,5f9fe38afd517828962fde29
25248,2022-03-18 00:00:00+00:00,0.0,0.0,uppsala,5f9fe38afd517828962fde29
25249,2022-03-18 01:00:00+00:00,0.0,0.0,uppsala,5f9fe38afd517828962fde29
25250,2022-03-18 02:00:00+00:00,0.0,0.0,uppsala,5f9fe38afd517828962fde29
25251,2022-03-18 03:00:00+00:00,0.0,0.0,uppsala,5f9fe38afd517828962fde29
25252,2022-03-18 04:00:00+00:00,0.0,0.0,uppsala,5f9fe38afd517828962fde29
25253,2022-03-18 05:00:00+00:00,0.0,0.02,uppsala,5f9fe38afd517828962fde29
25254,2022-03-18 06:00:00+00:00,0.0,1.92,uppsala,5f9fe38afd517828962fde29
25255,2022-03-18 07:00:00+00:00,2.9,6.24,uppsala,5f9fe38afd517828962fde29
25256,2022-03-18 08:00:00+00:00,6.7,13.01,uppsala,5f9fe38afd517828962fde29
25257,2022-03-18 09:00:00+00:00,9.6,13.18,uppsala,5f9fe38afd517828962fde29
25258,2022-03-18 10:00:00+00:00,11.8,14.34,uppsala,5f9fe38afd517828962fde29
25259,2022-03-18 11:00:00+00:00,10.8,10.78,uppsala,5f9fe38afd517828962fde29
25260,2022-03-18 12:00:00+00:00,17.7,8.4,uppsala,5f9fe38afd517828962fde29
25261,2022-03-18 13:00:00+00:00,8.8,10.11,uppsala,5f9fe38afd517828962fde29
25262,2022-03-18 14:00:00+00:00,6.8,14.06,uppsala,5f9fe38afd517828962fde29
25263,2022-03-18 15:00:00+00:00,297.7,4.42,uppsala,5f9fe38afd517828962fde29
25264,2022-03-18 16:00:00+00:00,0.0,0.68,uppsala,5f9fe38afd517828962fde29
25265,2022-03-18 17:00:00+00:00,0.0,0.0,uppsala,5f9fe38afd517828962fde29
25266,2022-03-18 18:00:00+00:00,0.0,0.0,uppsala,5f9fe38afd517828962fde29
25267,2022-03-18 19:00:00+00:00,0.0,0.0,uppsala,5f9fe38afd517828962fde29
25268,2022-03-18 20:00:00+00:00,0.0,0.0,uppsala,5f9fe38afd517828962fde29
25269,2022-03-18 21:00:00+00:00,0.0,0.0,uppsala,5f9fe38afd517828962fde29
25270,2022-03-18 22:00:00+00:00,0.0,0.0,uppsala,5f9fe38afd517828962fde29
25271,2022-03-18 23:00:00+00:00,0.0,0.0,uppsala,5f9fe38afd517828962fde29
25272,2022-03-19 00:00:00+00:00,0.0,0.0,uppsala,5f9fe38afd517828962fde29
25273,2022-03-19 01:00:00+00:00,0.0,0.0,uppsala,5f9fe38afd517828962fde29
25274,2022-03-19 02:00:00+00:00,0.0,0.0,uppsala,5f9fe38afd517828962fde29
25275,2022-03-19 03:00:00+00:00,0.0,0.0,uppsala,5f9fe38afd517828962fde29
25276,2022-03-19 04:00:00+00:00,0.0,0.01,uppsala,5f9fe38afd517828962fde29
25277,2022-03-19 05:00:00+00:00,13.6,5.94,uppsala,5f9fe38afd517828962fde29
25278,2022-03-19 06:00:00+00:00,554.4,20.15,uppsala,5f9fe38afd517828962fde29
25279,2022-03-19 07:00:00+00:00,737.8,32.61,uppsala,5f9fe38afd517828962fde29
25280,2022-03-19 08:00:00+00:00,809.7,43.89,uppsala,5f9fe38afd517828962fde29
25281,2022-03-19 09:00:00+00:00,829.3,52.26,uppsala,5f9fe38afd517828962fde29
25282,2022-03-19 10:00:00+00:00,840.5,55.77,uppsala,5f9fe38afd517828962fde29
25283,2022-03-19 11:00:00+00:00,842.5,55.39,uppsala,5f9fe38afd517828962fde29
25284,2022-03-19 12:00:00+00:00,154.4,38.77,uppsala,5f9fe38afd517828962fde29
25285,2022-03-19 13:00:00+00:00,732.5,41.54,uppsala,5f9fe38afd517828962fde29
25286,2022-03-19 14:00:00+00:00,733.5,29.95,uppsala,5f9fe38afd517828962fde29
25287,2022-03-19 15:00:00+00:00,658.4,16.29,uppsala,5f9fe38afd517828962fde29
25288,2022-03-19 16:00:00+00:00,411.5,4.83,uppsala,5f9fe38afd517828962fde29
25289,2022-03-19 17:00:00+00:00,0.0,0.0,uppsala,5f9fe38afd517828962fde29
25290,2022-03-19 18:00:00+00:00,0.0,0.0,uppsala,5f9fe38afd517828962fde29
25291,2022-03-19 19:00:00+00:00,0.0,0.0,uppsala,5f9fe38afd517828962fde29
25292,2022-03-19 20:00:00+00:00,0.0,0.0,uppsala,5f9fe38afd517828962fde29
25293,2022-03-19 21:00:00+00:00,0.0,0.0,uppsala,5f9fe38afd517828962fde29
25294,2022-03-19 22:00:00+00:00,0.0,0.0,uppsala,5f9fe38afd517828962fde29
25295,2022-03-19 23:00:00+00:00,0.0,0.0,uppsala,5f9fe38afd517828962fde29
25296,2022-03-20 00:00:00+00:00,0.0,0.0,uppsala,5f9fe38afd517828962fde29
25297,2022-03-20 01:00:00+00:00,0.0,0.0,uppsala,5f9fe38afd517828962fde29
25298,2022-03-20 02:00:00+00:00,0.0,0.0,uppsala,5f9fe38afd517828962fde29
25299,2022-03-20 03:00:00+00:00,0.0,0.0,uppsala,5f9fe38afd517828962fde29
25300,2022-03-20 04:00:00+00:00,0.0,0.03,uppsala,5f9fe38afd517828962fde29
25301,2022-03-20 05:00:00+00:00,1.7000000000000002,6.29,uppsala,5f9fe38afd517828962fde29
25302,2022-03-20 06:00:00+00:00,361.6,20.34,uppsala,5f9fe38afd517828962fde29
25303,2022-03-20 07:00:00+00:00,580.3,33.02,uppsala,5f9fe38afd517828962fde29
25304,2022-03-20 08:00:00+00:00,698.8,44.09,uppsala,5f9fe38afd517828962fde29
25305,2022-03-20 09:00:00+00:00,763.7,51.77,uppsala,5f9fe38afd517828962fde29
25306,2022-03-20 10:00:00+00:00,795.7,55.06,uppsala,5f9fe38afd517828962fde29
25307,2022-03-20 11:00:00+00:00,800.8,53.91,uppsala,5f9fe38afd517828962fde29
25308,2022-03-20 12:00:00+00:00,784.7,49.31,uppsala,5f9fe38afd517828962fde29
25309,2022-03-20 13:00:00+00:00,746.0,41.07,uppsala,5f9fe38afd517828962fde29
25310,2022-03-20 14:00:00+00:00,675.8,29.96,uppsala,5f9fe38afd517828962fde29
25311,2022-03-20 15:00:00+00:00,711.2,16.13,uppsala,5f9fe38afd517828962fde29
25312,2022-03-20 16:00:00+00:00,496.2,4.64,uppsala,5f9fe38afd517828962fde29
25313,2022-03-20 17:00:00+00:00,0.30000000000000004,0.0,uppsala,5f9fe38afd517828962fde29
25314,2022-03-20 18:00:00+00:00,0.0,0.0,uppsala,5f9fe38afd517828962fde29
25315,2022-03-20 19:00:00+00:00,0.0,0.0,uppsala,5f9fe38afd517828962fde29
25316,2022-03-20 20:00:00+00:00,0.0,0.0,uppsala,5f9fe38afd517828962fde29
25317,2022-03-20 21:00:00+00:00,0.0,0.0,uppsala,5f9fe38afd517828962fde29
25318,2022-03-20 22:00:00+00:00,0.0,0.0,uppsala,5f9fe38afd517828962fde29
25319,2022-03-20 23:00:00+00:00,0.0,0.0,uppsala,5f9fe38afd517828962fde29
25320,2022-03-21 00:00:00+00:00,0.0,0.0,uppsala,5f9fe38afd517828962fde29
25321,2022-03-21 01:00:00+00:00,0.0,0.0,uppsala,5f9fe38afd517828962fde29
25322,2022-03-21 02:00:00+00:00,0.0,0.0,uppsala,5f9fe38afd517828962fde29
25323,2022-03-21 03:00:00+00:00,0.0,0.0,uppsala,5f9fe38afd517828962fde29
25324,2022-03-21 04:00:00+00:00,0.0,0.05,uppsala,5f9fe38afd517828962fde29
25325,2022-03-21 05:00:00+00:00,23.8,6.81,uppsala,5f9fe38afd517828962fde29
25326,2022-03-21 06:00:00+00:00,402.8,20.87,uppsala,5f9fe38afd517828962fde29
25327,2022-03-21 07:00:00+00:00,605.8,33.65,uppsala,5f9fe38afd517828962fde29
25328,2022-03-21 08:00:00+00:00,727.0,44.62,uppsala,5f9fe38afd517828962fde29
25329,2022-03-21 09:00:00+00:00,803.4,52.69,uppsala,5f9fe38afd517828962fde29
25330,2022-03-21 10:00:00+00:00,847.9,56.03,uppsala,5f9fe38afd517828962fde29
25331,2022-03-21 11:00:00+00:00,862.9,54.51,uppsala,5f9fe38afd517828962fde29
25332,2022-03-21 12:00:00+00:00,851.0,50.03,uppsala,5f9fe38afd517828962fde29
25333,2022-03-21 13:00:00+00:00,824.8,41.67,uppsala,5f9fe38afd517828962fde29
25334,2022-03-21 14:00:00+00:00,768.9,30.21,uppsala,5f9fe38afd517828962fde29
25335,2022-03-21 15:00:00+00:00,595.0,14.4,uppsala,5f9fe38afd517828962fde29
25336,2022-03-21 16:00:00+00:00,369.7,3.3,uppsala,5f9fe38afd517828962fde29
25337,2022-03-21 17:00:00+00:00,0.30000000000000004,0.0,uppsala,5f9fe38afd517828962fde29
25338,2022-03-21 18:00:00+00:00,0.0,0.0,uppsala,5f9fe38afd517828962fde29
25339,2022-03-21 19:00:00+00:00,0.0,0.0,uppsala,5f9fe38afd517828962fde29
25340,2022-03-21 20:00:00+00:00,0.0,0.0,uppsala,5f9fe38afd517828962fde29
25341,2022-03-21 21:00:00+00:00,0.0,0.0,uppsala,5f9fe38afd517828962fde29
25342,2022-03-21 22:00:00+00:00,0.0,0.0,uppsala,5f9fe38afd517828962fde29
25343,2022-03-21 23:00:00+00:00,0.0,0.0,uppsala,5f9fe38afd517828962fde29
25344,2022-03-22 00:00:00+00:00,0.0,0.0,uppsala,5f9fe38afd517828962fde29
25345,2022-03-22 01:00:00+00:00,0.0,0.0,uppsala,5f9fe38afd517828962fde29
25346,2022-03-22 02:00:00+00:00,0.0,0.0,uppsala,5f9fe38afd517828962fde29
25347,2022-03-22 03:00:00+00:00,0.0,0.0,uppsala,5f9fe38afd517828962fde29
25348,2022-03-22 04:00:00+00:00,0.0,0.03,uppsala,5f9fe38afd517828962fde29
25349,2022-03-22 05:00:00+00:00,27.8,5.09,uppsala,5f9fe38afd517828962fde29
25350,2022-03-22 06:00:00+00:00,391.6,19.8,uppsala,5f9fe38afd517828962fde29
25351,2022-03-22 07:00:00+00:00,600.8,34.08,uppsala,5f9fe38afd517828962fde29
25352,2022-03-22 08:00:00+00:00,707.5,45.11,uppsala,5f9fe38afd517828962fde29
25353,2022-03-22 09:00:00+00:00,741.2,52.24,uppsala,5f9fe38afd517828962fde29
25354,2022-03-22 10:00:00+00:00,764.6,55.21,uppsala,5f9fe38afd517828962fde29
25355,2022-03-22 11:00:00+00:00,774.6,54.17,uppsala,5f9fe38afd517828962fde29
25356,2022-03-22 12:00:00+00:00,754.4,49.33,uppsala,5f9fe38afd517828962fde29
25357,2022-03-22 13:00:00+00:00,691.7,40.45,uppsala,5f9fe38afd517828962fde29
25358,2022-03-22 14:00:00+00:00,604.5,28.04,uppsala,5f9fe38afd517828962fde29
25359,2022-03-22 15:00:00+00:00,507.5,15.7,uppsala,5f9fe38afd517828962fde29
25360,2022-03-22 16:00:00+00:00,263.6,3.63,uppsala,5f9fe38afd517828962fde29
25361,2022-03-22 17:00:00+00:00,0.0,0.0,uppsala,5f9fe38afd517828962fde29
25362,2022-03-22 18:00:00+00:00,0.0,0.0,uppsala,5f9fe38afd517828962fde29
25363,2022-03-22 19:00:00+00:00,0.0,0.0,uppsala,5f9fe38afd517828962fde29
25364,2022-03-22 20:00:00+00:00,0.0,0.0,uppsala,5f9fe38afd517828962fde29
25365,2022-03-22 21:00:00+00:00,0.0,0.0,uppsala,5f9fe38afd517828962fde29
25366,2022-03-22 22:00:00+00:00,0.0,0.0,uppsala,5f9fe38afd517828962fde29
25367,2022-03-22 23:00:00+00:00,0.0,0.0,uppsala,5f9fe38afd517828962fde29
25368,2022-03-23 00:00:00+00:00,0.0,0.0,uppsala,5f9fe38afd517828962fde29
25369,2022-03-23 01:00:00+00:00,0.0,0.0,uppsala,5f9fe38afd517828962fde29
25370,2022-03-23 02:00:00+00:00,0.0,0.0,uppsala,5f9fe38afd517828962fde29
25371,2022-03-23 03:00:00+00:00,0.0,0.0,uppsala,5f9fe38afd517828962fde29
25372,2022-03-23 04:00:00+00:00,0.0,0.01,uppsala,5f9fe38afd517828962fde29
25373,2022-03-23 05:00:00+00:00,85.3,5.86,uppsala,5f9fe38afd517828962fde29
25374,2022-03-23 06:00:00+00:00,507.4,7.77,uppsala,5f9fe38afd517828962fde29
25375,2022-03-23 07:00:00+00:00,658.1,33.42,uppsala,5f9fe38afd517828962fde29
25376,2022-03-23 08:00:00+00:00,788.3,45.32,uppsala,5f9fe38afd517828962fde29
25377,2022-03-23 09:00:00+00:00,830.4,53.77,uppsala,5f9fe38afd517828962fde29
25378,2022-03-23 10:00:00+00:00,832.3,57.47,uppsala,5f9fe38afd517828962fde29
25379,2022-03-23 11:00:00+00:00,822.5,46.86,uppsala,5f9fe38afd517828962fde29
25380,2022-03-23 12:00:00+00:00,755.2,50.25,uppsala,5f9fe38afd517828962fde29
25381,2022-03-23 13:00:00+00:00,744.2,42.06,uppsala,5f9fe38afd517828962fde29
25382,2022-03-23 14:00:00+00:00,693.0,30.77,uppsala,5f9fe38afd517828962fde29
25383,2022-03-23 15:00:00+00:00,628.0,16.92,uppsala,5f9fe38afd517828962fde29
25384,2022-03-23 16:00:00+00:00,452.3,4.94,uppsala,5f9fe38afd517828962fde29
25385,2022-03-23 17:00:00+00:00,37.5,0.01,uppsala,5f9fe38afd517828962fde29
25386,2022-03-23 18:00:00+00:00,0.0,0.0,uppsala,5f9fe38afd517828962fde29
25387,2022-03-23 19:00:00+00:00,0.0,0.0,uppsala,5f9fe38afd517828962fde29
25388,2022-03-23 20:00:00+00:00,0.0,0.0,uppsala,5f9fe38afd517828962fde29
25389,2022-03-23 21:00:00+00:00,0.0,0.0,uppsala,5f9fe38afd517828962fde29
25390,2022-03-23 22:00:00+00:00,0.0,0.0,uppsala,5f9fe38afd517828962fde29
25391,2022-03-23 23:00:00+00:00,0.0,0.0,uppsala,5f9fe38afd517828962fde29
25392,2022-03-24 00:00:00+00:00,0.0,0.0,uppsala,5f9fe38afd517828962fde29
25393,2022-03-24 01:00:00+00:00,0.0,0.0,uppsala,5f9fe38afd517828962fde29
25394,2022-03-24 02:00:00+00:00,0.0,0.0,uppsala,5f9fe38afd517828962fde29
25395,2022-03-24 03:00:00+00:00,0.0,0.0,uppsala,5f9fe38afd517828962fde29
25396,2022-03-24 04:00:00+00:00,0.0,0.21,uppsala,5f9fe38afd517828962fde29
25397,2022-03-24 05:00:00+00:00,68.7,7.38,uppsala,5f9fe38afd517828962fde29
25398,2022-03-24 06:00:00+00:00,416.9,21.65,uppsala,5f9fe38afd517828962fde29
25399,2022-03-24 07:00:00+00:00,602.8,34.81,uppsala,5f9fe38afd517828962fde29
25400,2022-03-24 08:00:00+00:00,695.7,45.65,uppsala,5f9fe38afd517828962fde29
25401,2022-03-24 09:00:00+00:00,741.9,30.35,uppsala,5f9fe38afd517828962fde29
25402,2022-03-24 10:00:00+00:00,766.9,56.13,uppsala,5f9fe38afd517828962fde29
25403,2022-03-24 11:00:00+00:00,770.3,54.56,uppsala,5f9fe38afd517828962fde29
25404,2022-03-24 12:00:00+00:00,756.8,37.41,uppsala,5f9fe38afd517828962fde29
25405,2022-03-24 13:00:00+00:00,726.8,45.03,uppsala,5f9fe38afd517828962fde29
25406,2022-03-24 14:00:00+00:00,655.8,32.81,uppsala,5f9fe38afd517828962fde29
25407,2022-03-24 15:00:00+00:00,441.5,17.71,uppsala,5f9fe38afd517828962fde29
25408,2022-03-24 16:00:00+00:00,83.2,5.98,uppsala,5f9fe38afd517828962fde29
25409,2022-03-24 17:00:00+00:00,1.0,0.03,uppsala,5f9fe38afd517828962fde29
25410,2022-03-24 18:00:00+00:00,0.0,0.0,uppsala,5f9fe38afd517828962fde29
25411,2022-03-24 19:00:00+00:00,0.0,0.0,uppsala,5f9fe38afd517828962fde29
25412,2022-03-24 20:00:00+00:00,0.0,0.0,uppsala,5f9fe38afd517828962fde29
25413,2022-03-24 21:00:00+00:00,0.0,0.0,uppsala,5f9fe38afd517828962fde29
25414,2022-03-24 22:00:00+00:00,0.0,0.0,uppsala,5f9fe38afd517828962fde29
25415,2022-03-24 23:00:00+00:00,0.0,0.0,uppsala,5f9fe38afd517828962fde29
25416,2022-03-25 00:00:00+00:00,0.0,0.0,uppsala,5f9fe38afd517828962fde29
25417,2022-03-25 01:00:00+00:00,0.0,0.0,uppsala,5f9fe38afd517828962fde29
25418,2022-03-25 02:00:00+00:00,0.0,0.0,uppsala,5f9fe38afd517828962fde29
25419,2022-03-25 03:00:00+00:00,0.0,0.0,uppsala,5f9fe38afd517828962fde29
25420,2022-03-25 04:00:00+00:00,0.0,0.07,uppsala,5f9fe38afd517828962fde29
25421,2022-03-25 05:00:00+00:00,82.7,3.09,uppsala,5f9fe38afd517828962fde29
25422,2022-03-25 06:00:00+00:00,53.1,12.22,uppsala,5f9fe38afd517828962fde29
25423,2022-03-25 07:00:00+00:00,548.0,23.62,uppsala,5f9fe38afd517828962fde29
25424,2022-03-25 08:00:00+00:00,653.6,46.99,uppsala,5f9fe38afd517828962fde29
25425,2022-03-25 09:00:00+00:00,11.0,58.99,uppsala,5f9fe38afd517828962fde29
25426,2022-03-25 10:00:00+00:00,791.9,62.49,uppsala,5f9fe38afd517828962fde29
25427,2022-03-25 11:00:00+00:00,805.9,54.09,uppsala,5f9fe38afd517828962fde29
25428,2022-03-25 12:00:00+00:00,678.2,35.85,uppsala,5f9fe38afd517828962fde29
25429,2022-03-25 13:00:00+00:00,719.7,20.58,uppsala,5f9fe38afd517828962fde29
25430,2022-03-25 14:00:00+00:00,697.0,19.5,uppsala,5f9fe38afd517828962fde29
25431,2022-03-25 15:00:00+00:00,2.8,8.01,uppsala,5f9fe38afd517828962fde29
25432,2022-03-25 16:00:00+00:00,99.4,1.24,uppsala,5f9fe38afd517828962fde29
25433,2022-03-25 17:00:00+00:00,0.0,0.0,uppsala,5f9fe38afd517828962fde29
25434,2022-03-25 18:00:00+00:00,0.0,0.0,uppsala,5f9fe38afd517828962fde29
25435,2022-03-25 19:00:00+00:00,0.0,0.0,uppsala,5f9fe38afd517828962fde29
25436,2022-03-25 20:00:00+00:00,0.0,0.0,uppsala,5f9fe38afd517828962fde29
25437,2022-03-25 21:00:00+00:00,0.0,0.0,uppsala,5f9fe38afd517828962fde29
25438,2022-03-25 22:00:00+00:00,0.0,0.0,uppsala,5f9fe38afd517828962fde29
25439,2022-03-25 23:00:00+00:00,0.0,0.0,uppsala,5f9fe38afd517828962fde29
25440,2022-03-26 00:00:00+00:00,0.0,0.0,uppsala,5f9fe38afd517828962fde29
25441,2022-03-26 01:00:00+00:00,0.0,0.0,uppsala,5f9fe38afd517828962fde29
25442,2022-03-26 02:00:00+00:00,0.0,0.0,uppsala,5f9fe38afd517828962fde29
25443,2022-03-26 03:00:00+00:00,0.0,0.0,uppsala,5f9fe38afd517828962fde29
25444,2022-03-26 04:00:00+00:00,0.0,0.62,uppsala,5f9fe38afd517828962fde29
25445,2022-03-26 05:00:00+00:00,284.5,10.73,uppsala,5f9fe38afd517828962fde29
25446,2022-03-26 06:00:00+00:00,648.9,26.36,uppsala,5f9fe38afd517828962fde29
25447,2022-03-26 07:00:00+00:00,806.8,40.53,uppsala,5f9fe38afd517828962fde29
25448,2022-03-26 08:00:00+00:00,883.4,55.36,uppsala,5f9fe38afd517828962fde29
25449,2022-03-26 09:00:00+00:00,923.8,66.67,uppsala,5f9fe38afd517828962fde29
25450,2022-03-26 10:00:00+00:00,941.7,50.53,uppsala,5f9fe38afd517828962fde29
25451,2022-03-26 11:00:00+00:00,360.5,46.12,uppsala,5f9fe38afd517828962fde29
25452,2022-03-26 12:00:00+00:00,464.5,32.31,uppsala,5f9fe38afd517828962fde29
25453,2022-03-26 13:00:00+00:00,251.3,23.86,uppsala,5f9fe38afd517828962fde29
25454,2022-03-26 14:00:00+00:00,25.7,21.31,uppsala,5f9fe38afd517828962fde29
25455,2022-03-26 15:00:00+00:00,231.1,14.26,uppsala,5f9fe38afd517828962fde29
25456,2022-03-26 16:00:00+00:00,430.0,4.63,uppsala,5f9fe38afd517828962fde29
25457,2022-03-26 17:00:00+00:00,23.2,0.01,uppsala,5f9fe38afd517828962fde29
25458,2022-03-26 18:00:00+00:00,0.0,0.0,uppsala,5f9fe38afd517828962fde29
25459,2022-03-26 19:00:00+00:00,0.0,0.0,uppsala,5f9fe38afd517828962fde29
25460,2022-03-26 20:00:00+00:00,0.0,0.0,uppsala,5f9fe38afd517828962fde29
25461,2022-03-26 21:00:00+00:00,0.0,0.0,uppsala,5f9fe38afd517828962fde29
25462,2022-03-26 22:00:00+00:00,0.0,0.0,uppsala,5f9fe38afd517828962fde29
25463,2022-03-26 23:00:00+00:00,0.0,0.0,uppsala,5f9fe38afd517828962fde29
25464,2022-03-27 00:00:00+00:00,0.0,0.0,uppsala,5f9fe38afd517828962fde29
25465,2022-03-27 01:00:00+00:00,0.0,0.0,uppsala,5f9fe38afd517828962fde29
25466,2022-03-27 02:00:00+00:00,0.0,0.0,uppsala,5f9fe38afd517828962fde29
25467,2022-03-27 03:00:00+00:00,0.0,0.0,uppsala,5f9fe38afd517828962fde29
25468,2022-03-27 04:00:00+00:00,0.0,0.02,uppsala,5f9fe38afd517828962fde29
25469,2022-03-27 05:00:00+00:00,0.0,2.34,uppsala,5f9fe38afd517828962fde29
25470,2022-03-27 06:00:00+00:00,0.5,8.28,uppsala,5f9fe38afd517828962fde29
25471,2022-03-27 07:00:00+00:00,5.7,18.37,uppsala,5f9fe38afd517828962fde29
25472,2022-03-27 08:00:00+00:00,8.9,35.35,uppsala,5f9fe38afd517828962fde29
25473,2022-03-27 09:00:00+00:00,10.7,42.89,uppsala,5f9fe38afd517828962fde29
25474,2022-03-27 10:00:00+00:00,117.8,44.25,uppsala,5f9fe38afd517828962fde29
25475,2022-03-27 11:00:00+00:00,390.0,52.07,uppsala,5f9fe38afd517828962fde29
25476,2022-03-27 12:00:00+00:00,11.0,33.94,uppsala,5f9fe38afd517828962fde29
25477,2022-03-27 13:00:00+00:00,17.9,15.09,uppsala,5f9fe38afd517828962fde29
25478,2022-03-27 14:00:00+00:00,6.7,10.61,uppsala,5f9fe38afd517828962fde29
25479,2022-03-27 15:00:00+00:00,25.0,6.0,uppsala,5f9fe38afd517828962fde29
25480,2022-03-27 16:00:00+00:00,1.6,1.18,uppsala,5f9fe38afd517828962fde29
25481,2022-03-27 17:00:00+00:00,0.0,0.0,uppsala,5f9fe38afd517828962fde29
25482,2022-03-27 18:00:00+00:00,0.0,0.0,uppsala,5f9fe38afd517828962fde29
25483,2022-03-27 19:00:00+00:00,0.0,0.0,uppsala,5f9fe38afd517828962fde29
25484,2022-03-27 20:00:00+00:00,0.0,0.0,uppsala,5f9fe38afd517828962fde29
25485,2022-03-27 21:00:00+00:00,0.0,0.0,uppsala,5f9fe38afd517828962fde29
25486,2022-03-27 22:00:00+00:00,0.0,0.0,uppsala,5f9fe38afd517828962fde29
25487,2022-03-27 23:00:00+00:00,0.0,0.0,uppsala,5f9fe38afd517828962fde29
25488,2022-03-28 00:00:00+00:00,0.0,0.0,uppsala,5f9fe38afd517828962fde29
25489,2022-03-28 01:00:00+00:00,0.0,0.0,uppsala,5f9fe38afd517828962fde29
25490,2022-03-28 02:00:00+00:00,0.0,0.0,uppsala,5f9fe38afd517828962fde29
25491,2022-03-28 03:00:00+00:00,0.0,0.0,uppsala,5f9fe38afd517828962fde29
25492,2022-03-28 04:00:00+00:00,0.0,0.12,uppsala,5f9fe38afd517828962fde29
25493,2022-03-28 05:00:00+00:00,278.2,5.13,uppsala,5f9fe38afd517828962fde29
25494,2022-03-28 06:00:00+00:00,0.7000000000000001,3.3,uppsala,5f9fe38afd517828962fde29
25495,2022-03-28 07:00:00+00:00,17.8,7.62,uppsala,5f9fe38afd517828962fde29
25496,2022-03-28 08:00:00+00:00,14.0,34.21,uppsala,5f9fe38afd517828962fde29
25497,2022-03-28 09:00:00+00:00,639.1,52.0,uppsala,5f9fe38afd517828962fde29
25498,2022-03-28 10:00:00+00:00,506.0,69.02,uppsala,5f9fe38afd517828962fde29
25499,2022-03-28 11:00:00+00:00,927.5,66.59,uppsala,5f9fe38afd517828962fde29
25500,2022-03-28 12:00:00+00:00,893.4,51.59,uppsala,5f9fe38afd517828962fde29
25501,2022-03-28 13:00:00+00:00,348.2,46.42,uppsala,5f9fe38afd517828962fde29
25502,2022-03-28 14:00:00+00:00,581.0,31.02,uppsala,5f9fe38afd517828962fde29
25503,2022-03-28 15:00:00+00:00,754.6,22.18,uppsala,5f9fe38afd517828962fde29
25504,2022-03-28 16:00:00+00:00,198.8,3.24,uppsala,5f9fe38afd517828962fde29
25505,2022-03-28 17:00:00+00:00,0.0,0.04,uppsala,5f9fe38afd517828962fde29
25506,2022-03-28 18:00:00+00:00,0.0,0.0,uppsala,5f9fe38afd517828962fde29
25507,2022-03-28 19:00:00+00:00,0.0,0.0,uppsala,5f9fe38afd517828962fde29
25508,2022-03-28 20:00:00+00:00,0.0,0.0,uppsala,5f9fe38afd517828962fde29
25509,2022-03-28 21:00:00+00:00,0.0,0.0,uppsala,5f9fe38afd517828962fde29
25510,2022-03-28 22:00:00+00:00,0.0,0.0,uppsala,5f9fe38afd517828962fde29
25511,2022-03-28 23:00:00+00:00,0.0,0.0,uppsala,5f9fe38afd517828962fde29
25512,2022-03-29 00:00:00+00:00,0.0,0.0,uppsala,5f9fe38afd517828962fde29
25513,2022-03-29 01:00:00+00:00,0.0,0.0,uppsala,5f9fe38afd517828962fde29
25514,2022-03-29 02:00:00+00:00,0.0,0.0,uppsala,5f9fe38afd517828962fde29
25515,2022-03-29 03:00:00+00:00,0.0,0.0,uppsala,5f9fe38afd517828962fde29
25516,2022-03-29 04:00:00+00:00,0.0,0.27,uppsala,5f9fe38afd517828962fde29
25517,2022-03-29 05:00:00+00:00,13.4,5.01,uppsala,5f9fe38afd517828962fde29
25518,2022-03-29 06:00:00+00:00,9.7,10.41,uppsala,5f9fe38afd517828962fde29
25519,2022-03-29 07:00:00+00:00,199.5,16.18,uppsala,5f9fe38afd517828962fde29
25520,2022-03-29 08:00:00+00:00,25.1,25.75,uppsala,5f9fe38afd517828962fde29
25521,2022-03-29 09:00:00+00:00,62.4,31.88,uppsala,5f9fe38afd517828962fde29
25522,2022-03-29 10:00:00+00:00,188.0,50.0,uppsala,5f9fe38afd517828962fde29
25523,2022-03-29 11:00:00+00:00,608.9,42.83,uppsala,5f9fe38afd517828962fde29
25524,2022-03-29 12:00:00+00:00,310.4,31.82,uppsala,5f9fe38afd517828962fde29
25525,2022-03-29 13:00:00+00:00,251.0,58.4,uppsala,5f9fe38afd517828962fde29
25526,2022-03-29 14:00:00+00:00,51.4,40.34,uppsala,5f9fe38afd517828962fde29
25527,2022-03-29 15:00:00+00:00,778.2,18.94,uppsala,5f9fe38afd517828962fde29
25528,2022-03-29 16:00:00+00:00,617.3,9.86,uppsala,5f9fe38afd517828962fde29
25529,2022-03-29 17:00:00+00:00,256.3,0.78,uppsala,5f9fe38afd517828962fde29
25530,2022-03-29 18:00:00+00:00,0.0,0.0,uppsala,5f9fe38afd517828962fde29
25531,2022-03-29 19:00:00+00:00,0.0,0.0,uppsala,5f9fe38afd517828962fde29
25532,2022-03-29 20:00:00+00:00,0.0,0.0,uppsala,5f9fe38afd517828962fde29
25533,2022-03-29 21:00:00+00:00,0.0,0.0,uppsala,5f9fe38afd517828962fde29
25534,2022-03-29 22:00:00+00:00,0.0,0.0,uppsala,5f9fe38afd517828962fde29
25535,2022-03-29 23:00:00+00:00,0.0,0.0,uppsala,5f9fe38afd517828962fde29
25536,2022-03-30 00:00:00+00:00,0.0,0.0,uppsala,5f9fe38afd517828962fde29
25537,2022-03-30 01:00:00+00:00,0.0,0.0,uppsala,5f9fe38afd517828962fde29
25538,2022-03-30 02:00:00+00:00,0.0,0.0,uppsala,5f9fe38afd517828962fde29
25539,2022-03-30 03:00:00+00:00,0.0,0.0,uppsala,5f9fe38afd517828962fde29
25540,2022-03-30 04:00:00+00:00,0.0,1.4,uppsala,5f9fe38afd517828962fde29
25541,2022-03-30 05:00:00+00:00,395.8,13.22,uppsala,5f9fe38afd517828962fde29
25542,2022-03-30 06:00:00+00:00,701.6,30.49,uppsala,5f9fe38afd517828962fde29
25543,2022-03-30 07:00:00+00:00,834.7,46.62,uppsala,5f9fe38afd517828962fde29
25544,2022-03-30 08:00:00+00:00,907.9,60.09,uppsala,5f9fe38afd517828962fde29
25545,2022-03-30 09:00:00+00:00,944.1,70.51,uppsala,5f9fe38afd517828962fde29
25546,2022-03-30 10:00:00+00:00,960.6,73.26,uppsala,5f9fe38afd517828962fde29
25547,2022-03-30 11:00:00+00:00,964.3,69.65,uppsala,5f9fe38afd517828962fde29
25548,2022-03-30 12:00:00+00:00,932.4,60.13,uppsala,5f9fe38afd517828962fde29
25549,2022-03-30 13:00:00+00:00,442.6,26.88,uppsala,5f9fe38afd517828962fde29
25550,2022-03-30 14:00:00+00:00,259.1,41.42,uppsala,5f9fe38afd517828962fde29
25551,2022-03-30 15:00:00+00:00,118.7,17.62,uppsala,5f9fe38afd517828962fde29
25552,2022-03-30 16:00:00+00:00,565.0,8.78,uppsala,5f9fe38afd517828962fde29
25553,2022-03-30 17:00:00+00:00,209.2,0.51,uppsala,5f9fe38afd517828962fde29
25554,2022-03-30 18:00:00+00:00,0.0,0.0,uppsala,5f9fe38afd517828962fde29
25555,2022-03-30 19:00:00+00:00,0.0,0.0,uppsala,5f9fe38afd517828962fde29
25556,2022-03-30 20:00:00+00:00,0.0,0.0,uppsala,5f9fe38afd517828962fde29
25557,2022-03-30 21:00:00+00:00,0.0,0.0,uppsala,5f9fe38afd517828962fde29
25558,2022-03-30 22:00:00+00:00,0.0,0.0,uppsala,5f9fe38afd517828962fde29
25559,2022-03-30 23:00:00+00:00,0.0,0.0,uppsala,5f9fe38afd517828962fde29
25560,2022-03-31 00:00:00+00:00,0.0,0.0,uppsala,5f9fe38afd517828962fde29
25561,2022-03-31 01:00:00+00:00,0.0,0.0,uppsala,5f9fe38afd517828962fde29
25562,2022-03-31 02:00:00+00:00,0.0,0.0,uppsala,5f9fe38afd517828962fde29
25563,2022-03-31 03:00:00+00:00,0.0,0.0,uppsala,5f9fe38afd517828962fde29
25564,2022-03-31 04:00:00+00:00,0.0,1.62,uppsala,5f9fe38afd517828962fde29
25565,2022-03-31 05:00:00+00:00,321.4,13.78,uppsala,5f9fe38afd517828962fde29
25566,2022-03-31 06:00:00+00:00,624.1,31.01,uppsala,5f9fe38afd517828962fde29
25567,2022-03-31 07:00:00+00:00,766.4,27.91,uppsala,5f9fe38afd517828962fde29
25568,2022-03-31 08:00:00+00:00,843.6,9.08,uppsala,5f9fe38afd517828962fde29
25569,2022-03-31 09:00:00+00:00,882.7,69.98,uppsala,5f9fe38afd517828962fde29
25570,2022-03-31 10:00:00+00:00,895.7,40.95,uppsala,5f9fe38afd517828962fde29
25571,2022-03-31 11:00:00+00:00,230.0,77.85,uppsala,5f9fe38afd517828962fde29
25572,2022-03-31 12:00:00+00:00,179.1,42.65,uppsala,5f9fe38afd517828962fde29
25573,2022-03-31 13:00:00+00:00,525.0,16.84,uppsala,5f9fe38afd517828962fde29
25574,2022-03-31 14:00:00+00:00,10.0,23.92,uppsala,5f9fe38afd517828962fde29
25575,2022-03-31 15:00:00+00:00,379.9,21.64,uppsala,5f9fe38afd517828962fde29
25576,2022-03-31 16:00:00+00:00,120.0,7.52,uppsala,5f9fe38afd517828962fde29
25577,2022-03-31 17:00:00+00:00,200.2,0.16,uppsala,5f9fe38afd517828962fde29
25578,2022-03-31 18:00:00+00:00,0.0,0.0,uppsala,5f9fe38afd517828962fde29
25579,2022-03-31 19:00:00+00:00,0.0,0.0,uppsala,5f9fe38afd517828962fde29
25580,2022-03-31 20:00:00+00:00,0.0,0.0,uppsala,5f9fe38afd517828962fde29
25581,2022-03-31 21:00:00+00:00,0.0,0.0,uppsala,5f9fe38afd517828962fde29
25582,2022-03-31 22:00:00+00:00,0.0,0.0,uppsala,5f9fe38afd517828962fde29
25583,2022-03-31 23:00:00+00:00,0.0,0.0,uppsala,5f9fe38afd517828962fde29
25584,2022-04-01 00:00:00+00:00,0.0,0.0,uppsala,5f9fe38afd517828962fde29
25585,2022-04-01 01:00:00+00:00,0.0,0.0,uppsala,5f9fe38afd517828962fde29
25586,2022-04-01 02:00:00+00:00,0.0,0.0,uppsala,5f9fe38afd517828962fde29
25587,2022-04-01 03:00:00+00:00,0.0,0.0,uppsala,5f9fe38afd517828962fde29
25588,2022-04-01 04:00:00+00:00,0.0,0.31,uppsala,5f9fe38afd517828962fde29
25589,2022-04-01 05:00:00+00:00,81.6,5.63,uppsala,5f9fe38afd517828962fde29
25590,2022-04-01 06:00:00+00:00,163.6,8.32,uppsala,5f9fe38afd517828962fde29
25591,2022-04-01 07:00:00+00:00,8.9,14.98,uppsala,5f9fe38afd517828962fde29
25592,2022-04-01 08:00:00+00:00,27.6,32.15,uppsala,5f9fe38afd517828962fde29
25593,2022-04-01 09:00:00+00:00,17.0,36.86,uppsala,5f9fe38afd517828962fde29
25594,2022-04-01 10:00:00+00:00,208.1,31.78,uppsala,5f9fe38afd517828962fde29
25595,2022-04-01 11:00:00+00:00,354.1,39.78,uppsala,5f9fe38afd517828962fde29
25596,2022-04-01 12:00:00+00:00,48.3,60.24,uppsala,5f9fe38afd517828962fde29
25597,2022-04-01 13:00:00+00:00,24.0,37.88,uppsala,5f9fe38afd517828962fde29
25598,2022-04-01 14:00:00+00:00,46.5,33.84,uppsala,5f9fe38afd517828962fde29
25599,2022-04-01 15:00:00+00:00,110.5,23.64,uppsala,5f9fe38afd517828962fde29
25600,2022-04-01 16:00:00+00:00,584.3,10.56,uppsala,5f9fe38afd517828962fde29
25601,2022-04-01 17:00:00+00:00,249.8,0.88,uppsala,5f9fe38afd517828962fde29
25602,2022-04-01 18:00:00+00:00,0.0,0.0,uppsala,5f9fe38afd517828962fde29
25603,2022-04-01 19:00:00+00:00,0.0,0.0,uppsala,5f9fe38afd517828962fde29
25604,2022-04-01 20:00:00+00:00,0.0,0.0,uppsala,5f9fe38afd517828962fde29
25605,2022-04-01 21:00:00+00:00,0.0,0.0,uppsala,5f9fe38afd517828962fde29
25606,2022-04-01 22:00:00+00:00,0.0,0.0,uppsala,5f9fe38afd517828962fde29
25607,2022-04-01 23:00:00+00:00,0.0,0.0,uppsala,5f9fe38afd517828962fde29
25608,2022-04-02 00:00:00+00:00,0.0,0.0,uppsala,5f9fe38afd517828962fde29
25609,2022-04-02 01:00:00+00:00,0.0,0.0,uppsala,5f9fe38afd517828962fde29
25610,2022-04-02 02:00:00+00:00,0.0,0.0,uppsala,5f9fe38afd517828962fde29
25611,2022-04-02 03:00:00+00:00,0.0,0.0,uppsala,5f9fe38afd517828962fde29
25612,2022-04-02 04:00:00+00:00,0.0,2.32,uppsala,5f9fe38afd517828962fde29
25613,2022-04-02 05:00:00+00:00,412.0,15.33,uppsala,5f9fe38afd517828962fde29
25614,2022-04-02 06:00:00+00:00,685.3,32.57,uppsala,5f9fe38afd517828962fde29
25615,2022-04-02 07:00:00+00:00,811.7,49.0,uppsala,5f9fe38afd517828962fde29
25616,2022-04-02 08:00:00+00:00,876.2,59.83,uppsala,5f9fe38afd517828962fde29
25617,2022-04-02 09:00:00+00:00,908.6,73.64,uppsala,5f9fe38afd517828962fde29
25618,2022-04-02 10:00:00+00:00,913.0,73.34,uppsala,5f9fe38afd517828962fde29
25619,2022-04-02 11:00:00+00:00,800.2,56.92,uppsala,5f9fe38afd517828962fde29
25620,2022-04-02 12:00:00+00:00,913.9,67.99,uppsala,5f9fe38afd517828962fde29
25621,2022-04-02 13:00:00+00:00,905.2,56.39,uppsala,5f9fe38afd517828962fde29
25622,2022-04-02 14:00:00+00:00,867.8,43.14,uppsala,5f9fe38afd517828962fde29
25623,2022-04-02 15:00:00+00:00,798.6,26.18,uppsala,5f9fe38afd517828962fde29
25624,2022-04-02 16:00:00+00:00,654.5,11.44,uppsala,5f9fe38afd517828962fde29
25625,2022-04-02 17:00:00+00:00,346.0,1.01,uppsala,5f9fe38afd517828962fde29
25626,2022-04-02 18:00:00+00:00,0.0,0.0,uppsala,5f9fe38afd517828962fde29
25627,2022-04-02 19:00:00+00:00,0.0,0.0,uppsala,5f9fe38afd517828962fde29
25628,2022-04-02 20:00:00+00:00,0.0,0.0,uppsala,5f9fe38afd517828962fde29
25629,2022-04-02 21:00:00+00:00,0.0,0.0,uppsala,5f9fe38afd517828962fde29
25630,2022-04-02 22:00:00+00:00,0.0,0.0,uppsala,5f9fe38afd517828962fde29
25631,2022-04-02 23:00:00+00:00,0.0,0.0,uppsala,5f9fe38afd517828962fde29
25632,2022-04-03 00:00:00+00:00,0.0,0.0,uppsala,5f9fe38afd517828962fde29
25633,2022-04-03 01:00:00+00:00,0.0,0.0,uppsala,5f9fe38afd517828962fde29
25634,2022-04-03 02:00:00+00:00,0.0,0.0,uppsala,5f9fe38afd517828962fde29
25635,2022-04-03 03:00:00+00:00,0.0,0.0,uppsala,5f9fe38afd517828962fde29
25636,2022-04-03 04:00:00+00:00,0.0,3.53,uppsala,5f9fe38afd517828962fde29
25637,2022-04-03 05:00:00+00:00,191.2,16.75,uppsala,5f9fe38afd517828962fde29
25638,2022-04-03 06:00:00+00:00,641.7,31.5,uppsala,5f9fe38afd517828962fde29
25639,2022-04-03 07:00:00+00:00,762.2,48.65,uppsala,5f9fe38afd517828962fde29
25640,2022-04-03 08:00:00+00:00,510.7,61.21,uppsala,5f9fe38afd517828962fde29
25641,2022-04-03 09:00:00+00:00,30.4,64.94,uppsala,5f9fe38afd517828962fde29
25642,2022-04-03 10:00:00+00:00,12.9,62.33,uppsala,5f9fe38afd517828962fde29
25643,2022-04-03 11:00:00+00:00,13.2,50.83,uppsala,5f9fe38afd517828962fde29
25644,2022-04-03 12:00:00+00:00,216.5,44.39,uppsala,5f9fe38afd517828962fde29
25645,2022-04-03 13:00:00+00:00,11.9,34.41,uppsala,5f9fe38afd517828962fde29
25646,2022-04-03 14:00:00+00:00,10.6,18.21,uppsala,5f9fe38afd517828962fde29
25647,2022-04-03 15:00:00+00:00,235.1,22.64,uppsala,5f9fe38afd517828962fde29
25648,2022-04-03 16:00:00+00:00,0.7000000000000001,7.94,uppsala,5f9fe38afd517828962fde29
25649,2022-04-03 17:00:00+00:00,97.6,0.49,uppsala,5f9fe38afd517828962fde29
25650,2022-04-03 18:00:00+00:00,0.0,0.0,uppsala,5f9fe38afd517828962fde29
25651,2022-04-03 19:00:00+00:00,0.0,0.0,uppsala,5f9fe38afd517828962fde29
25652,2022-04-03 20:00:00+00:00,0.0,0.0,uppsala,5f9fe38afd517828962fde29
25653,2022-04-03 21:00:00+00:00,0.0,0.0,uppsala,5f9fe38afd517828962fde29
25654,2022-04-03 22:00:00+00:00,0.0,0.0,uppsala,5f9fe38afd517828962fde29
25655,2022-04-03 23:00:00+00:00,0.0,0.0,uppsala,5f9fe38afd517828962fde29
25656,2022-04-04 00:00:00+00:00,0.0,0.0,uppsala,5f9fe38afd517828962fde29
25657,2022-04-04 01:00:00+00:00,0.0,0.0,uppsala,5f9fe38afd517828962fde29
25658,2022-04-04 02:00:00+00:00,0.0,0.0,uppsala,5f9fe38afd517828962fde29
25659,2022-04-04 03:00:00+00:00,0.0,0.0,uppsala,5f9fe38afd517828962fde29
25660,2022-04-04 04:00:00+00:00,0.0,0.0,uppsala,5f9fe38afd517828962fde29
25661,2022-04-04 05:00:00+00:00,0.0,0.26,uppsala,5f9fe38afd517828962fde29
25662,2022-04-04 06:00:00+00:00,2.8,1.65,uppsala,5f9fe38afd517828962fde29
25663,2022-04-04 07:00:00+00:00,10.7,2.58,uppsala,5f9fe38afd517828962fde29
25664,2022-04-04 08:00:00+00:00,9.9,5.24,uppsala,5f9fe38afd517828962fde29
25665,2022-04-04 09:00:00+00:00,11.8,15.56,uppsala,5f9fe38afd517828962fde29
25666,2022-04-04 10:00:00+00:00,12.3,13.9,uppsala,5f9fe38afd517828962fde29
25667,2022-04-04 11:00:00+00:00,12.5,16.72,uppsala,5f9fe38afd517828962fde29
25668,2022-04-04 12:00:00+00:00,12.9,14.55,uppsala,5f9fe38afd517828962fde29
25669,2022-04-04 13:00:00+00:00,11.9,10.22,uppsala,5f9fe38afd517828962fde29
25670,2022-04-04 14:00:00+00:00,10.1,6.93,uppsala,5f9fe38afd517828962fde29
25671,2022-04-04 15:00:00+00:00,7.8,3.1,uppsala,5f9fe38afd517828962fde29
25672,2022-04-04 16:00:00+00:00,2.3,0.19,uppsala,5f9fe38afd517828962fde29
25673,2022-04-04 17:00:00+00:00,0.0,0.0,uppsala,5f9fe38afd517828962fde29
25674,2022-04-04 18:00:00+00:00,0.0,0.0,uppsala,5f9fe38afd517828962fde29
25675,2022-04-04 19:00:00+00:00,0.0,0.0,uppsala,5f9fe38afd517828962fde29
25676,2022-04-04 20:00:00+00:00,0.0,0.0,uppsala,5f9fe38afd517828962fde29
25677,2022-04-04 21:00:00+00:00,0.0,0.0,uppsala,5f9fe38afd517828962fde29
25678,2022-04-04 22:00:00+00:00,0.0,0.0,uppsala,5f9fe38afd517828962fde29
25679,2022-04-04 23:00:00+00:00,0.0,0.0,uppsala,5f9fe38afd517828962fde29
25680,2022-04-05 00:00:00+00:00,0.0,0.0,uppsala,5f9fe38afd517828962fde29
25681,2022-04-05 01:00:00+00:00,0.0,0.0,uppsala,5f9fe38afd517828962fde29
25682,2022-04-05 02:00:00+00:00,0.0,0.0,uppsala,5f9fe38afd517828962fde29
25683,2022-04-05 03:00:00+00:00,0.0,0.0,uppsala,5f9fe38afd517828962fde29
25684,2022-04-05 04:00:00+00:00,0.0,0.03,uppsala,5f9fe38afd517828962fde29
25685,2022-04-05 05:00:00+00:00,0.0,2.42,uppsala,5f9fe38afd517828962fde29
25686,2022-04-05 06:00:00+00:00,19.6,9.08,uppsala,5f9fe38afd517828962fde29
25687,2022-04-05 07:00:00+00:00,822.3,13.12,uppsala,5f9fe38afd517828962fde29
25688,2022-04-05 08:00:00+00:00,900.9,18.86,uppsala,5f9fe38afd517828962fde29
25689,2022-04-05 09:00:00+00:00,947.4,35.47,uppsala,5f9fe38afd517828962fde29
25690,2022-04-05 10:00:00+00:00,966.7,49.99,uppsala,5f9fe38afd517828962fde29
25691,2022-04-05 11:00:00+00:00,315.2,33.14,uppsala,5f9fe38afd517828962fde29
25692,2022-04-05 12:00:00+00:00,121.2,58.17,uppsala,5f9fe38afd517828962fde29
25693,2022-04-05 13:00:00+00:00,104.9,51.26,uppsala,5f9fe38afd517828962fde29
25694,2022-04-05 14:00:00+00:00,12.5,17.2,uppsala,5f9fe38afd517828962fde29
25695,2022-04-05 15:00:00+00:00,65.7,20.68,uppsala,5f9fe38afd517828962fde29
25696,2022-04-05 16:00:00+00:00,690.6,6.28,uppsala,5f9fe38afd517828962fde29
25697,2022-04-05 17:00:00+00:00,0.0,1.54,uppsala,5f9fe38afd517828962fde29
25698,2022-04-05 18:00:00+00:00,0.0,0.0,uppsala,5f9fe38afd517828962fde29
25699,2022-04-05 19:00:00+00:00,0.0,0.0,uppsala,5f9fe38afd517828962fde29
25700,2022-04-05 20:00:00+00:00,0.0,0.0,uppsala,5f9fe38afd517828962fde29
25701,2022-04-05 21:00:00+00:00,0.0,0.0,uppsala,5f9fe38afd517828962fde29
25702,2022-04-05 22:00:00+00:00,0.0,0.0,uppsala,5f9fe38afd517828962fde29
25703,2022-04-05 23:00:00+00:00,0.0,0.0,uppsala,5f9fe38afd517828962fde29
25704,2022-04-06 00:00:00+00:00,0.0,0.0,uppsala,5f9fe38afd517828962fde29
25705,2022-04-06 01:00:00+00:00,0.0,0.0,uppsala,5f9fe38afd517828962fde29
25706,2022-04-06 02:00:00+00:00,0.0,0.0,uppsala,5f9fe38afd517828962fde29
25707,2022-04-06 03:00:00+00:00,0.0,0.0,uppsala,5f9fe38afd517828962fde29
25708,2022-04-06 04:00:00+00:00,0.0,2.75,uppsala,5f9fe38afd517828962fde29
25709,2022-04-06 05:00:00+00:00,492.0,10.06,uppsala,5f9fe38afd517828962fde29
25710,2022-04-06 06:00:00+00:00,726.8,18.01,uppsala,5f9fe38afd517828962fde29
25711,2022-04-06 07:00:00+00:00,849.9,32.32,uppsala,5f9fe38afd517828962fde29
25712,2022-04-06 08:00:00+00:00,913.2,59.87,uppsala,5f9fe38afd517828962fde29
25713,2022-04-06 09:00:00+00:00,943.2,76.96,uppsala,5f9fe38afd517828962fde29
25714,2022-04-06 10:00:00+00:00,912.8,76.63,uppsala,5f9fe38afd517828962fde29
25715,2022-04-06 11:00:00+00:00,892.9,77.73,uppsala,5f9fe38afd517828962fde29
25716,2022-04-06 12:00:00+00:00,943.4,68.63,uppsala,5f9fe38afd517828962fde29
25717,2022-04-06 13:00:00+00:00,930.3,51.61,uppsala,5f9fe38afd517828962fde29
25718,2022-04-06 14:00:00+00:00,888.2,33.46,uppsala,5f9fe38afd517828962fde29
25719,2022-04-06 15:00:00+00:00,9.7,18.33,uppsala,5f9fe38afd517828962fde29
25720,2022-04-06 16:00:00+00:00,348.7,8.18,uppsala,5f9fe38afd517828962fde29
25721,2022-04-06 17:00:00+00:00,0.0,0.72,uppsala,5f9fe38afd517828962fde29
25722,2022-04-06 18:00:00+00:00,0.0,0.0,uppsala,5f9fe38afd517828962fde29
25723,2022-04-06 19:00:00+00:00,0.0,0.0,uppsala,5f9fe38afd517828962fde29
25724,2022-04-06 20:00:00+00:00,0.0,0.0,uppsala,5f9fe38afd517828962fde29
25725,2022-04-06 21:00:00+00:00,0.0,0.0,uppsala,5f9fe38afd517828962fde29
25726,2022-04-06 22:00:00+00:00,0.0,0.0,uppsala,5f9fe38afd517828962fde29
25727,2022-04-06 23:00:00+00:00,0.0,0.0,uppsala,5f9fe38afd517828962fde29
25728,2022-04-07 00:00:00+00:00,0.0,0.0,uppsala,5f9fe38afd517828962fde29
25729,2022-04-07 01:00:00+00:00,0.0,0.0,uppsala,5f9fe38afd517828962fde29
25730,2022-04-07 02:00:00+00:00,0.0,0.0,uppsala,5f9fe38afd517828962fde29
25731,2022-04-07 03:00:00+00:00,0.0,0.0,uppsala,5f9fe38afd517828962fde29
25732,2022-04-07 04:00:00+00:00,0.0,2.18,uppsala,5f9fe38afd517828962fde29
25733,2022-04-07 05:00:00+00:00,65.7,10.91,uppsala,5f9fe38afd517828962fde29
25734,2022-04-07 06:00:00+00:00,5.1,22.24,uppsala,5f9fe38afd517828962fde29
25735,2022-04-07 07:00:00+00:00,8.7,35.6,uppsala,5f9fe38afd517828962fde29
25736,2022-04-07 08:00:00+00:00,22.9,33.97,uppsala,5f9fe38afd517828962fde29
25737,2022-04-07 09:00:00+00:00,12.1,44.2,uppsala,5f9fe38afd517828962fde29
25738,2022-04-07 10:00:00+00:00,46.3,46.02,uppsala,5f9fe38afd517828962fde29
25739,2022-04-07 11:00:00+00:00,12.1,37.07,uppsala,5f9fe38afd517828962fde29
25740,2022-04-07 12:00:00+00:00,46.7,26.38,uppsala,5f9fe38afd517828962fde29
25741,2022-04-07 13:00:00+00:00,11.2,19.4,uppsala,5f9fe38afd517828962fde29
25742,2022-04-07 14:00:00+00:00,9.0,14.23,uppsala,5f9fe38afd517828962fde29
25743,2022-04-07 15:00:00+00:00,5.8,4.29,uppsala,5f9fe38afd517828962fde29
25744,2022-04-07 16:00:00+00:00,0.8,0.52,uppsala,5f9fe38afd517828962fde29
25745,2022-04-07 17:00:00+00:00,0.0,0.0,uppsala,5f9fe38afd517828962fde29
25746,2022-04-07 18:00:00+00:00,0.0,0.0,uppsala,5f9fe38afd517828962fde29
25747,2022-04-07 19:00:00+00:00,0.0,0.0,uppsala,5f9fe38afd517828962fde29
25748,2022-04-07 20:00:00+00:00,0.0,0.0,uppsala,5f9fe38afd517828962fde29
25749,2022-04-07 21:00:00+00:00,0.0,0.0,uppsala,5f9fe38afd517828962fde29
25750,2022-04-07 22:00:00+00:00,0.0,0.0,uppsala,5f9fe38afd517828962fde29
25751,2022-04-07 23:00:00+00:00,0.0,0.0,uppsala,5f9fe38afd517828962fde29
25752,2022-04-08 00:00:00+00:00,0.0,0.0,uppsala,5f9fe38afd517828962fde29
25753,2022-04-08 01:00:00+00:00,0.0,0.0,uppsala,5f9fe38afd517828962fde29
25754,2022-04-08 02:00:00+00:00,0.0,0.0,uppsala,5f9fe38afd517828962fde29
25755,2022-04-08 03:00:00+00:00,0.0,0.0,uppsala,5f9fe38afd517828962fde29
25756,2022-04-08 04:00:00+00:00,0.0,0.0,uppsala,5f9fe38afd517828962fde29
25757,2022-04-08 05:00:00+00:00,0.0,0.14,uppsala,5f9fe38afd517828962fde29
25758,2022-04-08 06:00:00+00:00,5.3,1.85,uppsala,5f9fe38afd517828962fde29
25759,2022-04-08 07:00:00+00:00,9.0,4.47,uppsala,5f9fe38afd517828962fde29
25760,2022-04-08 08:00:00+00:00,12.2,2.5,uppsala,5f9fe38afd517828962fde29
25761,2022-04-08 09:00:00+00:00,12.5,4.18,uppsala,5f9fe38afd517828962fde29
25762,2022-04-08 10:00:00+00:00,13.4,11.08,uppsala,5f9fe38afd517828962fde29
25763,2022-04-08 11:00:00+00:00,14.7,11.56,uppsala,5f9fe38afd517828962fde29
25764,2022-04-08 12:00:00+00:00,13.2,10.25,uppsala,5f9fe38afd517828962fde29
25765,2022-04-08 13:00:00+00:00,12.8,10.32,uppsala,5f9fe38afd517828962fde29
25766,2022-04-08 14:00:00+00:00,12.3,5.94,uppsala,5f9fe38afd517828962fde29
25767,2022-04-08 15:00:00+00:00,8.7,2.37,uppsala,5f9fe38afd517828962fde29
25768,2022-04-08 16:00:00+00:00,2.5,0.32,uppsala,5f9fe38afd517828962fde29
25769,2022-04-08 17:00:00+00:00,0.0,0.0,uppsala,5f9fe38afd517828962fde29
25770,2022-04-08 18:00:00+00:00,0.0,0.0,uppsala,5f9fe38afd517828962fde29
25771,2022-04-08 19:00:00+00:00,0.0,0.0,uppsala,5f9fe38afd517828962fde29
25772,2022-04-08 20:00:00+00:00,0.0,0.0,uppsala,5f9fe38afd517828962fde29
25773,2022-04-08 21:00:00+00:00,0.0,0.0,uppsala,5f9fe38afd517828962fde29
25774,2022-04-08 22:00:00+00:00,0.0,0.0,uppsala,5f9fe38afd517828962fde29
25775,2022-04-08 23:00:00+00:00,0.0,0.0,uppsala,5f9fe38afd517828962fde29
25776,2022-04-09 00:00:00+00:00,0.0,0.0,uppsala,5f9fe38afd517828962fde29
25777,2022-04-09 01:00:00+00:00,0.0,0.0,uppsala,5f9fe38afd517828962fde29
25778,2022-04-09 02:00:00+00:00,0.0,0.0,uppsala,5f9fe38afd517828962fde29
25779,2022-04-09 03:00:00+00:00,0.0,0.01,uppsala,5f9fe38afd517828962fde29
25780,2022-04-09 04:00:00+00:00,43.6,3.06,uppsala,5f9fe38afd517828962fde29
25781,2022-04-09 05:00:00+00:00,117.8,8.29,uppsala,5f9fe38afd517828962fde29
25782,2022-04-09 06:00:00+00:00,737.7,12.24,uppsala,5f9fe38afd517828962fde29
25783,2022-04-09 07:00:00+00:00,431.1,13.72,uppsala,5f9fe38afd517828962fde29
25784,2022-04-09 08:00:00+00:00,74.0,9.74,uppsala,5f9fe38afd517828962fde29
25785,2022-04-09 09:00:00+00:00,13.3,7.97,uppsala,5f9fe38afd517828962fde29
25786,2022-04-09 10:00:00+00:00,13.6,9.0,uppsala,5f9fe38afd517828962fde29
25787,2022-04-09 11:00:00+00:00,21.8,8.12,uppsala,5f9fe38afd517828962fde29
25788,2022-04-09 12:00:00+00:00,13.4,10.49,uppsala,5f9fe38afd517828962fde29
25789,2022-04-09 13:00:00+00:00,12.4,13.06,uppsala,5f9fe38afd517828962fde29
25790,2022-04-09 14:00:00+00:00,13.4,18.29,uppsala,5f9fe38afd517828962fde29
25791,2022-04-09 15:00:00+00:00,145.2,12.41,uppsala,5f9fe38afd517828962fde29
25792,2022-04-09 16:00:00+00:00,36.0,9.15,uppsala,5f9fe38afd517828962fde29
25793,2022-04-09 17:00:00+00:00,345.7,0.23,uppsala,5f9fe38afd517828962fde29
25794,2022-04-09 18:00:00+00:00,0.0,0.0,uppsala,5f9fe38afd517828962fde29
25795,2022-04-09 19:00:00+00:00,0.0,0.0,uppsala,5f9fe38afd517828962fde29
25796,2022-04-09 20:00:00+00:00,0.0,0.0,uppsala,5f9fe38afd517828962fde29
25797,2022-04-09 21:00:00+00:00,0.0,0.0,uppsala,5f9fe38afd517828962fde29
25798,2022-04-09 22:00:00+00:00,0.0,0.0,uppsala,5f9fe38afd517828962fde29
25799,2022-04-09 23:00:00+00:00,0.0,0.0,uppsala,5f9fe38afd517828962fde29
25800,2022-04-10 00:00:00+00:00,0.0,0.0,uppsala,5f9fe38afd517828962fde29
25801,2022-04-10 01:00:00+00:00,0.0,0.0,uppsala,5f9fe38afd517828962fde29
25802,2022-04-10 02:00:00+00:00,0.0,0.0,uppsala,5f9fe38afd517828962fde29
25803,2022-04-10 03:00:00+00:00,0.0,0.01,uppsala,5f9fe38afd517828962fde29
25804,2022-04-10 04:00:00+00:00,43.9,3.1,uppsala,5f9fe38afd517828962fde29
25805,2022-04-10 05:00:00+00:00,4.4,12.06,uppsala,5f9fe38afd517828962fde29
25806,2022-04-10 06:00:00+00:00,644.4,23.47,uppsala,5f9fe38afd517828962fde29
25807,2022-04-10 07:00:00+00:00,813.2,34.13,uppsala,5f9fe38afd517828962fde29
25808,2022-04-10 08:00:00+00:00,870.3,45.35,uppsala,5f9fe38afd517828962fde29
25809,2022-04-10 09:00:00+00:00,825.5,49.85,uppsala,5f9fe38afd517828962fde29
25810,2022-04-10 10:00:00+00:00,284.4,47.49,uppsala,5f9fe38afd517828962fde29
25811,2022-04-10 11:00:00+00:00,381.4,60.93,uppsala,5f9fe38afd517828962fde29
25812,2022-04-10 12:00:00+00:00,75.7,51.84,uppsala,5f9fe38afd517828962fde29
25813,2022-04-10 13:00:00+00:00,33.0,40.21,uppsala,5f9fe38afd517828962fde29
25814,2022-04-10 14:00:00+00:00,26.3,26.24,uppsala,5f9fe38afd517828962fde29
25815,2022-04-10 15:00:00+00:00,23.3,19.01,uppsala,5f9fe38afd517828962fde29
25816,2022-04-10 16:00:00+00:00,17.0,8.56,uppsala,5f9fe38afd517828962fde29
25817,2022-04-10 17:00:00+00:00,10.0,1.33,uppsala,5f9fe38afd517828962fde29
25818,2022-04-10 18:00:00+00:00,0.0,0.0,uppsala,5f9fe38afd517828962fde29
25819,2022-04-10 19:00:00+00:00,0.0,0.0,uppsala,5f9fe38afd517828962fde29
25820,2022-04-10 20:00:00+00:00,0.0,0.0,uppsala,5f9fe38afd517828962fde29
25821,2022-04-10 21:00:00+00:00,0.0,0.0,uppsala,5f9fe38afd517828962fde29
25822,2022-04-10 22:00:00+00:00,0.0,0.0,uppsala,5f9fe38afd517828962fde29
25823,2022-04-10 23:00:00+00:00,0.0,0.0,uppsala,5f9fe38afd517828962fde29
25824,2022-04-11 00:00:00+00:00,0.0,0.0,uppsala,5f9fe38afd517828962fde29
25825,2022-04-11 01:00:00+00:00,0.0,0.0,uppsala,5f9fe38afd517828962fde29
25826,2022-04-11 02:00:00+00:00,0.0,0.0,uppsala,5f9fe38afd517828962fde29
25827,2022-04-11 03:00:00+00:00,0.0,0.0,uppsala,5f9fe38afd517828962fde29
25828,2022-04-11 04:00:00+00:00,119.4,6.15,uppsala,5f9fe38afd517828962fde29
25829,2022-04-11 05:00:00+00:00,552.6,21.47,uppsala,5f9fe38afd517828962fde29
25830,2022-04-11 06:00:00+00:00,738.7,40.09,uppsala,5f9fe38afd517828962fde29
25831,2022-04-11 07:00:00+00:00,837.6,56.74,uppsala,5f9fe38afd517828962fde29
25832,2022-04-11 08:00:00+00:00,896.4,70.62,uppsala,5f9fe38afd517828962fde29
25833,2022-04-11 09:00:00+00:00,926.6,79.75,uppsala,5f9fe38afd517828962fde29
25834,2022-04-11 10:00:00+00:00,938.7,82.5,uppsala,5f9fe38afd517828962fde29
25835,2022-04-11 11:00:00+00:00,938.6,79.85,uppsala,5f9fe38afd517828962fde29
25836,2022-04-11 12:00:00+00:00,929.5,74.52,uppsala,5f9fe38afd517828962fde29
25837,2022-04-11 13:00:00+00:00,903.7,63.04,uppsala,5f9fe38afd517828962fde29
25838,2022-04-11 14:00:00+00:00,858.2,48.62,uppsala,5f9fe38afd517828962fde29
25839,2022-04-11 15:00:00+00:00,778.4,31.84,uppsala,5f9fe38afd517828962fde29
25840,2022-04-11 16:00:00+00:00,637.1,15.36,uppsala,5f9fe38afd517828962fde29
25841,2022-04-11 17:00:00+00:00,386.3,3.57,uppsala,5f9fe38afd517828962fde29
25842,2022-04-11 18:00:00+00:00,0.0,0.0,uppsala,5f9fe38afd517828962fde29
25843,2022-04-11 19:00:00+00:00,0.0,0.0,uppsala,5f9fe38afd517828962fde29
25844,2022-04-11 20:00:00+00:00,0.0,0.0,uppsala,5f9fe38afd517828962fde29
25845,2022-04-11 21:00:00+00:00,0.0,0.0,uppsala,5f9fe38afd517828962fde29
25846,2022-04-11 22:00:00+00:00,0.0,0.0,uppsala,5f9fe38afd517828962fde29
25847,2022-04-11 23:00:00+00:00,0.0,0.0,uppsala,5f9fe38afd517828962fde29
25848,2022-04-12 00:00:00+00:00,0.0,0.0,uppsala,5f9fe38afd517828962fde29
25849,2022-04-12 01:00:00+00:00,0.0,0.0,uppsala,5f9fe38afd517828962fde29
25850,2022-04-12 02:00:00+00:00,0.0,0.0,uppsala,5f9fe38afd517828962fde29
25851,2022-04-12 03:00:00+00:00,0.0,0.09,uppsala,5f9fe38afd517828962fde29
25852,2022-04-12 04:00:00+00:00,153.6,7.56,uppsala,5f9fe38afd517828962fde29
25853,2022-04-12 05:00:00+00:00,573.2,20.92,uppsala,5f9fe38afd517828962fde29
25854,2022-04-12 06:00:00+00:00,760.9,35.55,uppsala,5f9fe38afd517828962fde29
25855,2022-04-12 07:00:00+00:00,855.0,55.82,uppsala,5f9fe38afd517828962fde29
25856,2022-04-12 08:00:00+00:00,164.5,64.54,uppsala,5f9fe38afd517828962fde29
25857,2022-04-12 09:00:00+00:00,154.0,72.83,uppsala,5f9fe38afd517828962fde29
25858,2022-04-12 10:00:00+00:00,36.8,76.36,uppsala,5f9fe38afd517828962fde29
25859,2022-04-12 11:00:00+00:00,956.9,73.81,uppsala,5f9fe38afd517828962fde29
25860,2022-04-12 12:00:00+00:00,947.3,67.37,uppsala,5f9fe38afd517828962fde29
25861,2022-04-12 13:00:00+00:00,925.3,56.55,uppsala,5f9fe38afd517828962fde29
25862,2022-04-12 14:00:00+00:00,886.6,54.89,uppsala,5f9fe38afd517828962fde29
25863,2022-04-12 15:00:00+00:00,24.2,31.67,uppsala,5f9fe38afd517828962fde29
25864,2022-04-12 16:00:00+00:00,9.9,10.04,uppsala,5f9fe38afd517828962fde29
25865,2022-04-12 17:00:00+00:00,0.0,2.49,uppsala,5f9fe38afd517828962fde29
25866,2022-04-12 18:00:00+00:00,0.0,0.0,uppsala,5f9fe38afd517828962fde29
25867,2022-04-12 19:00:00+00:00,0.0,0.0,uppsala,5f9fe38afd517828962fde29
25868,2022-04-12 20:00:00+00:00,0.0,0.0,uppsala,5f9fe38afd517828962fde29
25869,2022-04-12 21:00:00+00:00,0.0,0.0,uppsala,5f9fe38afd517828962fde29
25870,2022-04-12 22:00:00+00:00,0.0,0.0,uppsala,5f9fe38afd517828962fde29
25871,2022-04-12 23:00:00+00:00,0.0,0.0,uppsala,5f9fe38afd517828962fde29
25872,2022-04-13 00:00:00+00:00,0.0,0.0,uppsala,5f9fe38afd517828962fde29
25873,2022-04-13 01:00:00+00:00,0.0,0.0,uppsala,5f9fe38afd517828962fde29
25874,2022-04-13 02:00:00+00:00,0.0,0.0,uppsala,5f9fe38afd517828962fde29
25875,2022-04-13 03:00:00+00:00,0.0,0.13,uppsala,5f9fe38afd517828962fde29
25876,2022-04-13 04:00:00+00:00,0.0,3.81,uppsala,5f9fe38afd517828962fde29
25877,2022-04-13 05:00:00+00:00,0.9,9.18,uppsala,5f9fe38afd517828962fde29
25878,2022-04-13 06:00:00+00:00,8.3,18.46,uppsala,5f9fe38afd517828962fde29
25879,2022-04-13 07:00:00+00:00,20.8,39.29,uppsala,5f9fe38afd517828962fde29
25880,2022-04-13 08:00:00+00:00,11.0,40.94,uppsala,5f9fe38afd517828962fde29
25881,2022-04-13 09:00:00+00:00,60.8,42.43,uppsala,5f9fe38afd517828962fde29
25882,2022-04-13 10:00:00+00:00,43.0,42.75,uppsala,5f9fe38afd517828962fde29
25883,2022-04-13 11:00:00+00:00,20.9,36.21,uppsala,5f9fe38afd517828962fde29
25884,2022-04-13 12:00:00+00:00,25.9,20.92,uppsala,5f9fe38afd517828962fde29
25885,2022-04-13 13:00:00+00:00,8.3,14.96,uppsala,5f9fe38afd517828962fde29
25886,2022-04-13 14:00:00+00:00,18.0,11.24,uppsala,5f9fe38afd517828962fde29
25887,2022-04-13 15:00:00+00:00,4.6,5.36,uppsala,5f9fe38afd517828962fde29
25888,2022-04-13 16:00:00+00:00,0.0,5.15,uppsala,5f9fe38afd517828962fde29
25889,2022-04-13 17:00:00+00:00,0.1,1.65,uppsala,5f9fe38afd517828962fde29
25890,2022-04-13 18:00:00+00:00,0.0,0.0,uppsala,5f9fe38afd517828962fde29
25891,2022-04-13 19:00:00+00:00,0.0,0.0,uppsala,5f9fe38afd517828962fde29
25892,2022-04-13 20:00:00+00:00,0.0,0.0,uppsala,5f9fe38afd517828962fde29
25893,2022-04-13 21:00:00+00:00,0.0,0.0,uppsala,5f9fe38afd517828962fde29
25894,2022-04-13 22:00:00+00:00,0.0,0.0,uppsala,5f9fe38afd517828962fde29
25895,2022-04-13 23:00:00+00:00,0.0,0.0,uppsala,5f9fe38afd517828962fde29
25896,2022-04-14 00:00:00+00:00,0.0,0.0,uppsala,5f9fe38afd517828962fde29
25897,2022-04-14 01:00:00+00:00,0.0,0.0,uppsala,5f9fe38afd517828962fde29
25898,2022-04-14 02:00:00+00:00,0.0,0.0,uppsala,5f9fe38afd517828962fde29
25899,2022-04-14 03:00:00+00:00,0.0,0.0,uppsala,5f9fe38afd517828962fde29
25900,2022-04-14 04:00:00+00:00,0.0,0.39,uppsala,5f9fe38afd517828962fde29
25901,2022-04-14 05:00:00+00:00,2.8,1.97,uppsala,5f9fe38afd517828962fde29
25902,2022-04-14 06:00:00+00:00,0.2,3.94,uppsala,5f9fe38afd517828962fde29
25903,2022-04-14 07:00:00+00:00,17.1,5.92,uppsala,5f9fe38afd517828962fde29
25904,2022-04-14 08:00:00+00:00,5.4,4.8,uppsala,5f9fe38afd517828962fde29
25905,2022-04-14 09:00:00+00:00,7.4,13.91,uppsala,5f9fe38afd517828962fde29
25906,2022-04-14 10:00:00+00:00,8.6,11.03,uppsala,5f9fe38afd517828962fde29
25907,2022-04-14 11:00:00+00:00,9.2,10.39,uppsala,5f9fe38afd517828962fde29
25908,2022-04-14 12:00:00+00:00,9.6,13.69,uppsala,5f9fe38afd517828962fde29
25909,2022-04-14 13:00:00+00:00,8.7,20.14,uppsala,5f9fe38afd517828962fde29
25910,2022-04-14 14:00:00+00:00,7.5,15.21,uppsala,5f9fe38afd517828962fde29
25911,2022-04-14 15:00:00+00:00,4.4,5.77,uppsala,5f9fe38afd517828962fde29
25912,2022-04-14 16:00:00+00:00,1.4,1.9,uppsala,5f9fe38afd517828962fde29
25913,2022-04-14 17:00:00+00:00,0.0,0.5,uppsala,5f9fe38afd517828962fde29
25914,2022-04-14 18:00:00+00:00,0.0,0.0,uppsala,5f9fe38afd517828962fde29
25915,2022-04-14 19:00:00+00:00,0.0,0.0,uppsala,5f9fe38afd517828962fde29
25916,2022-04-14 20:00:00+00:00,0.0,0.0,uppsala,5f9fe38afd517828962fde29
25917,2022-04-14 21:00:00+00:00,0.0,0.0,uppsala,5f9fe38afd517828962fde29
25918,2022-04-14 22:00:00+00:00,0.0,0.0,uppsala,5f9fe38afd517828962fde29
25919,2022-04-14 23:00:00+00:00,0.0,0.0,uppsala,5f9fe38afd517828962fde29
25920,2022-04-15 00:00:00+00:00,0.0,0.0,uppsala,5f9fe38afd517828962fde29
25921,2022-04-15 01:00:00+00:00,0.0,0.0,uppsala,5f9fe38afd517828962fde29
25922,2022-04-15 02:00:00+00:00,0.0,0.0,uppsala,5f9fe38afd517828962fde29
25923,2022-04-15 03:00:00+00:00,0.0,0.12,uppsala,5f9fe38afd517828962fde29
25924,2022-04-15 04:00:00+00:00,0.0,3.56,uppsala,5f9fe38afd517828962fde29
25925,2022-04-15 05:00:00+00:00,0.0,22.0,uppsala,5f9fe38afd517828962fde29
25926,2022-04-15 06:00:00+00:00,39.4,41.07,uppsala,5f9fe38afd517828962fde29
25927,2022-04-15 07:00:00+00:00,813.8,61.25,uppsala,5f9fe38afd517828962fde29
25928,2022-04-15 08:00:00+00:00,872.4,73.55,uppsala,5f9fe38afd517828962fde29
25929,2022-04-15 09:00:00+00:00,904.5,64.73,uppsala,5f9fe38afd517828962fde29
25930,2022-04-15 10:00:00+00:00,877.0,45.85,uppsala,5f9fe38afd517828962fde29
25931,2022-04-15 11:00:00+00:00,661.6,61.74,uppsala,5f9fe38afd517828962fde29
25932,2022-04-15 12:00:00+00:00,743.0,58.57,uppsala,5f9fe38afd517828962fde29
25933,2022-04-15 13:00:00+00:00,888.5,66.68,uppsala,5f9fe38afd517828962fde29
25934,2022-04-15 14:00:00+00:00,855.1,50.13,uppsala,5f9fe38afd517828962fde29
25935,2022-04-15 15:00:00+00:00,818.5,33.66,uppsala,5f9fe38afd517828962fde29
25936,2022-04-15 16:00:00+00:00,710.3,17.22,uppsala,5f9fe38afd517828962fde29
25937,2022-04-15 17:00:00+00:00,509.8,5.24,uppsala,5f9fe38afd517828962fde29
25938,2022-04-15 18:00:00+00:00,18.7,0.0,uppsala,5f9fe38afd517828962fde29
25939,2022-04-15 19:00:00+00:00,0.0,0.0,uppsala,5f9fe38afd517828962fde29
25940,2022-04-15 20:00:00+00:00,0.0,0.0,uppsala,5f9fe38afd517828962fde29
25941,2022-04-15 21:00:00+00:00,0.0,0.0,uppsala,5f9fe38afd517828962fde29
25942,2022-04-15 22:00:00+00:00,0.0,0.0,uppsala,5f9fe38afd517828962fde29
25943,2022-04-15 23:00:00+00:00,0.0,0.0,uppsala,5f9fe38afd517828962fde29
25944,2022-04-16 00:00:00+00:00,0.0,0.0,uppsala,5f9fe38afd517828962fde29
25945,2022-04-16 01:00:00+00:00,0.0,0.0,uppsala,5f9fe38afd517828962fde29
25946,2022-04-16 02:00:00+00:00,0.0,0.0,uppsala,5f9fe38afd517828962fde29
25947,2022-04-16 03:00:00+00:00,0.0,0.61,uppsala,5f9fe38afd517828962fde29
25948,2022-04-16 04:00:00+00:00,245.8,7.76,uppsala,5f9fe38afd517828962fde29
25949,2022-04-16 05:00:00+00:00,595.8,24.39,uppsala,5f9fe38afd517828962fde29
25950,2022-04-16 06:00:00+00:00,754.0,43.75,uppsala,5f9fe38afd517828962fde29
25951,2022-04-16 07:00:00+00:00,849.3,58.88,uppsala,5f9fe38afd517828962fde29
25952,2022-04-16 08:00:00+00:00,796.2,70.95,uppsala,5f9fe38afd517828962fde29
25953,2022-04-16 09:00:00+00:00,538.3,68.06,uppsala,5f9fe38afd517828962fde29
25954,2022-04-16 10:00:00+00:00,211.5,83.91,uppsala,5f9fe38afd517828962fde29
25955,2022-04-16 11:00:00+00:00,172.4,75.74,uppsala,5f9fe38afd517828962fde29
25956,2022-04-16 12:00:00+00:00,66.5,58.01,uppsala,5f9fe38afd517828962fde29
25957,2022-04-16 13:00:00+00:00,614.0,59.56,uppsala,5f9fe38afd517828962fde29
25958,2022-04-16 14:00:00+00:00,31.6,44.9,uppsala,5f9fe38afd517828962fde29
25959,2022-04-16 15:00:00+00:00,527.4,23.9,uppsala,5f9fe38afd517828962fde29
25960,2022-04-16 16:00:00+00:00,145.1,11.6,uppsala,5f9fe38afd517828962fde29
25961,2022-04-16 17:00:00+00:00,0.5,1.61,uppsala,5f9fe38afd517828962fde29
25962,2022-04-16 18:00:00+00:00,0.0,0.0,uppsala,5f9fe38afd517828962fde29
25963,2022-04-16 19:00:00+00:00,0.0,0.0,uppsala,5f9fe38afd517828962fde29
25964,2022-04-16 20:00:00+00:00,0.0,0.0,uppsala,5f9fe38afd517828962fde29
25965,2022-04-16 21:00:00+00:00,0.0,0.0,uppsala,5f9fe38afd517828962fde29
25966,2022-04-16 22:00:00+00:00,0.0,0.0,uppsala,5f9fe38afd517828962fde29
25967,2022-04-16 23:00:00+00:00,0.0,0.0,uppsala,5f9fe38afd517828962fde29
25968,2022-04-17 00:00:00+00:00,0.0,0.0,uppsala,5f9fe38afd517828962fde29
25969,2022-04-17 01:00:00+00:00,0.0,0.0,uppsala,5f9fe38afd517828962fde29
25970,2022-04-17 02:00:00+00:00,0.0,0.0,uppsala,5f9fe38afd517828962fde29
25971,2022-04-17 03:00:00+00:00,0.0,0.24,uppsala,5f9fe38afd517828962fde29
25972,2022-04-17 04:00:00+00:00,0.0,6.83,uppsala,5f9fe38afd517828962fde29
25973,2022-04-17 05:00:00+00:00,390.8,22.24,uppsala,5f9fe38afd517828962fde29
25974,2022-04-17 06:00:00+00:00,599.7,42.99,uppsala,5f9fe38afd517828962fde29
25975,2022-04-17 07:00:00+00:00,559.3,55.38,uppsala,5f9fe38afd517828962fde29
25976,2022-04-17 08:00:00+00:00,363.4,60.75,uppsala,5f9fe38afd517828962fde29
25977,2022-04-17 09:00:00+00:00,586.7,77.94,uppsala,5f9fe38afd517828962fde29
25978,2022-04-17 10:00:00+00:00,920.1,81.84,uppsala,5f9fe38afd517828962fde29
25979,2022-04-17 11:00:00+00:00,918.6,77.35,uppsala,5f9fe38afd517828962fde29
25980,2022-04-17 12:00:00+00:00,905.2,71.6,uppsala,5f9fe38afd517828962fde29
25981,2022-04-17 13:00:00+00:00,879.4,59.35,uppsala,5f9fe38afd517828962fde29
25982,2022-04-17 14:00:00+00:00,806.2,40.99,uppsala,5f9fe38afd517828962fde29
25983,2022-04-17 15:00:00+00:00,370.1,27.31,uppsala,5f9fe38afd517828962fde29
25984,2022-04-17 16:00:00+00:00,640.6,16.37,uppsala,5f9fe38afd517828962fde29
25985,2022-04-17 17:00:00+00:00,433.1,5.64,uppsala,5f9fe38afd517828962fde29
25986,2022-04-17 18:00:00+00:00,32.7,0.01,uppsala,5f9fe38afd517828962fde29
25987,2022-04-17 19:00:00+00:00,0.0,0.0,uppsala,5f9fe38afd517828962fde29
25988,2022-04-17 20:00:00+00:00,0.0,0.0,uppsala,5f9fe38afd517828962fde29
25989,2022-04-17 21:00:00+00:00,0.0,0.0,uppsala,5f9fe38afd517828962fde29
25990,2022-04-17 22:00:00+00:00,0.0,0.0,uppsala,5f9fe38afd517828962fde29
25991,2022-04-17 23:00:00+00:00,0.0,0.0,uppsala,5f9fe38afd517828962fde29
25992,2022-04-18 00:00:00+00:00,0.0,0.0,uppsala,5f9fe38afd517828962fde29
25993,2022-04-18 01:00:00+00:00,0.0,0.0,uppsala,5f9fe38afd517828962fde29
25994,2022-04-18 02:00:00+00:00,0.0,0.0,uppsala,5f9fe38afd517828962fde29
25995,2022-04-18 03:00:00+00:00,0.0,0.5,uppsala,5f9fe38afd517828962fde29
25996,2022-04-18 04:00:00+00:00,181.7,8.94,uppsala,5f9fe38afd517828962fde29
25997,2022-04-18 05:00:00+00:00,494.1,25.01,uppsala,5f9fe38afd517828962fde29
25998,2022-04-18 06:00:00+00:00,673.2,42.17,uppsala,5f9fe38afd517828962fde29
25999,2022-04-18 07:00:00+00:00,779.2,57.82,uppsala,5f9fe38afd517828962fde29
26000,2022-04-18 08:00:00+00:00,840.3,69.86,uppsala,5f9fe38afd517828962fde29
26001,2022-04-18 09:00:00+00:00,878.1,77.07,uppsala,5f9fe38afd517828962fde29
26002,2022-04-18 10:00:00+00:00,896.9,79.59,uppsala,5f9fe38afd517828962fde29
26003,2022-04-18 11:00:00+00:00,896.8,76.97,uppsala,5f9fe38afd517828962fde29
26004,2022-04-18 12:00:00+00:00,881.5,71.1,uppsala,5f9fe38afd517828962fde29
26005,2022-04-18 13:00:00+00:00,108.0,56.07,uppsala,5f9fe38afd517828962fde29
26006,2022-04-18 14:00:00+00:00,801.6,39.97,uppsala,5f9fe38afd517828962fde29
26007,2022-04-18 15:00:00+00:00,750.0,26.54,uppsala,5f9fe38afd517828962fde29
26008,2022-04-18 16:00:00+00:00,527.1,14.74,uppsala,5f9fe38afd517828962fde29
26009,2022-04-18 17:00:00+00:00,318.8,4.05,uppsala,5f9fe38afd517828962fde29
26010,2022-04-18 18:00:00+00:00,6.4,0.02,uppsala,5f9fe38afd517828962fde29
26011,2022-04-18 19:00:00+00:00,0.0,0.0,uppsala,5f9fe38afd517828962fde29
26012,2022-04-18 20:00:00+00:00,0.0,0.0,uppsala,5f9fe38afd517828962fde29
26013,2022-04-18 21:00:00+00:00,0.0,0.0,uppsala,5f9fe38afd517828962fde29
26014,2022-04-18 22:00:00+00:00,0.0,0.0,uppsala,5f9fe38afd517828962fde29
26015,2022-04-18 23:00:00+00:00,0.0,0.0,uppsala,5f9fe38afd517828962fde29
26016,2022-04-19 00:00:00+00:00,0.0,0.0,uppsala,5f9fe38afd517828962fde29
26017,2022-04-19 01:00:00+00:00,0.0,0.0,uppsala,5f9fe38afd517828962fde29
26018,2022-04-19 02:00:00+00:00,0.0,0.0,uppsala,5f9fe38afd517828962fde29
26019,2022-04-19 03:00:00+00:00,0.0,1.04,uppsala,5f9fe38afd517828962fde29
26020,2022-04-19 04:00:00+00:00,260.5,10.24,uppsala,5f9fe38afd517828962fde29
26021,2022-04-19 05:00:00+00:00,570.7,25.71,uppsala,5f9fe38afd517828962fde29
26022,2022-04-19 06:00:00+00:00,722.5,43.85,uppsala,5f9fe38afd517828962fde29
26023,2022-04-19 07:00:00+00:00,807.2,59.45,uppsala,5f9fe38afd517828962fde29
26024,2022-04-19 08:00:00+00:00,856.2,71.85,uppsala,5f9fe38afd517828962fde29
26025,2022-04-19 09:00:00+00:00,887.9,79.19,uppsala,5f9fe38afd517828962fde29
26026,2022-04-19 10:00:00+00:00,905.1,81.99,uppsala,5f9fe38afd517828962fde29
26027,2022-04-19 11:00:00+00:00,907.9,78.36,uppsala,5f9fe38afd517828962fde29
26028,2022-04-19 12:00:00+00:00,897.7,72.67,uppsala,5f9fe38afd517828962fde29
26029,2022-04-19 13:00:00+00:00,873.7,62.43,uppsala,5f9fe38afd517828962fde29
26030,2022-04-19 14:00:00+00:00,834.2,49.05,uppsala,5f9fe38afd517828962fde29
26031,2022-04-19 15:00:00+00:00,836.5,33.19,uppsala,5f9fe38afd517828962fde29
26032,2022-04-19 16:00:00+00:00,742.8,17.67,uppsala,5f9fe38afd517828962fde29
26033,2022-04-19 17:00:00+00:00,567.8,6.02,uppsala,5f9fe38afd517828962fde29
26034,2022-04-19 18:00:00+00:00,160.6,0.16,uppsala,5f9fe38afd517828962fde29
26035,2022-04-19 19:00:00+00:00,0.0,0.0,uppsala,5f9fe38afd517828962fde29
26036,2022-04-19 20:00:00+00:00,0.0,0.0,uppsala,5f9fe38afd517828962fde29
26037,2022-04-19 21:00:00+00:00,0.0,0.0,uppsala,5f9fe38afd517828962fde29
26038,2022-04-19 22:00:00+00:00,0.0,0.0,uppsala,5f9fe38afd517828962fde29
26039,2022-04-19 23:00:00+00:00,0.0,0.0,uppsala,5f9fe38afd517828962fde29
26040,2022-04-20 00:00:00+00:00,0.0,0.0,uppsala,5f9fe38afd517828962fde29
26041,2022-04-20 01:00:00+00:00,0.0,0.0,uppsala,5f9fe38afd517828962fde29
26042,2022-04-20 02:00:00+00:00,0.0,0.0,uppsala,5f9fe38afd517828962fde29
26043,2022-04-20 03:00:00+00:00,0.0,1.08,uppsala,5f9fe38afd517828962fde29
26044,2022-04-20 04:00:00+00:00,247.7,10.48,uppsala,5f9fe38afd517828962fde29
26045,2022-04-20 05:00:00+00:00,533.9,26.02,uppsala,5f9fe38afd517828962fde29
26046,2022-04-20 06:00:00+00:00,677.0,44.01,uppsala,5f9fe38afd517828962fde29
26047,2022-04-20 07:00:00+00:00,760.8,58.47,uppsala,5f9fe38afd517828962fde29
26048,2022-04-20 08:00:00+00:00,756.7,71.59,uppsala,5f9fe38afd517828962fde29
26049,2022-04-20 09:00:00+00:00,841.4,79.93,uppsala,5f9fe38afd517828962fde29
26050,2022-04-20 10:00:00+00:00,860.7,83.56,uppsala,5f9fe38afd517828962fde29
26051,2022-04-20 11:00:00+00:00,871.8,78.73,uppsala,5f9fe38afd517828962fde29
26052,2022-04-20 12:00:00+00:00,874.0,72.55,uppsala,5f9fe38afd517828962fde29
26053,2022-04-20 13:00:00+00:00,857.5,61.85,uppsala,5f9fe38afd517828962fde29
26054,2022-04-20 14:00:00+00:00,822.0,47.34,uppsala,5f9fe38afd517828962fde29
26055,2022-04-20 15:00:00+00:00,812.1,28.73,uppsala,5f9fe38afd517828962fde29
26056,2022-04-20 16:00:00+00:00,701.5,17.16,uppsala,5f9fe38afd517828962fde29
26057,2022-04-20 17:00:00+00:00,501.9,5.12,uppsala,5f9fe38afd517828962fde29
26058,2022-04-20 18:00:00+00:00,87.8,0.24,uppsala,5f9fe38afd517828962fde29
26059,2022-04-20 19:00:00+00:00,0.0,0.0,uppsala,5f9fe38afd517828962fde29
26060,2022-04-20 20:00:00+00:00,0.0,0.0,uppsala,5f9fe38afd517828962fde29
26061,2022-04-20 21:00:00+00:00,0.0,0.0,uppsala,5f9fe38afd517828962fde29
26062,2022-04-20 22:00:00+00:00,0.0,0.0,uppsala,5f9fe38afd517828962fde29
26063,2022-04-20 23:00:00+00:00,0.0,0.0,uppsala,5f9fe38afd517828962fde29
26064,2022-04-21 00:00:00+00:00,0.0,0.0,uppsala,5f9fe38afd517828962fde29
26065,2022-04-21 01:00:00+00:00,0.0,0.0,uppsala,5f9fe38afd517828962fde29
26066,2022-04-21 02:00:00+00:00,0.0,0.0,uppsala,5f9fe38afd517828962fde29
26067,2022-04-21 03:00:00+00:00,0.0,1.72,uppsala,5f9fe38afd517828962fde29
26068,2022-04-21 04:00:00+00:00,267.6,11.88,uppsala,5f9fe38afd517828962fde29
26069,2022-04-21 05:00:00+00:00,555.9,27.37,uppsala,5f9fe38afd517828962fde29
26070,2022-04-21 06:00:00+00:00,709.8,43.71,uppsala,5f9fe38afd517828962fde29
26071,2022-04-21 07:00:00+00:00,779.8,60.12,uppsala,5f9fe38afd517828962fde29
26072,2022-04-21 08:00:00+00:00,857.9,71.92,uppsala,5f9fe38afd517828962fde29
26073,2022-04-21 09:00:00+00:00,894.4,83.24,uppsala,5f9fe38afd517828962fde29
26074,2022-04-21 10:00:00+00:00,914.1,85.17,uppsala,5f9fe38afd517828962fde29
26075,2022-04-21 11:00:00+00:00,904.7,81.17,uppsala,5f9fe38afd517828962fde29
26076,2022-04-21 12:00:00+00:00,909.8,75.74,uppsala,5f9fe38afd517828962fde29
26077,2022-04-21 13:00:00+00:00,909.2,63.37,uppsala,5f9fe38afd517828962fde29
26078,2022-04-21 14:00:00+00:00,881.9,51.12,uppsala,5f9fe38afd517828962fde29
26079,2022-04-21 15:00:00+00:00,841.2,34.66,uppsala,5f9fe38afd517828962fde29
26080,2022-04-21 16:00:00+00:00,748.1,18.17,uppsala,5f9fe38afd517828962fde29
26081,2022-04-21 17:00:00+00:00,570.0,6.64,uppsala,5f9fe38afd517828962fde29
26082,2022-04-21 18:00:00+00:00,183.4,0.17,uppsala,5f9fe38afd517828962fde29
26083,2022-04-21 19:00:00+00:00,0.0,0.0,uppsala,5f9fe38afd517828962fde29
26084,2022-04-21 20:00:00+00:00,0.0,0.0,uppsala,5f9fe38afd517828962fde29
26085,2022-04-21 21:00:00+00:00,0.0,0.0,uppsala,5f9fe38afd517828962fde29
26086,2022-04-21 22:00:00+00:00,0.0,0.0,uppsala,5f9fe38afd517828962fde29
26087,2022-04-21 23:00:00+00:00,0.0,0.0,uppsala,5f9fe38afd517828962fde29
26088,2022-04-22 00:00:00+00:00,0.0,0.0,uppsala,5f9fe38afd517828962fde29
26089,2022-04-22 01:00:00+00:00,0.0,0.0,uppsala,5f9fe38afd517828962fde29
26090,2022-04-22 02:00:00+00:00,0.0,0.0,uppsala,5f9fe38afd517828962fde29
26091,2022-04-22 03:00:00+00:00,0.0,1.68,uppsala,5f9fe38afd517828962fde29
26092,2022-04-22 04:00:00+00:00,321.3,11.93,uppsala,5f9fe38afd517828962fde29
26093,2022-04-22 05:00:00+00:00,604.1,27.86,uppsala,5f9fe38afd517828962fde29
26094,2022-04-22 06:00:00+00:00,746.9,46.04,uppsala,5f9fe38afd517828962fde29
26095,2022-04-22 07:00:00+00:00,827.4,61.55,uppsala,5f9fe38afd517828962fde29
26096,2022-04-22 08:00:00+00:00,874.9,73.72,uppsala,5f9fe38afd517828962fde29
26097,2022-04-22 09:00:00+00:00,900.0,81.34,uppsala,5f9fe38afd517828962fde29
26098,2022-04-22 10:00:00+00:00,913.5,83.89,uppsala,5f9fe38afd517828962fde29
26099,2022-04-22 11:00:00+00:00,917.6,80.37,uppsala,5f9fe38afd517828962fde29
26100,2022-04-22 12:00:00+00:00,905.9,75.4,uppsala,5f9fe38afd517828962fde29
26101,2022-04-22 13:00:00+00:00,885.7,65.52,uppsala,5f9fe38afd517828962fde29
26102,2022-04-22 14:00:00+00:00,843.9,51.53,uppsala,5f9fe38afd517828962fde29
26103,2022-04-22 15:00:00+00:00,810.0,35.46,uppsala,5f9fe38afd517828962fde29
26104,2022-04-22 16:00:00+00:00,700.9,19.73,uppsala,5f9fe38afd517828962fde29
26105,2022-04-22 17:00:00+00:00,503.6,6.74,uppsala,5f9fe38afd517828962fde29
26106,2022-04-22 18:00:00+00:00,8.9,0.57,uppsala,5f9fe38afd517828962fde29
26107,2022-04-22 19:00:00+00:00,0.0,0.0,uppsala,5f9fe38afd517828962fde29
26108,2022-04-22 20:00:00+00:00,0.0,0.0,uppsala,5f9fe38afd517828962fde29
26109,2022-04-22 21:00:00+00:00,0.0,0.0,uppsala,5f9fe38afd517828962fde29
26110,2022-04-22 22:00:00+00:00,0.0,0.0,uppsala,5f9fe38afd517828962fde29
26111,2022-04-22 23:00:00+00:00,0.0,0.0,uppsala,5f9fe38afd517828962fde29
26112,2022-04-23 00:00:00+00:00,0.0,0.0,uppsala,5f9fe38afd517828962fde29
26113,2022-04-23 01:00:00+00:00,0.0,0.0,uppsala,5f9fe38afd517828962fde29
26114,2022-04-23 02:00:00+00:00,0.0,0.0,uppsala,5f9fe38afd517828962fde29
26115,2022-04-23 03:00:00+00:00,0.0,1.7,uppsala,5f9fe38afd517828962fde29
26116,2022-04-23 04:00:00+00:00,0.6000000000000001,11.15,uppsala,5f9fe38afd517828962fde29
26117,2022-04-23 05:00:00+00:00,524.8,19.52,uppsala,5f9fe38afd517828962fde29
26118,2022-04-23 06:00:00+00:00,673.4,35.3,uppsala,5f9fe38afd517828962fde29
26119,2022-04-23 07:00:00+00:00,745.2,41.41,uppsala,5f9fe38afd517828962fde29
26120,2022-04-23 08:00:00+00:00,14.5,44.93,uppsala,5f9fe38afd517828962fde29
26121,2022-04-23 09:00:00+00:00,12.7,44.39,uppsala,5f9fe38afd517828962fde29
26122,2022-04-23 10:00:00+00:00,11.2,28.72,uppsala,5f9fe38afd517828962fde29
26123,2022-04-23 11:00:00+00:00,814.6,70.83,uppsala,5f9fe38afd517828962fde29
26124,2022-04-23 12:00:00+00:00,870.7,79.79,uppsala,5f9fe38afd517828962fde29
26125,2022-04-23 13:00:00+00:00,827.3,68.44,uppsala,5f9fe38afd517828962fde29
26126,2022-04-23 14:00:00+00:00,660.7,47.87,uppsala,5f9fe38afd517828962fde29
26127,2022-04-23 15:00:00+00:00,659.3,29.82,uppsala,5f9fe38afd517828962fde29
26128,2022-04-23 16:00:00+00:00,117.5,11.11,uppsala,5f9fe38afd517828962fde29
26129,2022-04-23 17:00:00+00:00,169.5,4.67,uppsala,5f9fe38afd517828962fde29
26130,2022-04-23 18:00:00+00:00,0.0,0.52,uppsala,5f9fe38afd517828962fde29
26131,2022-04-23 19:00:00+00:00,0.0,0.0,uppsala,5f9fe38afd517828962fde29
26132,2022-04-23 20:00:00+00:00,0.0,0.0,uppsala,5f9fe38afd517828962fde29
26133,2022-04-23 21:00:00+00:00,0.0,0.0,uppsala,5f9fe38afd517828962fde29
26134,2022-04-23 22:00:00+00:00,0.0,0.0,uppsala,5f9fe38afd517828962fde29
26135,2022-04-23 23:00:00+00:00,0.0,0.0,uppsala,5f9fe38afd517828962fde29
26136,2022-04-24 00:00:00+00:00,0.0,0.0,uppsala,5f9fe38afd517828962fde29
26137,2022-04-24 01:00:00+00:00,0.0,0.0,uppsala,5f9fe38afd517828962fde29
26138,2022-04-24 02:00:00+00:00,0.0,0.0,uppsala,5f9fe38afd517828962fde29
26139,2022-04-24 03:00:00+00:00,0.0,1.19,uppsala,5f9fe38afd517828962fde29
26140,2022-04-24 04:00:00+00:00,429.1,5.86,uppsala,5f9fe38afd517828962fde29
26141,2022-04-24 05:00:00+00:00,34.9,11.57,uppsala,5f9fe38afd517828962fde29
26142,2022-04-24 06:00:00+00:00,8.6,14.37,uppsala,5f9fe38afd517828962fde29
26143,2022-04-24 07:00:00+00:00,132.8,28.83,uppsala,5f9fe38afd517828962fde29
26144,2022-04-24 08:00:00+00:00,11.7,32.66,uppsala,5f9fe38afd517828962fde29
26145,2022-04-24 09:00:00+00:00,78.4,50.9,uppsala,5f9fe38afd517828962fde29
26146,2022-04-24 10:00:00+00:00,114.7,65.14,uppsala,5f9fe38afd517828962fde29
26147,2022-04-24 11:00:00+00:00,603.1,77.36,uppsala,5f9fe38afd517828962fde29
26148,2022-04-24 12:00:00+00:00,561.4,76.53,uppsala,5f9fe38afd517828962fde29
26149,2022-04-24 13:00:00+00:00,495.3,61.51,uppsala,5f9fe38afd517828962fde29
26150,2022-04-24 14:00:00+00:00,880.6,52.05,uppsala,5f9fe38afd517828962fde29
26151,2022-04-24 15:00:00+00:00,841.1,37.07,uppsala,5f9fe38afd517828962fde29
26152,2022-04-24 16:00:00+00:00,750.9,21.05,uppsala,5f9fe38afd517828962fde29
26153,2022-04-24 17:00:00+00:00,583.8,8.23,uppsala,5f9fe38afd517828962fde29
26154,2022-04-24 18:00:00+00:00,231.7,0.65,uppsala,5f9fe38afd517828962fde29
26155,2022-04-24 19:00:00+00:00,0.0,0.0,uppsala,5f9fe38afd517828962fde29
26156,2022-04-24 20:00:00+00:00,0.0,0.0,uppsala,5f9fe38afd517828962fde29
26157,2022-04-24 21:00:00+00:00,0.0,0.0,uppsala,5f9fe38afd517828962fde29
26158,2022-04-24 22:00:00+00:00,0.0,0.0,uppsala,5f9fe38afd517828962fde29
26159,2022-04-24 23:00:00+00:00,0.0,0.0,uppsala,5f9fe38afd517828962fde29
26160,2022-04-25 00:00:00+00:00,0.0,0.0,uppsala,5f9fe38afd517828962fde29
26161,2022-04-25 01:00:00+00:00,0.0,0.0,uppsala,5f9fe38afd517828962fde29
26162,2022-04-25 02:00:00+00:00,0.0,0.0,uppsala,5f9fe38afd517828962fde29
26163,2022-04-25 03:00:00+00:00,0.0,2.96,uppsala,5f9fe38afd517828962fde29
26164,2022-04-25 04:00:00+00:00,409.9,14.18,uppsala,5f9fe38afd517828962fde29
26165,2022-04-25 05:00:00+00:00,662.3,30.32,uppsala,5f9fe38afd517828962fde29
26166,2022-04-25 06:00:00+00:00,796.2,48.79,uppsala,5f9fe38afd517828962fde29
26167,2022-04-25 07:00:00+00:00,871.4,64.01,uppsala,5f9fe38afd517828962fde29
26168,2022-04-25 08:00:00+00:00,918.6,78.1,uppsala,5f9fe38afd517828962fde29
26169,2022-04-25 09:00:00+00:00,946.4,77.94,uppsala,5f9fe38afd517828962fde29
26170,2022-04-25 10:00:00+00:00,958.7,85.91,uppsala,5f9fe38afd517828962fde29
26171,2022-04-25 11:00:00+00:00,951.7,81.29,uppsala,5f9fe38afd517828962fde29
26172,2022-04-25 12:00:00+00:00,936.0,78.48,uppsala,5f9fe38afd517828962fde29
26173,2022-04-25 13:00:00+00:00,887.9,55.75,uppsala,5f9fe38afd517828962fde29
26174,2022-04-25 14:00:00+00:00,811.3,37.05,uppsala,5f9fe38afd517828962fde29
26175,2022-04-25 15:00:00+00:00,718.9,27.72,uppsala,5f9fe38afd517828962fde29
26176,2022-04-25 16:00:00+00:00,569.6,18.99,uppsala,5f9fe38afd517828962fde29
26177,2022-04-25 17:00:00+00:00,385.9,5.42,uppsala,5f9fe38afd517828962fde29
26178,2022-04-25 18:00:00+00:00,16.1,0.37,uppsala,5f9fe38afd517828962fde29
26179,2022-04-25 19:00:00+00:00,0.0,0.0,uppsala,5f9fe38afd517828962fde29
26180,2022-04-25 20:00:00+00:00,0.0,0.0,uppsala,5f9fe38afd517828962fde29
26181,2022-04-25 21:00:00+00:00,0.0,0.0,uppsala,5f9fe38afd517828962fde29
26182,2022-04-25 22:00:00+00:00,0.0,0.0,uppsala,5f9fe38afd517828962fde29
26183,2022-04-25 23:00:00+00:00,0.0,0.0,uppsala,5f9fe38afd517828962fde29
26184,2022-04-26 00:00:00+00:00,0.0,0.0,uppsala,5f9fe38afd517828962fde29
26185,2022-04-26 01:00:00+00:00,0.0,0.0,uppsala,5f9fe38afd517828962fde29
26186,2022-04-26 02:00:00+00:00,0.0,0.0,uppsala,5f9fe38afd517828962fde29
26187,2022-04-26 03:00:00+00:00,0.0,2.69,uppsala,5f9fe38afd517828962fde29
26188,2022-04-26 04:00:00+00:00,384.2,14.1,uppsala,5f9fe38afd517828962fde29
26189,2022-04-26 05:00:00+00:00,627.6,30.8,uppsala,5f9fe38afd517828962fde29
26190,2022-04-26 06:00:00+00:00,741.1,48.32,uppsala,5f9fe38afd517828962fde29
26191,2022-04-26 07:00:00+00:00,45.0,56.13,uppsala,5f9fe38afd517828962fde29
26192,2022-04-26 08:00:00+00:00,147.6,81.2,uppsala,5f9fe38afd517828962fde29
26193,2022-04-26 09:00:00+00:00,660.7,55.35,uppsala,5f9fe38afd517828962fde29
26194,2022-04-26 10:00:00+00:00,147.1,64.57,uppsala,5f9fe38afd517828962fde29
26195,2022-04-26 11:00:00+00:00,340.6,46.7,uppsala,5f9fe38afd517828962fde29
26196,2022-04-26 12:00:00+00:00,336.0,51.57,uppsala,5f9fe38afd517828962fde29
26197,2022-04-26 13:00:00+00:00,11.6,45.86,uppsala,5f9fe38afd517828962fde29
26198,2022-04-26 14:00:00+00:00,10.1,38.15,uppsala,5f9fe38afd517828962fde29
26199,2022-04-26 15:00:00+00:00,43.2,18.03,uppsala,5f9fe38afd517828962fde29
26200,2022-04-26 16:00:00+00:00,300.2,12.07,uppsala,5f9fe38afd517828962fde29
26201,2022-04-26 17:00:00+00:00,9.5,4.55,uppsala,5f9fe38afd517828962fde29
26202,2022-04-26 18:00:00+00:00,110.1,0.24,uppsala,5f9fe38afd517828962fde29
26203,2022-04-26 19:00:00+00:00,0.0,0.0,uppsala,5f9fe38afd517828962fde29
26204,2022-04-26 20:00:00+00:00,0.0,0.0,uppsala,5f9fe38afd517828962fde29
26205,2022-04-26 21:00:00+00:00,0.0,0.0,uppsala,5f9fe38afd517828962fde29
26206,2022-04-26 22:00:00+00:00,0.0,0.0,uppsala,5f9fe38afd517828962fde29
26207,2022-04-26 23:00:00+00:00,0.0,0.0,uppsala,5f9fe38afd517828962fde29
26208,2022-04-27 00:00:00+00:00,0.0,0.0,uppsala,5f9fe38afd517828962fde29
26209,2022-04-27 01:00:00+00:00,0.0,0.0,uppsala,5f9fe38afd517828962fde29
26210,2022-04-27 02:00:00+00:00,0.0,0.0,uppsala,5f9fe38afd517828962fde29
26211,2022-04-27 03:00:00+00:00,0.0,3.45,uppsala,5f9fe38afd517828962fde29
26212,2022-04-27 04:00:00+00:00,181.1,11.37,uppsala,5f9fe38afd517828962fde29
26213,2022-04-27 05:00:00+00:00,608.6,23.28,uppsala,5f9fe38afd517828962fde29
26214,2022-04-27 06:00:00+00:00,733.7,50.06,uppsala,5f9fe38afd517828962fde29
26215,2022-04-27 07:00:00+00:00,802.2,54.96,uppsala,5f9fe38afd517828962fde29
26216,2022-04-27 08:00:00+00:00,19.6,73.11,uppsala,5f9fe38afd517828962fde29
26217,2022-04-27 09:00:00+00:00,81.2,77.18,uppsala,5f9fe38afd517828962fde29
26218,2022-04-27 10:00:00+00:00,680.3,57.04,uppsala,5f9fe38afd517828962fde29
26219,2022-04-27 11:00:00+00:00,749.5,80.91,uppsala,5f9fe38afd517828962fde29
26220,2022-04-27 12:00:00+00:00,68.0,60.3,uppsala,5f9fe38afd517828962fde29
26221,2022-04-27 13:00:00+00:00,336.0,47.46,uppsala,5f9fe38afd517828962fde29
26222,2022-04-27 14:00:00+00:00,162.6,31.15,uppsala,5f9fe38afd517828962fde29
26223,2022-04-27 15:00:00+00:00,8.6,14.36,uppsala,5f9fe38afd517828962fde29
26224,2022-04-27 16:00:00+00:00,57.3,13.44,uppsala,5f9fe38afd517828962fde29
26225,2022-04-27 17:00:00+00:00,3.1,7.54,uppsala,5f9fe38afd517828962fde29
26226,2022-04-27 18:00:00+00:00,77.0,0.29,uppsala,5f9fe38afd517828962fde29
26227,2022-04-27 19:00:00+00:00,0.0,0.0,uppsala,5f9fe38afd517828962fde29
26228,2022-04-27 20:00:00+00:00,0.0,0.0,uppsala,5f9fe38afd517828962fde29
26229,2022-04-27 21:00:00+00:00,0.0,0.0,uppsala,5f9fe38afd517828962fde29
26230,2022-04-27 22:00:00+00:00,0.0,0.0,uppsala,5f9fe38afd517828962fde29
26231,2022-04-27 23:00:00+00:00,0.0,0.0,uppsala,5f9fe38afd517828962fde29
26232,2022-04-28 00:00:00+00:00,0.0,0.0,uppsala,5f9fe38afd517828962fde29
26233,2022-04-28 01:00:00+00:00,0.0,0.0,uppsala,5f9fe38afd517828962fde29
26234,2022-04-28 02:00:00+00:00,0.0,0.0,uppsala,5f9fe38afd517828962fde29
26235,2022-04-28 03:00:00+00:00,0.0,1.1,uppsala,5f9fe38afd517828962fde29
26236,2022-04-28 04:00:00+00:00,27.5,7.96,uppsala,5f9fe38afd517828962fde29
26237,2022-04-28 05:00:00+00:00,26.0,19.49,uppsala,5f9fe38afd517828962fde29
26238,2022-04-28 06:00:00+00:00,53.8,45.41,uppsala,5f9fe38afd517828962fde29
26239,2022-04-28 07:00:00+00:00,101.6,54.28,uppsala,5f9fe38afd517828962fde29
26240,2022-04-28 08:00:00+00:00,10.1,35.24,uppsala,5f9fe38afd517828962fde29
26241,2022-04-28 09:00:00+00:00,407.4,45.02,uppsala,5f9fe38afd517828962fde29
26242,2022-04-28 10:00:00+00:00,625.3,69.23,uppsala,5f9fe38afd517828962fde29
26243,2022-04-28 11:00:00+00:00,636.7,64.38,uppsala,5f9fe38afd517828962fde29
26244,2022-04-28 12:00:00+00:00,724.0,65.93,uppsala,5f9fe38afd517828962fde29
26245,2022-04-28 13:00:00+00:00,115.4,51.03,uppsala,5f9fe38afd517828962fde29
26246,2022-04-28 14:00:00+00:00,53.2,48.8,uppsala,5f9fe38afd517828962fde29
26247,2022-04-28 15:00:00+00:00,777.8,20.38,uppsala,5f9fe38afd517828962fde29
26248,2022-04-28 16:00:00+00:00,173.3,11.81,uppsala,5f9fe38afd517828962fde29
26249,2022-04-28 17:00:00+00:00,194.0,4.65,uppsala,5f9fe38afd517828962fde29
26250,2022-04-28 18:00:00+00:00,0.2,0.51,uppsala,5f9fe38afd517828962fde29
26251,2022-04-28 19:00:00+00:00,0.0,0.0,uppsala,5f9fe38afd517828962fde29
26252,2022-04-28 20:00:00+00:00,0.0,0.0,uppsala,5f9fe38afd517828962fde29
26253,2022-04-28 21:00:00+00:00,0.0,0.0,uppsala,5f9fe38afd517828962fde29
26254,2022-04-28 22:00:00+00:00,0.0,0.0,uppsala,5f9fe38afd517828962fde29
26255,2022-04-28 23:00:00+00:00,0.0,0.0,uppsala,5f9fe38afd517828962fde29
26256,2022-04-29 00:00:00+00:00,0.0,0.0,uppsala,5f9fe38afd517828962fde29
26257,2022-04-29 01:00:00+00:00,0.0,0.0,uppsala,5f9fe38afd517828962fde29
26258,2022-04-29 02:00:00+00:00,0.0,0.0,uppsala,5f9fe38afd517828962fde29
26259,2022-04-29 03:00:00+00:00,0.0,4.32,uppsala,5f9fe38afd517828962fde29
26260,2022-04-29 04:00:00+00:00,4.6,10.73,uppsala,5f9fe38afd517828962fde29
26261,2022-04-29 05:00:00+00:00,322.5,19.31,uppsala,5f9fe38afd517828962fde29
26262,2022-04-29 06:00:00+00:00,218.1,32.0,uppsala,5f9fe38afd517828962fde29
26263,2022-04-29 07:00:00+00:00,21.1,40.69,uppsala,5f9fe38afd517828962fde29
26264,2022-04-29 08:00:00+00:00,692.5,51.66,uppsala,5f9fe38afd517828962fde29
26265,2022-04-29 09:00:00+00:00,16.6,75.11,uppsala,5f9fe38afd517828962fde29
26266,2022-04-29 10:00:00+00:00,629.5,75.48,uppsala,5f9fe38afd517828962fde29
26267,2022-04-29 11:00:00+00:00,13.1,78.11,uppsala,5f9fe38afd517828962fde29
26268,2022-04-29 12:00:00+00:00,927.1,56.48,uppsala,5f9fe38afd517828962fde29
26269,2022-04-29 13:00:00+00:00,17.3,36.56,uppsala,5f9fe38afd517828962fde29
26270,2022-04-29 14:00:00+00:00,10.7,26.33,uppsala,5f9fe38afd517828962fde29
26271,2022-04-29 15:00:00+00:00,10.5,14.68,uppsala,5f9fe38afd517828962fde29
26272,2022-04-29 16:00:00+00:00,4.6,10.62,uppsala,5f9fe38afd517828962fde29
26273,2022-04-29 17:00:00+00:00,0.30000000000000004,4.19,uppsala,5f9fe38afd517828962fde29
26274,2022-04-29 18:00:00+00:00,19.8,0.14,uppsala,5f9fe38afd517828962fde29
26275,2022-04-29 19:00:00+00:00,0.0,0.0,uppsala,5f9fe38afd517828962fde29
26276,2022-04-29 20:00:00+00:00,0.0,0.0,uppsala,5f9fe38afd517828962fde29
26277,2022-04-29 21:00:00+00:00,0.0,0.0,uppsala,5f9fe38afd517828962fde29
26278,2022-04-29 22:00:00+00:00,0.0,0.0,uppsala,5f9fe38afd517828962fde29
26279,2022-04-29 23:00:00+00:00,0.0,0.0,uppsala,5f9fe38afd517828962fde29
26280,2022-04-30 00:00:00+00:00,0.0,0.0,uppsala,5f9fe38afd517828962fde29
26281,2022-04-30 01:00:00+00:00,0.0,0.0,uppsala,5f9fe38afd517828962fde29
26282,2022-04-30 02:00:00+00:00,0.0,0.02,uppsala,5f9fe38afd517828962fde29
26283,2022-04-30 03:00:00+00:00,8.4,4.15,uppsala,5f9fe38afd517828962fde29
26284,2022-04-30 04:00:00+00:00,415.5,15.84,uppsala,5f9fe38afd517828962fde29
26285,2022-04-30 05:00:00+00:00,566.5,27.78,uppsala,5f9fe38afd517828962fde29
26286,2022-04-30 06:00:00+00:00,115.4,22.8,uppsala,5f9fe38afd517828962fde29
26287,2022-04-30 07:00:00+00:00,9.3,40.3,uppsala,5f9fe38afd517828962fde29
26288,2022-04-30 08:00:00+00:00,10.7,57.7,uppsala,5f9fe38afd517828962fde29
26289,2022-04-30 09:00:00+00:00,11.4,58.57,uppsala,5f9fe38afd517828962fde29
26290,2022-04-30 10:00:00+00:00,436.6,53.86,uppsala,5f9fe38afd517828962fde29
26291,2022-04-30 11:00:00+00:00,13.2,64.55,uppsala,5f9fe38afd517828962fde29
26292,2022-04-30 12:00:00+00:00,11.2,62.16,uppsala,5f9fe38afd517828962fde29
26293,2022-04-30 13:00:00+00:00,754.2,32.48,uppsala,5f9fe38afd517828962fde29
26294,2022-04-30 14:00:00+00:00,11.4,22.85,uppsala,5f9fe38afd517828962fde29
26295,2022-04-30 15:00:00+00:00,177.7,19.12,uppsala,5f9fe38afd517828962fde29
26296,2022-04-30 16:00:00+00:00,5.5,9.75,uppsala,5f9fe38afd517828962fde29
26297,2022-04-30 17:00:00+00:00,229.6,2.81,uppsala,5f9fe38afd517828962fde29
26298,2022-04-30 18:00:00+00:00,34.2,0.04,uppsala,5f9fe38afd517828962fde29
26299,2022-04-30 19:00:00+00:00,0.0,0.0,uppsala,5f9fe38afd517828962fde29
26300,2022-04-30 20:00:00+00:00,0.0,0.0,uppsala,5f9fe38afd517828962fde29
26301,2022-04-30 21:00:00+00:00,0.0,0.0,uppsala,5f9fe38afd517828962fde29
26302,2022-04-30 22:00:00+00:00,0.0,0.0,uppsala,5f9fe38afd517828962fde29
26303,2022-04-30 23:00:00+00:00,0.0,0.0,uppsala,5f9fe38afd517828962fde29
26304,2022-05-01 00:00:00+00:00,0.0,0.0,uppsala,5f9fe38afd517828962fde29
